timestamp,value
1626278412000,0.0
1626278442000,0.0
1626278472000,0.0
1626278502000,0.0
1626278532000,0.0
1626278562000,0.0
1626278592000,0.0
1626278622000,0.0
1626278652000,0.0
1626278682000,0.0
1626278712000,0.0
1626278742000,0.0
1626278772000,0.0
1626278802000,0.0
1626278832000,0.0
1626278862000,0.0
1626278892000,0.0
1626278922000,0.0
1626278952000,0.0
1626278982000,0.0
1626279012000,0.0
1626279042000,0.0
1626279072000,0.0
1626279102000,0.0
1626279132000,0.0
1626279162000,0.0
1626279192000,0.0
1626279222000,0.0
1626279252000,0.0
1626279282000,0.0
1626279312000,0.0
1626279342000,0.0
1626279372000,0.0
1626279402000,0.0
1626279432000,0.0
1626279462000,0.0
1626279492000,0.0
1626279522000,0.0
1626279552000,0.0
1626279582000,0.0
1626279612000,0.0
1626279642000,0.0
1626279672000,0.0
1626279702000,0.0
1626279732000,0.0
1626279762000,0.0
1626279792000,0.0
1626279822000,0.0
1626279852000,0.0
1626279882000,0.0
1626279912000,0.0
1626279942000,0.0
1626279972000,0.0
1626280002000,0.0
1626280032000,0.0
1626280062000,0.0
1626280092000,0.0
1626280122000,0.0
1626280152000,0.0
1626280182000,0.0
1626280212000,0.0
1626280242000,0.0
1626280272000,0.0
1626280302000,0.0
1626280332000,0.0
1626280362000,0.0
1626280392000,0.0
1626280422000,0.0
1626280452000,0.0
1626280482000,0.0
1626280512000,0.0
1626280542000,0.0
1626280572000,0.0
1626280602000,0.0
1626280632000,0.0
1626280662000,0.0
1626280692000,0.0
1626280722000,0.0
1626280752000,0.0
1626280782000,0.0
1626280812000,0.0
1626280842000,0.0
1626280872000,0.0
1626280902000,0.0
1626280932000,0.0
1626280962000,0.0
1626280992000,0.0
1626281022000,0.0
1626281052000,0.0
1626281082000,0.0
1626281112000,0.0
1626281142000,0.0
1626281172000,0.0
1626281202000,0.0
1626281232000,0.0
1626281262000,0.0
1626281292000,0.0
1626281322000,0.0
1626281352000,0.0
1626281382000,0.0
1626281412000,0.0
1626281442000,0.0
1626281472000,0.0
1626281502000,0.0
1626281532000,0.0
1626281562000,0.0
1626281592000,0.0
1626281622000,0.0
1626281652000,0.0
1626281682000,0.0
1626281712000,0.0
1626281742000,0.0
1626281772000,0.0
1626281802000,0.0
1626281832000,0.0
1626281862000,0.0
1626281892000,0.0
1626281922000,0.0
1626281952000,0.0
1626281982000,0.0
1626282012000,0.0
1626282042000,0.0
1626282072000,0.0
1626282102000,0.0
1626282132000,0.0
1626282162000,0.0
1626282192000,0.0
1626282222000,0.0
1626282252000,0.0
1626282282000,0.0
1626282312000,0.0
1626282342000,0.0
1626282372000,0.0
1626282402000,0.0
1626282432000,0.0
1626282462000,0.0
1626282492000,0.0
1626282522000,0.0
1626282552000,0.0
1626282582000,0.0
1626282612000,0.0
1626282642000,0.0
1626282672000,0.0
1626282702000,0.0
1626282732000,0.0
1626282762000,0.0
1626282792000,0.0
1626282822000,0.0
1626282852000,0.0
1626282882000,0.0
1626282912000,0.0
1626282942000,0.0
1626282972000,0.0
1626283002000,0.0
1626283032000,0.0
1626283062000,0.0
1626283092000,0.0
1626283122000,0.0
1626283152000,0.0
1626283182000,0.0
1626283212000,0.0
1626283242000,0.0
1626283272000,0.0
1626283302000,0.0
1626283332000,0.0
1626283362000,0.0
1626283392000,0.0
1626283422000,0.0
1626283452000,0.0
1626283482000,0.0
1626283512000,0.0
1626283542000,0.0
1626283572000,0.0
1626283602000,0.0
1626283632000,0.0
1626283662000,0.0
1626283692000,0.0
1626283722000,0.0
1626283752000,0.0
1626283782000,0.0
1626283812000,0.0002885808219178082
1626283842000,0.0
1626283872000,0.0
1626283902000,0.0
1626283932000,0.0
1626283962000,0.0
1626283992000,0.0
1626284022000,0.0
1626284052000,0.0
1626284082000,0.0
1626284112000,0.0
1626284142000,0.0
1626284172000,0.0
1626284202000,0.0
1626284232000,0.0
1626284262000,0.0
1626284292000,0.0
1626284322000,0.0
1626284352000,0.0
1626284382000,0.0
1626284412000,0.0
1626284442000,0.0
1626284472000,0.0
1626284502000,0.0
1626284532000,0.0
1626284562000,0.0
1626284592000,0.0
1626284622000,0.0
1626284652000,0.0
1626284682000,0.0
1626284712000,0.0
1626284742000,0.0
1626284772000,0.0
1626284802000,0.0
1626284832000,0.0
1626284862000,0.0
1626284892000,0.0
1626284922000,0.0
1626284952000,0.0
1626284982000,0.0
1626285012000,0.0
1626285042000,0.0
1626285072000,0.0
1626285102000,0.0
1626285132000,0.0
1626285162000,0.0
1626285192000,0.0
1626285222000,0.0
1626285252000,0.0
1626285282000,0.0
1626285312000,0.0
1626285342000,0.0
1626285372000,0.0
1626285402000,0.0001441857315598549
1626285432000,0.0
1626285462000,0.0
1626285492000,0.0
1626285522000,0.0
1626285552000,0.0
1626285582000,0.0
1626285612000,0.0
1626285642000,0.0
1626285672000,0.0
1626285702000,0.0
1626285732000,0.0
1626285762000,0.0
1626285792000,0.0
1626285822000,0.0
1626285852000,0.0
1626285882000,0.0
1626285912000,0.0
1626285942000,0.0
1626285972000,0.0
1626286002000,0.0
1626286032000,0.0
1626286062000,0.0
1626286092000,0.0
1626286122000,0.0
1626286152000,0.0
1626286182000,0.0
1626286212000,0.0
1626286242000,0.0
1626286272000,0.0
1626286302000,0.0
1626286332000,0.0
1626286362000,0.0
1626286392000,0.0
1626286422000,0.0
1626286452000,0.0
1626286482000,0.0
1626286512000,0.0
1626286542000,0.0
1626286572000,0.0
1626286602000,0.0
1626286632000,0.0
1626286662000,0.0
1626286692000,0.0
1626286722000,0.0
1626286752000,0.0
1626286782000,0.0
1626286812000,0.0
1626286842000,0.0
1626286872000,0.0
1626286902000,0.0
1626286932000,0.0
1626286962000,9.759044205495818e-05
1626286992000,0.0
1626287022000,0.0
1626287052000,0.0
1626287082000,0.0
1626287112000,0.0
1626287142000,0.0
1626287172000,0.0
1626287202000,0.0
1626287232000,0.0
1626287262000,0.0
1626287292000,0.0
1626287322000,0.0
1626287352000,0.0
1626287382000,0.0
1626287412000,0.0
1626287442000,0.0
1626287472000,0.0
1626287502000,0.0
1626287532000,0.0
1626287562000,0.0
1626287592000,0.0
1626287622000,0.0
1626287652000,0.0
1626287682000,0.0
1626287712000,0.0
1626287742000,0.0
1626287772000,0.0
1626287802000,0.0
1626287832000,0.0
1626287862000,0.0
1626287892000,0.0
1626287922000,0.0
1626287952000,0.0
1626287982000,0.0
1626288012000,0.0
1626288042000,0.0
1626288072000,0.0
1626288102000,0.0
1626288132000,0.0
1626288162000,0.0
1626288192000,0.0
1626288222000,0.0
1626288252000,0.0
1626288282000,0.0
1626288312000,0.0
1626288342000,0.0
1626288372000,0.0
1626288402000,0.0
1626288432000,0.0
1626288462000,0.0
1626288492000,0.0
1626288522000,0.0
1626288552000,0.0
1626288582000,0.0
1626288612000,0.0
1626288642000,0.0
1626288672000,0.0
1626288702000,0.0
1626288732000,0.0
1626288762000,0.0
1626288792000,0.0
1626288822000,0.0
1626288852000,0.0
1626288882000,0.0
1626288912000,0.0
1626288942000,0.0
1626288972000,0.0
1626289002000,0.0
1626289032000,0.0
1626289062000,0.0
1626289092000,0.0
1626289122000,0.0
1626289152000,0.0
1626289182000,0.0
1626289212000,0.0
1626289242000,0.0
1626289272000,0.0
1626289302000,0.0
1626289332000,0.0
1626289362000,0.0
1626289392000,0.0
1626289422000,0.0
1626289452000,0.0
1626289482000,0.0
1626289512000,0.0
1626289542000,0.0
1626289572000,0.0
1626289602000,0.0
1626289632000,0.0
1626289662000,0.0
1626289692000,0.0
1626289722000,0.0
1626289752000,0.0
1626289782000,0.0
1626289812000,0.0
1626289842000,0.0
1626289872000,0.0
1626289902000,0.0
1626289932000,0.0
1626289962000,0.0
1626289992000,0.0
1626290022000,0.0
1626290052000,0.0
1626290082000,0.0
1626290112000,0.0
1626290142000,0.0
1626290172000,0.0
1626290202000,0.0
1626290232000,0.0
1626290262000,0.0
1626290292000,0.0
1626290322000,0.0
1626290352000,0.0
1626290382000,0.0
1626290412000,0.0
1626290442000,0.0
1626290472000,0.0
1626290502000,0.0
1626290532000,0.0
1626290562000,0.0
1626290592000,0.0
1626290622000,0.0
1626290652000,0.0
1626290682000,0.0
1626290712000,0.0
1626290742000,0.0
1626290772000,0.0
1626290802000,0.0
1626290832000,0.0
1626290862000,0.0
1626290892000,0.0
1626290922000,0.0
1626290952000,0.0
1626290982000,0.0
1626291012000,0.0
1626291042000,0.0
1626291072000,0.0003025362962962963
1626291102000,0.0
1626291132000,0.0
1626291162000,0.0
1626291192000,0.0
1626291222000,0.0
1626291252000,0.0
1626291282000,0.0
1626291312000,0.0
1626291342000,0.0
1626291372000,0.0
1626291402000,0.0
1626291432000,0.0
1626291462000,0.0
1626291492000,0.0
1626291522000,0.0
1626291552000,0.0
1626291582000,0.0
1626291612000,0.0
1626291642000,0.0
1626291672000,0.0
1626291702000,0.0
1626291732000,0.0
1626291762000,0.0
1626291792000,0.0
1626291822000,0.0
1626291852000,0.0
1626291882000,0.0
1626291912000,0.0
1626291942000,0.0
1626291972000,0.0
1626292002000,0.0
1626292032000,0.0
1626292062000,0.0
1626292092000,0.0
1626292122000,0.0
1626292152000,0.0
1626292182000,0.0
1626292212000,0.0
1626292242000,0.0
1626292272000,0.0
1626292302000,0.0
1626292332000,0.0
1626292362000,0.0
1626292392000,0.0
1626292422000,0.0
1626292452000,0.0
1626292482000,0.0
1626292512000,0.0
1626292542000,0.0
1626292572000,0.0
1626292602000,0.0
1626292632000,0.0
1626292662000,0.0
1626292692000,0.0
1626292722000,0.0
1626292752000,0.0
1626292782000,0.0
1626292812000,0.0
1626292842000,0.0
1626292872000,0.0
1626292902000,0.0
1626292932000,0.0
1626292962000,0.0
1626292992000,0.0
1626293022000,0.0
1626293052000,0.0
1626293082000,0.0
1626293112000,0.0
1626293142000,0.0
1626293172000,0.0
1626293202000,0.0
1626293232000,0.0
1626293262000,0.0
1626293292000,0.0
1626293322000,0.0
1626293352000,0.0
1626293382000,0.0
1626293412000,0.0
1626293442000,0.0
1626293472000,0.0
1626293502000,0.0
1626293532000,0.0
1626293562000,0.0
1626293592000,0.0
1626293622000,0.0
1626293652000,0.0
1626293682000,0.0
1626293712000,0.0
1626293742000,0.0
1626293772000,0.0
1626293802000,0.0
1626293832000,0.0
1626293862000,0.0
1626293892000,0.0
1626293922000,0.0
1626293952000,0.0
1626293982000,0.0
1626294012000,0.0
1626294042000,0.0
1626294072000,0.0
1626294102000,0.0
1626294132000,0.0
1626294162000,0.0
1626294192000,0.0
1626294222000,0.0
1626294252000,0.0
1626294282000,0.0
1626294312000,0.0
1626294342000,0.0
1626294372000,0.0
1626294402000,0.0
1626294432000,0.0
1626294462000,0.0
1626294492000,0.0
1626294522000,0.0
1626294552000,0.0
1626294582000,0.0
1626294612000,0.0
1626294642000,0.0
1626294672000,0.0
1626294702000,0.0
1626294732000,0.0
1626294762000,0.0
1626294792000,0.0
1626294822000,0.0
1626294852000,0.0
1626294882000,0.0
1626294912000,0.0
1626294942000,0.0
1626294972000,0.0
1626295002000,0.0
1626295032000,0.0
1626295062000,0.0
1626295092000,0.0
1626295122000,0.0
1626295152000,0.0
1626295182000,0.0
1626295212000,0.0
1626295242000,0.0
1626295272000,0.0
1626295302000,0.0
1626295332000,0.0
1626295362000,0.0
1626295392000,0.0
1626295422000,0.0
1626295452000,0.0
1626295482000,0.0
1626295512000,0.0
1626295542000,0.0
1626295572000,0.0
1626295602000,0.0
1626295632000,0.0
1626295662000,0.0
1626295692000,0.0
1626295722000,0.0
1626295752000,0.0
1626295782000,0.0
1626295812000,0.0
1626295842000,0.0
1626295872000,0.0
1626295902000,0.0
1626295932000,0.0
1626295962000,0.0
1626295992000,0.0
1626296022000,0.0
1626296052000,0.0
1626296082000,0.0
1626296112000,0.0
1626296142000,0.0
1626296172000,0.0
1626296202000,0.0
1626296232000,0.0
1626296262000,0.0
1626296292000,0.0
1626296322000,0.0
1626296352000,0.0
1626296382000,0.0
1626296412000,0.0
1626296442000,0.0
1626296472000,0.0
1626296502000,0.0
1626296532000,0.0
1626296562000,0.0
1626296592000,0.0
1626296622000,0.0
1626296652000,0.0
1626296682000,0.0
1626296712000,0.0
1626296742000,0.0
1626296772000,0.0
1626296802000,0.0
1626296832000,0.0
1626296862000,0.0
1626296892000,0.0
1626296922000,0.0
1626296952000,0.0
1626296982000,0.0
1626297012000,0.0
1626297042000,0.0
1626297072000,0.0
1626297102000,0.0
1626297132000,0.0
1626297162000,0.0
1626297192000,0.0
1626297222000,0.0
1626297252000,0.0
1626297282000,0.0
1626297312000,0.0
1626297342000,0.0
1626297372000,0.0
1626297402000,0.0
1626297432000,0.0
1626297462000,0.0
1626297492000,0.0
1626297522000,0.0
1626297552000,0.0
1626297582000,0.0
1626297612000,0.0
1626297642000,0.0
1626297672000,0.0
1626297702000,0.0
1626297732000,0.0
1626297762000,0.0
1626297792000,0.0
1626297822000,0.0
1626297852000,0.0
1626297882000,0.0
1626297912000,0.0
1626297942000,0.0
1626297972000,0.0
1626298002000,0.0
1626298032000,0.0
1626298062000,0.0
1626298092000,0.0
1626298122000,0.0
1626298152000,0.0
1626298182000,0.0
1626298212000,0.0
1626298242000,0.0
1626298272000,0.0
1626298302000,0.0
1626298332000,0.0
1626298362000,0.0
1626298392000,0.0
1626298422000,0.0
1626298452000,0.0
1626298482000,0.0
1626298512000,0.0
1626298542000,0.0
1626298572000,0.0
1626298602000,0.0
1626298632000,0.0
1626298662000,0.0
1626298692000,0.0
1626298722000,0.0
1626298752000,0.0
1626298782000,0.0
1626298812000,0.0
1626298842000,0.0
1626298872000,0.0
1626298902000,0.0
1626298932000,0.0
1626298962000,0.0
1626298992000,0.0
1626299022000,0.0
1626299052000,0.0
1626299082000,0.0
1626299112000,0.0
1626299142000,0.0
1626299172000,0.0
1626299202000,0.0
1626299232000,0.0
1626299262000,0.0
1626299292000,0.0
1626299322000,0.0
1626299352000,0.0
1626299382000,0.0
1626299412000,0.0
1626299442000,0.0
1626299472000,0.0
1626299502000,0.0
1626299532000,0.0
1626299562000,0.0
1626299592000,0.0
1626299622000,0.0
1626299652000,0.0
1626299682000,0.0
1626299712000,0.0
1626299742000,0.0
1626299772000,0.0
1626299802000,0.0
1626299832000,0.0
1626299862000,0.0
1626299892000,0.0
1626299922000,0.0
1626299952000,0.0
1626299982000,0.0
1626300012000,0.0
1626300042000,0.0
1626300072000,0.0
1626300102000,0.0
1626300132000,0.0
1626300162000,0.0
1626300192000,0.0
1626300222000,0.0
1626300252000,0.0
1626300282000,0.0
1626300312000,0.0
1626300342000,0.0
1626300372000,0.0
1626300402000,0.0
1626300432000,0.0
1626300462000,0.0
1626300492000,0.0
1626300522000,0.0
1626300552000,0.0
1626300582000,0.0
1626300612000,0.0
1626300642000,0.0
1626300672000,0.0
1626300702000,0.0
1626300732000,0.0
1626300762000,0.0
1626300792000,0.0
1626300822000,0.0
1626300852000,0.0
1626300882000,0.0
1626300912000,0.0
1626300942000,0.0
1626300972000,0.0
1626301002000,0.0
1626301032000,0.0
1626301062000,0.0
1626301092000,0.0
1626301122000,0.0
1626301152000,0.0
1626301182000,0.0
1626301212000,0.0
1626301242000,0.0
1626301272000,0.0
1626301302000,0.0
1626301332000,0.0
1626301362000,0.0
1626301392000,0.0
1626301422000,0.0
1626301452000,0.0
1626301482000,0.0
1626301512000,0.0
1626301542000,0.0
1626301572000,0.0
1626301602000,0.0
1626301632000,0.0
1626301662000,0.0
1626301692000,0.0
1626301722000,0.0
1626301752000,0.0
1626301782000,0.0
1626301812000,0.0
1626301842000,0.0
1626301872000,0.0
1626301902000,0.0
1626301932000,0.0
1626301962000,0.0
1626301992000,0.0
1626302022000,0.0
1626302052000,0.0
1626302082000,0.0
1626302112000,0.0
1626302142000,0.0
1626302172000,0.0
1626302202000,0.0
1626302232000,0.0
1626302262000,0.0
1626302292000,0.0
1626302322000,0.0
1626302352000,0.0
1626302382000,0.0
1626302412000,0.0
1626302442000,0.0
1626302472000,0.0
1626302502000,0.0
1626302532000,0.0
1626302562000,0.0
1626302592000,0.0
1626302622000,0.0
1626302652000,0.0
1626302682000,0.0
1626302712000,0.0
1626302742000,0.0
1626302772000,0.0
1626302802000,0.0
1626302832000,0.0
1626302862000,0.0
1626302892000,0.0
1626302922000,0.0
1626302952000,0.0
1626302982000,0.0
1626303012000,0.0
1626303042000,0.0
1626303072000,0.0
1626303102000,0.0
1626303132000,0.0
1626303162000,0.0
1626303192000,0.0
1626303222000,0.0
1626303252000,0.0
1626303282000,0.0
1626303312000,0.0
1626303342000,0.0
1626303372000,0.0
1626303402000,0.0
1626303432000,0.0
1626303462000,0.0
1626303492000,0.0
1626303522000,0.0
1626303552000,0.0
1626303582000,0.0
1626303612000,0.0
1626303642000,0.0
1626303672000,0.0
1626303702000,0.0
1626303732000,0.0
1626303762000,0.0
1626303792000,0.0
1626303822000,0.0
1626303852000,0.0
1626303882000,0.0
1626303912000,0.0
1626303942000,0.0
1626303972000,0.0
1626304002000,0.0
1626304032000,0.0
1626304062000,0.0
1626304092000,0.0
1626304122000,0.0
1626304152000,0.0
1626304182000,0.0
1626304212000,0.0
1626304242000,0.0
1626304272000,0.0
1626304302000,0.0
1626304332000,0.0
1626304362000,0.0
1626304392000,0.0
1626304422000,0.0
1626304452000,0.0
1626304482000,0.0
1626304512000,0.0
1626304542000,0.0
1626304572000,0.0
1626304602000,0.0
1626304632000,0.0
1626304662000,0.0
1626304692000,0.0
1626304722000,0.0
1626304752000,0.0
1626304782000,0.0
1626304812000,0.0
1626304842000,0.0
1626304872000,0.0
1626304902000,0.0
1626304932000,0.0
1626304962000,0.0
1626304992000,0.0
1626305022000,0.0
1626305052000,0.0
1626305082000,0.0
1626305112000,0.0
1626305142000,0.0
1626305172000,0.0
1626305202000,0.0
1626305232000,0.0
1626305262000,0.0
1626305292000,0.0
1626305322000,0.0
1626305352000,0.0
1626305382000,0.0
1626305412000,0.0
1626305442000,0.0
1626305472000,0.0
1626305502000,0.0
1626305532000,0.0
1626305562000,0.0
1626305592000,0.0
1626305622000,0.0
1626305652000,0.0
1626305682000,0.0
1626305712000,0.0
1626305742000,0.0
1626305772000,0.00012270095238095237
1626305802000,0.0
1626305832000,0.0
1626305862000,0.0
1626305892000,0.0
1626305922000,0.0
1626305952000,0.0
1626305982000,0.0
1626306012000,0.0
1626306042000,0.0
1626306072000,0.0
1626306102000,0.0
1626306132000,0.0
1626306162000,0.0
1626306192000,0.0
1626306222000,0.0
1626306252000,0.0
1626306282000,0.0
1626306312000,0.0
1626306342000,0.0
1626306372000,0.0
1626306402000,0.0
1626306432000,0.0
1626306462000,0.0
1626306492000,0.0
1626306522000,0.0
1626306552000,0.0
1626306582000,0.0
1626306612000,0.0
1626306642000,0.0
1626306672000,0.0
1626306702000,0.0
1626306732000,0.0
1626306762000,0.0
1626306792000,0.0
1626306822000,0.0
1626306852000,0.0
1626306882000,0.0
1626306912000,0.0
1626306942000,0.0
1626306972000,0.0
1626307002000,0.0
1626307032000,0.0
1626307062000,0.0
1626307092000,0.0
1626307122000,0.0
1626307152000,0.0
1626307182000,0.0
1626307212000,0.0
1626307242000,0.0
1626307272000,0.0
1626307302000,0.0
1626307332000,0.0
1626307362000,0.0
1626307392000,0.0
1626307422000,0.0
1626307452000,0.0
1626307482000,0.0
1626307512000,0.0
1626307542000,0.0
1626307572000,0.0
1626307602000,0.0
1626307632000,0.0
1626307662000,0.0
1626307692000,0.0
1626307722000,0.0
1626307752000,0.0
1626307782000,0.0
1626307812000,0.0
1626307842000,0.0
1626307872000,0.0
1626307902000,0.0
1626307932000,0.0
1626307962000,0.0
1626307992000,0.0
1626308022000,0.0
1626308052000,0.0
1626308082000,0.0
1626308112000,0.0
1626308142000,0.0
1626308172000,0.0
1626308202000,0.0
1626308232000,0.0
1626308262000,0.0
1626308292000,0.0
1626308322000,0.0
1626308352000,0.0
1626308382000,0.0
1626308412000,0.0
1626308442000,0.0
1626308472000,0.0
1626308502000,0.0
1626308532000,0.0
1626308562000,0.0
1626308592000,0.0
1626308622000,0.0
1626308652000,0.0
1626308682000,0.0
1626308712000,0.0
1626308742000,0.0
1626308772000,0.0
1626308802000,0.0
1626308832000,0.0
1626308862000,0.0
1626308892000,0.0
1626308922000,0.0
1626308952000,0.0
1626308982000,0.0
1626309012000,0.0
1626309042000,0.0
1626309072000,0.0
1626309102000,0.0
1626309132000,0.0
1626309162000,0.0
1626309192000,0.0
1626309222000,0.0
1626309252000,0.0
1626309282000,0.0
1626309312000,0.0
1626309342000,0.0
1626309372000,0.0
1626309402000,0.0
1626309432000,0.0
1626309462000,0.0
1626309492000,0.0
1626309522000,0.0
1626309552000,0.0
1626309582000,0.0
1626309612000,0.0
1626309642000,0.0
1626309672000,0.0
1626309702000,0.0
1626309732000,0.0
1626309762000,0.0
1626309792000,0.0
1626309822000,0.0
1626309852000,0.0
1626309882000,0.0
1626309912000,0.0
1626309942000,0.0
1626309972000,0.0
1626310002000,0.0
1626310032000,0.0
1626310062000,0.0
1626310092000,0.0
1626310122000,0.0
1626310152000,0.0
1626310182000,0.0
1626310212000,0.0
1626310242000,0.0
1626310272000,0.0
1626310302000,0.0
1626310332000,0.0
1626310362000,0.0
1626310392000,0.0
1626310422000,0.0
1626310452000,0.0
1626310482000,0.0
1626310512000,0.0
1626310542000,0.0
1626310572000,0.0
1626310602000,0.0
1626310632000,0.0
1626310662000,0.0
1626310692000,0.0
1626310722000,0.0
1626310752000,0.0
1626310782000,0.0
1626310812000,0.0
1626310842000,0.0
1626310872000,0.0
1626310902000,0.0
1626310932000,0.0
1626310962000,0.0
1626310992000,0.0
1626311022000,0.0
1626311052000,0.0
1626311082000,0.0
1626311112000,0.0
1626311142000,0.0
1626311172000,0.0
1626311202000,0.0
1626311232000,0.0
1626311262000,0.0
1626311292000,0.0
1626311322000,0.0
1626311352000,0.0
1626311382000,0.0
1626311412000,0.0
1626311442000,0.0
1626311472000,0.0
1626311502000,0.0
1626311532000,0.0
1626311562000,0.0
1626311592000,0.0
1626311622000,0.0
1626311652000,0.0
1626311682000,0.0
1626311712000,0.0
1626311742000,0.0
1626311772000,0.0
1626311802000,0.0
1626311832000,0.0
1626311862000,0.0
1626311892000,0.0
1626311922000,0.0
1626311952000,0.0
1626311982000,0.0
1626312012000,0.0
1626312042000,0.0
1626312072000,0.0
1626312102000,0.0
1626312132000,0.0
1626312162000,0.0
1626312192000,0.0
1626312222000,0.0
1626312252000,0.0
1626312282000,0.0
1626312312000,0.0
1626312342000,0.0
1626312372000,0.0
1626312402000,0.0
1626312432000,0.0
1626312462000,0.0
1626312492000,0.0
1626312522000,0.0
1626312552000,0.0
1626312582000,0.0
1626312612000,0.0
1626312642000,0.0
1626312672000,0.0
1626312702000,0.0
1626312732000,0.0
1626312762000,0.0
1626312792000,0.0
1626312822000,0.0
1626312852000,0.0
1626312882000,0.0
1626312912000,0.0
1626312942000,0.0
1626312972000,0.0
1626313002000,0.0
1626313032000,0.0
1626313062000,0.0
1626313092000,0.0
1626313122000,0.0
1626313152000,0.0
1626313182000,0.0
1626313212000,0.0
1626313242000,0.0
1626313272000,0.0
1626313302000,0.0
1626313332000,0.0
1626313362000,0.0
1626313392000,0.0
1626313422000,0.0
1626313452000,0.0
1626313482000,0.0
1626313512000,0.0
1626313542000,0.0
1626313572000,0.0
1626313602000,0.0
1626313632000,0.0
1626313662000,0.0
1626313692000,0.0
1626313722000,0.0
1626313752000,0.0
1626313782000,0.0
1626313812000,0.0
1626313842000,0.0
1626313872000,0.0
1626313902000,0.0
1626313932000,0.0
1626313962000,0.0
1626313992000,0.0
1626314022000,0.0
1626314052000,0.0
1626314082000,0.0
1626314112000,0.0
1626314142000,0.0
1626314172000,0.0
1626314202000,0.0
1626314232000,0.0
1626314262000,0.0
1626314292000,0.0
1626314322000,0.0
1626314352000,0.0
1626314382000,0.0
1626314412000,0.0
1626314442000,0.0
1626314472000,0.0
1626314502000,0.0
1626314532000,0.0
1626314562000,0.0
1626314592000,0.0
1626314622000,0.0
1626314652000,0.0
1626314682000,0.0
1626314712000,0.0
1626314742000,0.0
1626314772000,0.0
1626314802000,0.0
1626314832000,0.0
1626314862000,0.0
1626314892000,0.0
1626314922000,0.0
1626314952000,0.0
1626314982000,0.0
1626315012000,0.0
1626315042000,0.0
1626315072000,0.0
1626315102000,0.0
1626315132000,0.0
1626315162000,0.0
1626315192000,0.0
1626315222000,0.0
1626315252000,0.0
1626315282000,0.0
1626315312000,0.0
1626315342000,0.0
1626315372000,0.0
1626315402000,0.0
1626315432000,0.0
1626315462000,0.0
1626315492000,0.0
1626315522000,0.0
1626315552000,0.0
1626315582000,0.0
1626315612000,0.0
1626315642000,0.0
1626315672000,0.0
1626315702000,0.0
1626315732000,0.0
1626315762000,0.0
1626315792000,0.0
1626315822000,0.0
1626315852000,0.0
1626315882000,0.0
1626315912000,0.0
1626315942000,0.0
1626315972000,0.0
1626316002000,0.0
1626316032000,0.0
1626316062000,0.0
1626316092000,0.0
1626316122000,0.0
1626316152000,0.0
1626316182000,0.0
1626316212000,0.0
1626316242000,0.0
1626316272000,0.0
1626316302000,0.0
1626316332000,0.0
1626316362000,0.0
1626316392000,0.0
1626316422000,0.0
1626316452000,0.0
1626316482000,0.0
1626316512000,0.0
1626316542000,0.0
1626316572000,0.0
1626316602000,0.0
1626316632000,0.0
1626316662000,0.0
1626316692000,0.0
1626316722000,0.0
1626316752000,0.0
1626316782000,0.0
1626316812000,0.0
1626316842000,0.0
1626316872000,0.0
1626316902000,0.0
1626316932000,0.0
1626316962000,0.0
1626316992000,0.0
1626317022000,0.0
1626317052000,0.0
1626317082000,0.0
1626317112000,0.0
1626317142000,0.0
1626317172000,0.0
1626317202000,0.0
1626317232000,0.0
1626317262000,0.0
1626317292000,0.0
1626317322000,0.0
1626317352000,0.0
1626317382000,0.0
1626317412000,0.0
1626317442000,0.0
1626317472000,0.0
1626317502000,0.0
1626317532000,0.0
1626317562000,0.0
1626317592000,0.0
1626317622000,0.0
1626317652000,0.0
1626317682000,0.0
1626317712000,0.0
1626317742000,0.0
1626317772000,0.0
1626317802000,0.0
1626317832000,0.0
1626317862000,0.0
1626317892000,0.0
1626317922000,0.0
1626317952000,0.0
1626317982000,0.0
1626318012000,0.0
1626318042000,0.0
1626318072000,0.0
1626318102000,0.0
1626318132000,0.0
1626318162000,0.0
1626318192000,0.0
1626318222000,0.0
1626318252000,0.0
1626318282000,0.0
1626318312000,0.0
1626318342000,0.0
1626318372000,0.0
1626318402000,0.0
1626318432000,0.0
1626318462000,0.0
1626318492000,0.0
1626318522000,0.0
1626318552000,0.0
1626318582000,0.0
1626318612000,0.0
1626318642000,0.0
1626318672000,0.0
1626318702000,0.0
1626318732000,0.0
1626318762000,0.0
1626318792000,0.0
1626318822000,0.0
1626318852000,0.0
1626318882000,0.0
1626318912000,0.0
1626318942000,0.0
1626318972000,0.0
1626319002000,0.0
1626319032000,0.0
1626319062000,0.0
1626319092000,0.00016119148936170213
1626319122000,0.0
1626319152000,0.0
1626319182000,0.0
1626319212000,0.0
1626319242000,0.0
1626319272000,0.0
1626319302000,0.0
1626319332000,0.0
1626319362000,0.0
1626319392000,0.0
1626319422000,0.0
1626319452000,0.0
1626319482000,0.0
1626319512000,0.0
1626319542000,0.0
1626319572000,0.0
1626319602000,0.0
1626319632000,0.0
1626319662000,0.0
1626319692000,0.0
1626319722000,0.0
1626319752000,0.0
1626319782000,0.0
1626319812000,0.0
1626319842000,0.0
1626319872000,0.0
1626319902000,0.0
1626319932000,0.0
1626319962000,0.0
1626319992000,0.0
1626320022000,0.0
1626320052000,0.0
1626320082000,0.0
1626320112000,0.0
1626320142000,0.0
1626320172000,0.0
1626320202000,0.0
1626320232000,0.0
1626320262000,0.0
1626320292000,0.0
1626320322000,0.0
1626320352000,0.0
1626320382000,0.0
1626320412000,0.0
1626320442000,0.0
1626320472000,0.0
1626320502000,0.0
1626320532000,0.0
1626320562000,0.0
1626320592000,0.0
1626320622000,0.0
1626320652000,0.0
1626320682000,0.0
1626320712000,0.0
1626320742000,0.0
1626320772000,0.0
1626320802000,0.0
1626320832000,0.0
1626320862000,0.0
1626320892000,0.0
1626320922000,0.0
1626320952000,0.0
1626320982000,0.0
1626321012000,0.0
1626321042000,0.0
1626321072000,0.0
1626321102000,0.0
1626321132000,0.0
1626321162000,0.0
1626321192000,0.0
1626321222000,0.0
1626321252000,0.0
1626321282000,0.0
1626321312000,0.0
1626321342000,0.0
1626321372000,0.0
1626321402000,0.0
1626321432000,0.0
1626321462000,0.0
1626321492000,0.0
1626321522000,0.0
1626321552000,0.0
1626321582000,0.0
1626321612000,0.0
1626321642000,0.0
1626321672000,0.0
1626321702000,0.0
1626321732000,0.0
1626321762000,0.0
1626321792000,0.0
1626321822000,0.0
1626321852000,0.0
1626321882000,0.0
1626321912000,0.0
1626321942000,0.0
1626321972000,0.0
1626322002000,0.0
1626322032000,0.0
1626322062000,0.0
1626322092000,0.0
1626322122000,0.0
1626322152000,0.0
1626322182000,0.0
1626322212000,0.0
1626322242000,0.0
1626322272000,0.0
1626322302000,0.0
1626322332000,0.0
1626322362000,0.0
1626322392000,0.0
1626322422000,0.0
1626322452000,0.0
1626322482000,0.0
1626322512000,0.0
1626322542000,0.0
1626322572000,0.0
1626322602000,0.0
1626322632000,0.0
1626322662000,0.0
1626322692000,0.0
1626322722000,0.0
1626322752000,0.0
1626322782000,0.0
1626322812000,0.0
1626322842000,0.0
1626322872000,0.0
1626322902000,0.0
1626322932000,0.0
1626322962000,0.0
1626322992000,0.0
1626323022000,0.0
1626323052000,0.0
1626323082000,0.0
1626323112000,0.0
1626323142000,0.0
1626323172000,0.0
1626323202000,0.0
1626323232000,0.0
1626323262000,0.0
1626323292000,0.0
1626323322000,0.0
1626323352000,0.0
1626323382000,0.0
1626323412000,0.0
1626323442000,0.0
1626323472000,0.0
1626323502000,0.0
1626323532000,0.0
1626323562000,0.0
1626323592000,0.0
1626323622000,0.0
1626323652000,0.0
1626323682000,0.0
1626323712000,0.0
1626323742000,0.0
1626323772000,0.0
1626323802000,0.0
1626323832000,0.0
1626323862000,0.0
1626323892000,0.0
1626323922000,0.0
1626323952000,0.0
1626323982000,0.0
1626324012000,0.0
1626324042000,0.0
1626324072000,0.0
1626324102000,0.0
1626324132000,0.0
1626324162000,0.0
1626324192000,0.0
1626324222000,0.0
1626324252000,0.0
1626324282000,0.0
1626324312000,0.0
1626324342000,0.0
1626324372000,0.0
1626324402000,0.0
1626324432000,0.0
1626324462000,0.0
1626324492000,0.0
1626324522000,0.0
1626324552000,0.0
1626324582000,0.0
1626324612000,0.0
1626324642000,0.0
1626324672000,0.0
1626324702000,0.0
1626324732000,0.0
1626324762000,0.0
1626324792000,0.0
1626324822000,0.0
1626324852000,0.0
1626324882000,0.0
1626324912000,0.0
1626324942000,0.0
1626324972000,0.0
1626325002000,0.0
1626325032000,0.0
1626325062000,0.0
1626325092000,0.0
1626325122000,0.0
1626325152000,0.0
1626325182000,0.0
1626325212000,0.0
1626325242000,0.0
1626325272000,0.0
1626325302000,0.0
1626325332000,0.0
1626325362000,0.0
1626325392000,0.0
1626325422000,0.0
1626325452000,0.0
1626325482000,0.0
1626325512000,0.0
1626325542000,0.0
1626325572000,0.0
1626325602000,0.0
1626325632000,0.0
1626325662000,0.0
1626325692000,0.0
1626325722000,0.0
1626325752000,0.0
1626325782000,0.0
1626325812000,0.0
1626325842000,0.0
1626325872000,0.0
1626325902000,0.0
1626325932000,0.0
1626325962000,0.0
1626325992000,0.0
1626326022000,0.0
1626326052000,0.0
1626326082000,0.0
1626326112000,0.0
1626326142000,0.0
1626326172000,0.0
1626326202000,0.0
1626326232000,0.0
1626326262000,0.0
1626326292000,0.0
1626326322000,0.0
1626326352000,0.0
1626326382000,0.0
1626326412000,0.0
1626326442000,0.0
1626326472000,0.0
1626326502000,0.0
1626326532000,0.0
1626326562000,0.0
1626326592000,0.0
1626326622000,0.0
1626326652000,0.0
1626326682000,0.0
1626326712000,0.0
1626326742000,0.00016148019323671497
1626326772000,0.0
1626326802000,0.0
1626326832000,0.0
1626326862000,0.0
1626326892000,0.0
1626326922000,0.0
1626326952000,0.0
1626326982000,0.0
1626327012000,0.0
1626327042000,0.0
1626327072000,0.0
1626327102000,0.0
1626327132000,0.0
1626327162000,0.0
1626327192000,0.0
1626327222000,0.0
1626327252000,0.0
1626327282000,0.0
1626327312000,0.0
1626327342000,0.0
1626327372000,0.0
1626327402000,0.0
1626327432000,0.0
1626327462000,0.0
1626327492000,0.0
1626327522000,0.0
1626327552000,0.0
1626327582000,0.0
1626327612000,0.0
1626327642000,0.0
1626327672000,0.0
1626327702000,0.0
1626327732000,0.0
1626327762000,0.0
1626327792000,0.0
1626327822000,0.0
1626327852000,0.0
1626327882000,0.0
1626327912000,0.0
1626327942000,0.0
1626327972000,0.0
1626328002000,0.0
1626328032000,0.0
1626328062000,0.0
1626328092000,0.0
1626328122000,0.0
1626328152000,0.0
1626328182000,0.0
1626328212000,0.0
1626328242000,0.0
1626328272000,0.0
1626328302000,0.0
1626328332000,0.0
1626328362000,0.0
1626328392000,0.0
1626328422000,0.0
1626328452000,0.0
1626328482000,0.0
1626328512000,0.0
1626328542000,0.0
1626328572000,0.0
1626328602000,0.0
1626328632000,0.0
1626328662000,0.0
1626328692000,0.0
1626328722000,0.0
1626328752000,0.0
1626328782000,0.0
1626328812000,0.0
1626328842000,0.0
1626328872000,0.0
1626328902000,0.0
1626328932000,0.0002819227383863081
1626328962000,0.0
1626328992000,0.0
1626329022000,0.0007071704433497537
1626329052000,0.0
1626329082000,0.0
1626329112000,0.0
1626329142000,0.0
1626329172000,0.0
1626329202000,0.0
1626329232000,0.0
1626329262000,0.0
1626329292000,0.0
1626329322000,0.0
1626329352000,0.0
1626329382000,0.0
1626329412000,0.0
1626329442000,0.0
1626329472000,0.0
1626329502000,0.0
1626329532000,0.0
1626329562000,0.0
1626329592000,0.0
1626329622000,0.0
1626329652000,0.0
1626329682000,0.0
1626329712000,0.0
1626329742000,0.0
1626329772000,0.0
1626329802000,0.0
1626329832000,0.0
1626329862000,0.0
1626329892000,0.0
1626329922000,0.0
1626329952000,0.0
1626329982000,0.0
1626330012000,0.0
1626330042000,0.0
1626330072000,0.0
1626330102000,0.0
1626330132000,0.0
1626330162000,0.0
1626330192000,0.0
1626330222000,0.0
1626330252000,0.0
1626330282000,0.0
1626330312000,0.0
1626330342000,0.0
1626330372000,0.0
1626330402000,0.0
1626330432000,0.0
1626330462000,0.0
1626330492000,0.0
1626330522000,0.0
1626330552000,0.0
1626330582000,0.0
1626330612000,0.0
1626330642000,0.0
1626330672000,0.0
1626330702000,0.0
1626330732000,0.0
1626330762000,0.0
1626330792000,0.0
1626330822000,0.0
1626330852000,0.0
1626330882000,0.0
1626330912000,0.0
1626330942000,0.0
1626330972000,0.0
1626331002000,0.0
1626331032000,0.0
1626331062000,0.0
1626331092000,0.0
1626331122000,0.0
1626331152000,0.0
1626331182000,0.0
1626331212000,0.0
1626331242000,0.0
1626331272000,0.0
1626331302000,0.0
1626331332000,0.0
1626331362000,0.0
1626331392000,0.0
1626331422000,0.0
1626331452000,0.0
1626331482000,0.0
1626331512000,0.0
1626331542000,0.0
1626331572000,0.0
1626331602000,0.0
1626331632000,0.0
1626331662000,0.0
1626331692000,0.0
1626331722000,0.0
1626331752000,0.0
1626331782000,0.0
1626331812000,0.0
1626331842000,0.0
1626331872000,0.0
1626331902000,0.0
1626331932000,0.0
1626331962000,0.0
1626331992000,0.0
1626332022000,0.0
1626332052000,0.0
1626332082000,0.0
1626332112000,0.0
1626332142000,0.0
1626332172000,0.0
1626332202000,0.0
1626332232000,0.0
1626332262000,0.0
1626332292000,0.00015400977995110024
1626332322000,0.0
1626332352000,0.0
1626332382000,0.0
1626332412000,0.0
1626332442000,0.0
1626332472000,0.0
1626332502000,0.0
1626332532000,0.0
1626332562000,0.0
1626332592000,0.0
1626332622000,0.0
1626332652000,0.0
1626332682000,0.0
1626332712000,0.0
1626332742000,0.0
1626332772000,0.0
1626332802000,0.0
1626332832000,0.0
1626332862000,0.0
1626332892000,0.0
1626332922000,0.0
1626332952000,0.0
1626332982000,0.0
1626333012000,0.0
1626333042000,0.0
1626333072000,0.0
1626333102000,0.0
1626333132000,0.0
1626333162000,0.0
1626333192000,0.0
1626333222000,0.0
1626333252000,0.0
1626333282000,0.0
1626333312000,0.0
1626333342000,0.0
1626333372000,0.0
1626333402000,0.0
1626333432000,0.0
1626333462000,0.0
1626333492000,0.0
1626333522000,0.0
1626333552000,0.0
1626333582000,0.0
1626333612000,0.0
1626333642000,0.0
1626333672000,0.0
1626333702000,0.0
1626333732000,0.0
1626333762000,0.0
1626333792000,0.0
1626333822000,0.0
1626333852000,0.0
1626333882000,0.0
1626333912000,0.0
1626333942000,0.0
1626333972000,0.0
1626334002000,0.0
1626334032000,0.0
1626334062000,0.0
1626334092000,0.0
1626334122000,0.0
1626334152000,0.0
1626334182000,0.0
1626334212000,0.0
1626334242000,0.0
1626334272000,0.0
1626334302000,0.0
1626334332000,0.0
1626334362000,0.0
1626334392000,0.0
1626334422000,0.0
1626334452000,0.0
1626334482000,0.0
1626334512000,0.0
1626334542000,0.0
1626334572000,0.0
1626334602000,0.0
1626334632000,0.0
1626334662000,0.0
1626334692000,0.0
1626334722000,0.0
1626334752000,0.0
1626334782000,0.0
1626334812000,0.0
1626334842000,0.0
1626334872000,0.0
1626334902000,0.0
1626334932000,0.0
1626334962000,0.0
1626334992000,0.0
1626335022000,0.0
1626335052000,0.0
1626335082000,0.0
1626335112000,0.0
1626335142000,0.0
1626335172000,0.0
1626335202000,0.0
1626335232000,0.0
1626335262000,0.0
1626335292000,0.0
1626335322000,0.0
1626335352000,0.0
1626335382000,0.0
1626335412000,0.0
1626335442000,0.0
1626335472000,0.0
1626335502000,0.0
1626335532000,0.0
1626335562000,0.0
1626335592000,0.0
1626335622000,0.0
1626335652000,0.0
1626335682000,0.0
1626335712000,0.0
1626335742000,0.0
1626335772000,0.0
1626335802000,0.0
1626335832000,0.0
1626335862000,0.0
1626335892000,0.0
1626335922000,0.0
1626335952000,0.0
1626335982000,0.0
1626336012000,0.0
1626336042000,0.0
1626336072000,0.0
1626336102000,0.0
1626336132000,0.0
1626336162000,0.0
1626336192000,0.0
1626336222000,0.0
1626336252000,0.0
1626336282000,0.0
1626336312000,0.0
1626336342000,0.0
1626336372000,0.0
1626336402000,0.0
1626336432000,0.0
1626336462000,0.0
1626336492000,0.0
1626336522000,0.0
1626336552000,0.0
1626336582000,0.0
1626336612000,0.0
1626336642000,0.0
1626336672000,0.0
1626336702000,0.0
1626336732000,0.0
1626336762000,0.0
1626336792000,0.0
1626336822000,0.0
1626336852000,0.0
1626336882000,0.0
1626336912000,0.0
1626336942000,0.0
1626336972000,0.0
1626337002000,0.0
1626337032000,0.0
1626337062000,0.0
1626337092000,0.0
1626337122000,0.0
1626337152000,0.0
1626337182000,0.0
1626337212000,0.0
1626337242000,0.0
1626337272000,0.0
1626337302000,0.0
1626337332000,0.0
1626337362000,0.0
1626337392000,0.0
1626337422000,0.0
1626337452000,0.0
1626337482000,0.0
1626337512000,0.0
1626337542000,0.0
1626337572000,0.0
1626337602000,0.0
1626337632000,0.0
1626337662000,0.0
1626337692000,0.0
1626337722000,0.0
1626337752000,0.0
1626337782000,0.0
1626337812000,0.0
1626337842000,0.0
1626337872000,0.0
1626337902000,0.0
1626337932000,0.0
1626337962000,0.0
1626337992000,0.0
1626338022000,0.0
1626338052000,0.0
1626338082000,0.0
1626338112000,0.0
1626338142000,0.0
1626338172000,0.0
1626338202000,0.0
1626338232000,0.0
1626338262000,0.0
1626338292000,0.0
1626338322000,0.0
1626338352000,0.0
1626338382000,0.0
1626338412000,0.0
1626338442000,0.0
1626338472000,0.0
1626338502000,0.0
1626338532000,0.0
1626338562000,0.0
1626338592000,0.0
1626338622000,0.0
1626338652000,0.0
1626338682000,0.0
1626338712000,0.0
1626338742000,0.0
1626338772000,0.0
1626338802000,0.0
1626338832000,0.0
1626338862000,0.0
1626338892000,0.0
1626338922000,0.0
1626338952000,0.0
1626338982000,0.0
1626339012000,0.0
1626339042000,0.0
1626339072000,0.0
1626339102000,0.0
1626339132000,0.0
1626339162000,0.0
1626339192000,0.0
1626339222000,0.0
1626339252000,0.0
1626339282000,0.0
1626339312000,0.0
1626339342000,0.0
1626339372000,0.0
1626339402000,0.0
1626339432000,0.0
1626339462000,0.0
1626339492000,0.0
1626339522000,0.0
1626339552000,0.0
1626339582000,0.0
1626339612000,0.0
1626339642000,0.0
1626339672000,0.0
1626339702000,0.0
1626339732000,0.0
1626339762000,0.0
1626339792000,0.0
1626339822000,0.0
1626339852000,7.119311193111931e-06
1626339882000,0.0
1626339912000,0.0
1626339942000,0.0
1626339972000,0.0
1626340002000,0.0
1626340032000,0.0
1626340062000,0.0
1626340092000,0.0
1626340122000,0.0
1626340152000,0.0
1626340182000,0.0
1626340212000,0.0
1626340242000,0.0
1626340272000,0.0
1626340302000,0.0
1626340332000,0.0
1626340362000,0.0
1626340392000,0.0
1626340422000,0.0
1626340452000,0.0
1626340482000,0.0
1626340512000,0.0
1626340542000,0.0
1626340572000,0.0
1626340602000,0.0
1626340632000,0.0
1626340662000,0.0
1626340692000,0.0
1626340722000,0.0
1626340752000,0.0
1626340782000,0.0
1626340812000,0.0
1626340842000,0.0
1626340872000,0.0
1626340902000,0.0
1626340932000,0.0
1626340962000,0.0
1626340992000,0.0
1626341022000,0.0
1626341052000,0.0
1626341082000,0.0
1626341112000,0.0
1626341142000,0.0
1626341172000,0.0
1626341202000,0.0
1626341232000,0.0
1626341262000,0.0
1626341292000,0.0
1626341322000,0.0
1626341352000,0.0
1626341382000,0.0
1626341412000,0.0
1626341442000,0.0
1626341472000,0.0
1626341502000,0.0
1626341532000,0.0
1626341562000,0.0
1626341592000,0.0
1626341622000,0.0
1626341652000,0.0
1626341682000,0.0
1626341712000,0.0
1626341742000,0.0
1626341772000,0.0
1626341802000,0.0
1626341832000,0.0
1626341862000,0.0
1626341892000,0.0
1626341922000,0.0
1626341952000,0.0
1626341982000,0.0
1626342012000,0.0
1626342042000,0.0
1626342072000,0.0
1626342102000,0.0
1626342132000,0.0
1626342162000,0.0
1626342192000,0.0
1626342222000,0.0
1626342252000,0.0
1626342282000,0.0
1626342312000,0.0
1626342342000,0.0
1626342372000,0.0
1626342402000,0.0
1626342432000,0.0
1626342462000,0.0
1626342492000,0.0
1626342522000,0.0
1626342552000,0.0
1626342582000,0.0
1626342612000,0.0
1626342642000,0.0
1626342672000,0.0
1626342702000,0.0
1626342732000,0.0
1626342762000,0.0
1626342792000,0.0
1626342822000,0.0
1626342852000,0.0
1626342882000,0.0
1626342912000,0.0
1626342942000,0.0
1626342972000,0.0
1626343002000,0.0
1626343032000,0.0
1626343062000,0.0
1626343092000,0.0
1626343122000,0.0
1626343152000,0.0
1626343182000,0.0
1626343212000,0.0
1626343242000,0.0
1626343272000,0.0
1626343302000,0.0
1626343332000,0.0
1626343362000,0.0
1626343392000,0.0
1626343422000,0.0
1626343452000,0.0
1626343482000,0.0
1626343512000,0.0
1626343542000,0.0
1626343572000,0.0
1626343602000,0.0
1626343632000,0.0
1626343662000,0.0
1626343692000,0.0
1626343722000,0.0
1626343752000,0.0
1626343782000,0.0
1626343812000,0.0
1626343842000,0.0
1626343872000,0.0
1626343902000,0.0
1626343932000,0.0
1626343962000,0.0
1626343992000,0.0
1626344022000,0.0
1626344052000,0.0
1626344082000,0.0
1626344112000,0.0
1626344142000,0.0
1626344172000,0.0
1626344202000,0.0
1626344232000,0.0
1626344262000,0.0
1626344292000,0.0
1626344322000,0.0
1626344352000,0.0
1626344382000,0.0
1626344412000,0.0
1626344442000,0.0
1626344472000,0.0
1626344502000,0.0
1626344532000,0.0
1626344562000,0.0
1626344592000,0.0
1626344622000,0.0
1626344652000,0.0
1626344682000,0.0
1626344712000,0.0
1626344742000,0.0
1626344772000,0.0
1626344802000,0.0
1626344832000,0.0
1626344862000,0.0
1626344892000,0.0
1626344922000,0.0
1626344952000,0.0
1626344982000,0.0
1626345012000,0.0
1626345042000,0.0
1626345072000,0.0
1626345102000,0.0
1626345132000,0.0
1626345162000,0.0
1626345192000,0.0
1626345222000,0.0
1626345252000,0.0
1626345282000,0.0
1626345312000,0.0
1626345342000,0.0
1626345372000,0.0
1626345402000,0.0
1626345432000,0.0
1626345462000,0.0
1626345492000,0.0
1626345522000,0.0
1626345552000,0.0
1626345582000,0.0
1626345612000,0.0
1626345642000,0.0
1626345672000,0.0
1626345702000,0.0
1626345732000,0.0
1626345762000,0.0
1626345792000,0.0
1626345822000,0.0
1626345852000,0.0
1626345882000,0.0
1626345912000,0.0
1626345942000,0.0
1626345972000,0.0
1626346002000,0.0
1626346032000,0.0
1626346062000,0.0
1626346092000,0.0
1626346122000,0.0
1626346152000,0.0
1626346182000,0.0
1626346212000,0.0
1626346242000,0.0
1626346272000,0.0
1626346302000,0.0
1626346332000,0.0
1626346362000,0.0
1626346392000,0.0
1626346422000,0.0
1626346452000,0.0
1626346482000,0.0
1626346512000,0.0
1626346542000,0.0
1626346572000,0.0
1626346602000,0.0
1626346632000,0.0
1626346662000,0.0
1626346692000,0.0
1626346722000,0.0
1626346752000,0.0
1626346782000,0.0
1626346812000,0.0
1626346842000,0.0
1626346872000,0.0
1626346902000,0.0
1626346932000,0.0
1626346962000,0.0
1626346992000,0.0
1626347022000,0.0
1626347052000,0.0
1626347082000,0.0
1626347112000,0.0
1626347142000,0.0
1626347172000,0.0
1626347202000,0.0
1626347232000,0.0
1626347262000,0.0
1626347292000,0.0
1626347322000,0.0
1626347352000,0.0
1626347382000,0.0
1626347412000,0.0
1626347442000,0.0
1626347472000,0.0
1626347502000,0.0
1626347532000,0.0
1626347562000,0.0
1626347592000,0.0
1626347622000,0.0
1626347652000,0.0
1626347682000,0.0
1626347712000,0.0
1626347742000,0.0
1626347772000,0.0
1626347802000,0.0
1626347832000,0.0
1626347862000,0.0
1626347892000,0.0
1626347922000,0.0
1626347952000,0.0
1626347982000,0.0
1626348012000,0.0
1626348042000,0.0
1626348072000,0.0
1626348102000,0.0
1626348132000,0.0
1626348162000,0.0
1626348192000,0.0
1626348222000,0.0
1626348252000,0.0
1626348282000,0.0
1626348312000,0.0
1626348342000,0.0
1626348372000,0.0
1626348402000,0.0
1626348432000,0.0
1626348462000,0.0
1626348492000,0.0
1626348522000,0.0
1626348552000,0.0
1626348582000,0.0
1626348612000,0.0
1626348642000,0.0
1626348672000,0.0
1626348702000,0.0
1626348732000,0.0
1626348762000,0.0
1626348792000,0.0
1626348822000,0.0
1626348852000,0.0
1626348882000,0.0
1626348912000,0.0
1626348942000,0.0
1626348972000,0.0
1626349002000,0.0
1626349032000,0.0
1626349062000,0.0
1626349092000,0.0
1626349122000,0.0
1626349152000,0.0
1626349182000,0.0
1626349212000,0.0
1626349242000,0.0
1626349272000,0.0
1626349302000,0.0
1626349332000,0.0
1626349362000,0.0
1626349392000,0.0
1626349422000,0.0
1626349452000,0.0
1626349482000,0.0
1626349512000,0.0
1626349542000,0.0
1626349572000,0.0
1626349602000,0.0
1626349632000,0.0
1626349662000,0.0
1626349692000,0.0
1626349722000,0.0
1626349752000,0.0
1626349782000,0.0
1626349812000,0.0
1626349842000,0.0
1626349872000,0.0
1626349902000,0.0
1626349932000,0.0
1626349962000,0.0
1626349992000,0.0
1626350022000,0.0
1626350052000,0.0
1626350082000,0.0
1626350112000,0.0
1626350142000,0.0
1626350172000,0.0
1626350202000,0.0
1626350232000,0.0
1626350262000,0.0
1626350292000,0.0
1626350322000,0.0
1626350352000,0.0
1626350382000,0.0
1626350412000,0.0
1626350442000,0.0
1626350472000,0.0
1626350502000,0.0
1626350532000,0.0
1626350562000,0.0
1626350592000,0.0
1626350622000,0.0
1626350652000,0.0
1626350682000,0.0
1626350712000,0.0
1626350742000,0.0
1626350772000,0.0
1626350802000,0.0
1626350832000,0.0
1626350862000,0.0
1626350892000,0.0
1626350922000,0.0
1626350952000,0.0
1626350982000,0.0
1626351012000,0.0
1626351042000,0.0
1626351072000,0.0
1626351102000,0.0
1626351132000,0.0
1626351162000,0.0
1626351192000,0.0
1626351222000,0.0
1626351252000,0.0
1626351282000,0.0
1626351312000,0.0
1626351342000,0.0
1626351372000,0.0
1626351402000,0.0
1626351432000,0.0
1626351462000,0.0
1626351492000,0.0
1626351522000,0.0
1626351552000,0.0
1626351582000,0.0
1626351612000,0.0
1626351642000,0.0
1626351672000,0.0
1626351702000,0.0
1626351732000,0.0
1626351762000,0.0
1626351792000,0.0
1626351822000,0.0
1626351852000,0.0
1626351882000,0.0
1626351912000,0.0
1626351942000,0.0
1626351972000,0.0
1626352002000,0.0
1626352032000,0.0
1626352062000,0.0
1626352092000,0.0
1626352122000,0.0
1626352152000,0.0
1626352182000,0.0
1626352212000,0.0
1626352242000,0.0
1626352272000,0.0
1626352302000,0.0
1626352332000,0.0
1626352362000,0.0
1626352392000,0.0
1626352422000,0.0
1626352452000,0.0
1626352482000,0.0
1626352512000,0.0
1626352542000,0.0
1626352572000,0.0
1626352602000,0.0
1626352632000,0.0
1626352662000,0.0
1626352692000,0.0
1626352722000,0.0
1626352752000,0.0
1626352782000,0.0
1626352812000,0.0
1626352842000,0.0
1626352872000,0.0
1626352902000,0.0
1626352932000,0.0
1626352962000,0.0
1626352992000,0.0
1626353022000,0.0
1626353052000,0.0
1626353082000,0.0
1626353112000,0.0
1626353142000,0.0
1626353172000,0.0
1626353202000,0.0
1626353232000,0.0
1626353262000,0.0
1626353292000,0.0
1626353322000,0.0
1626353352000,0.0
1626353382000,0.0
1626353412000,0.0
1626353442000,0.0
1626353472000,0.0
1626353502000,0.0
1626353532000,0.0
1626353562000,0.0
1626353592000,0.0
1626353622000,0.0
1626353652000,0.0
1626353682000,0.0
1626353712000,0.0
1626353742000,0.0
1626353772000,0.0
1626353802000,0.0
1626353832000,0.0
1626353862000,0.0
1626353892000,0.0
1626353922000,0.0
1626353952000,0.0
1626353982000,0.0
1626354012000,0.0
1626354042000,0.0003305387057387057
1626354072000,0.0
1626354102000,0.0
1626354132000,0.0002237349875930521
1626354162000,0.0
1626354192000,0.0
1626354222000,0.0
1626354252000,0.0
1626354282000,0.0
1626354312000,0.0
1626354342000,0.0
1626354372000,0.0
1626354402000,0.0
1626354432000,0.0
1626354462000,0.0
1626354492000,0.0
1626354522000,0.0
1626354552000,0.0
1626354582000,0.0
1626354612000,0.0
1626354642000,0.0
1626354672000,0.0
1626354702000,0.0
1626354732000,0.00015522941176470588
1626354762000,0.0
1626354792000,0.00040467655502392344
1626354822000,0.0
1626354852000,0.0
1626354882000,0.0
1626354912000,0.0
1626354942000,0.0
1626354972000,0.0
1626355002000,0.0
1626355032000,0.0
1626355062000,0.0
1626355092000,0.0
1626355122000,0.0
1626355152000,0.0
1626355182000,0.0
1626355212000,0.0
1626355242000,0.0
1626355272000,0.0
1626355302000,0.0
1626355332000,0.0
1626355362000,0.0
1626355392000,0.0
1626355422000,0.0
1626355452000,0.0
1626355482000,0.0
1626355512000,0.0
1626355542000,0.0
1626355572000,0.0
1626355602000,0.0
1626355632000,0.0
1626355662000,0.0
1626355692000,0.0
1626355722000,0.0
1626355752000,0.0
1626355782000,0.0
1626355812000,0.0
1626355842000,0.0
1626355872000,0.0
1626355902000,0.0
1626355932000,0.0
1626355962000,0.0
1626355992000,0.0
1626356022000,0.0
1626356052000,0.0
1626356082000,0.0
1626356112000,0.0
1626356142000,0.0
1626356172000,0.0
1626356202000,0.0
1626356232000,0.0
1626356262000,0.0
1626356292000,0.0
1626356322000,0.0
1626356352000,0.0
1626356382000,0.0
1626356412000,0.0
1626356442000,0.0
1626356472000,0.0005204722291407223
1626356502000,0.0
1626356532000,0.0
1626356562000,0.0
1626356592000,0.0
1626356622000,0.0
1626356652000,0.0
1626356682000,0.0
1626356712000,0.0
1626356742000,0.0
1626356772000,0.0
1626356802000,0.0
1626356832000,0.0
1626356862000,0.0
1626356892000,0.0
1626356922000,0.0
1626356952000,0.0
1626356982000,0.0
1626357012000,0.0
1626357042000,0.0
1626357072000,0.0
1626357102000,0.0
1626357132000,0.0
1626357162000,0.0
1626357192000,0.0
1626357222000,0.0
1626357252000,0.0
1626357282000,0.0
1626357312000,0.0
1626357342000,0.0
1626357372000,0.0
1626357402000,0.0
1626357432000,0.0
1626357462000,0.0
1626357492000,0.0
1626357522000,0.0
1626357552000,0.0004853512522907758
1626357582000,0.0
1626357612000,0.0
1626357642000,0.0
1626357672000,0.0
1626357702000,0.0
1626357732000,0.0
1626357762000,0.0
1626357792000,0.0
1626357822000,0.0
1626357852000,0.0
1626357882000,0.0
1626357912000,0.0
1626357942000,0.0
1626357972000,0.0
1626358002000,0.0
1626358032000,0.0
1626358062000,0.0
1626358092000,0.0
1626358122000,0.0
1626358152000,0.0
1626358182000,0.0
1626358212000,0.0
1626358242000,0.0
1626358272000,0.0
1626358302000,0.0
1626358332000,0.0
1626358362000,0.0
1626358392000,0.0
1626358422000,0.0
1626358452000,0.0
1626358482000,0.0
1626358512000,0.0
1626358542000,0.0
1626358572000,0.0
1626358602000,0.0
1626358632000,0.0
1626358662000,0.0
1626358692000,0.00028134484412470026
1626358722000,0.0
1626358752000,0.0
1626358782000,0.0
1626358812000,0.0
1626358842000,0.0
1626358872000,0.0
1626358902000,0.0
1626358932000,0.0
1626358962000,0.0
1626358992000,0.0
1626359022000,0.0
1626359052000,0.0
1626359082000,0.0
1626359112000,0.0
1626359142000,0.0
1626359172000,0.0
1626359202000,0.0
1626359232000,0.0
1626359262000,0.0
1626359292000,0.0
1626359322000,0.0
1626359352000,0.0
1626359382000,0.0
1626359412000,0.0
1626359442000,0.0
1626359472000,0.0
1626359502000,0.0
1626359532000,0.0
1626359562000,0.0
1626359592000,0.0
1626359622000,0.0
1626359652000,0.0
1626359682000,0.0
1626359712000,0.0
1626359742000,0.0
1626359772000,0.0
1626359802000,0.0
1626359832000,0.0
1626359862000,0.0
1626359892000,0.0
1626359922000,0.0
1626359952000,0.0
1626359982000,0.0
1626360012000,0.0
1626360042000,0.0
1626360072000,0.0
1626360102000,0.0
1626360132000,0.0
1626360162000,0.0
1626360192000,0.0
1626360222000,0.0
1626360252000,0.0
1626360282000,0.0
1626360312000,0.0
1626360342000,0.0
1626360372000,0.0
1626360402000,0.0
1626360432000,0.0
1626360462000,0.0
1626360492000,0.0
1626360522000,0.0
1626360552000,0.0
1626360582000,0.0
1626360612000,0.0
1626360642000,0.0
1626360672000,0.0
1626360702000,0.0
1626360732000,0.0
1626360762000,0.0
1626360792000,0.0
1626360822000,0.0
1626360852000,0.0
1626360882000,0.0
1626360912000,0.0
1626360942000,0.0
1626360972000,0.0
1626361002000,0.0
1626361032000,0.0
1626361062000,0.0
1626361092000,0.0
1626361122000,0.0
1626361152000,0.0
1626361182000,0.0
1626361212000,0.00034952567237163813
1626361242000,0.0
1626361272000,0.0
1626361302000,0.0
1626361332000,0.0
1626361362000,0.0
1626361392000,0.0
1626361422000,0.0
1626361452000,0.00027645497861942576
1626361482000,0.0
1626361512000,0.0
1626361542000,0.0
1626361572000,0.0
1626361602000,0.0
1626361632000,0.0
1626361662000,0.0
1626361692000,0.0
1626361722000,0.0
1626361752000,0.0
1626361782000,0.0
1626361812000,0.0
1626361842000,0.0
1626361872000,0.0
1626361902000,0.0
1626361932000,0.0
1626361962000,0.0
1626361992000,0.0
1626362022000,0.0
1626362052000,0.0
1626362082000,0.0
1626362112000,0.0
1626362142000,0.0
1626362172000,0.0
1626362202000,0.0
1626362232000,0.0
1626362262000,0.0
1626362292000,0.0
1626362322000,0.0
1626362352000,0.0
1626362382000,0.0
1626362412000,0.0
1626362442000,0.0
1626362472000,0.0
1626362502000,0.0
1626362532000,0.0
1626362562000,0.0
1626362592000,0.0
1626362622000,0.0
1626362652000,0.0
1626362682000,0.0
1626362712000,0.0
1626362742000,0.0
1626362772000,0.0
1626362802000,0.0
1626362832000,0.0
1626362862000,0.0
1626362892000,0.0
1626362922000,0.0
1626362952000,0.0
1626362982000,0.0
1626363012000,0.0
1626363042000,0.0
1626363072000,0.0
1626363102000,0.0
1626363132000,0.0
1626363162000,6.183067484662577e-06
1626363192000,0.0
1626363222000,0.0
1626363252000,0.0
1626363282000,0.0
1626363312000,0.0
1626363342000,0.0
1626363372000,0.0
1626363402000,0.0
1626363432000,0.0
1626363462000,0.0
1626363492000,0.0
1626363522000,0.0
1626363552000,0.0
1626363582000,0.0
1626363612000,0.0
1626363642000,0.0
1626363672000,0.0
1626363702000,0.0
1626363732000,0.0
1626363762000,0.0
1626363792000,0.0
1626363822000,0.0
1626363852000,0.0
1626363882000,0.0
1626363912000,0.0
1626363942000,0.0
1626363972000,0.0
1626364002000,0.0
1626364032000,0.0
1626364062000,0.0
1626364092000,0.0
1626364122000,0.0
1626364152000,0.0
1626364182000,0.0
1626364212000,0.0
1626364242000,0.0
1626364272000,0.00012231276332094176
1626364302000,0.0
1626364332000,0.0
1626364362000,0.0
1626364392000,0.0
1626364422000,0.0
1626364452000,0.0
1626364482000,0.0
1626364512000,0.0
1626364542000,0.0
1626364572000,0.0
1626364602000,0.0
1626364632000,0.0
1626364662000,0.0
1626364692000,0.0
1626364722000,0.0
1626364752000,0.0
1626364782000,0.0
1626364812000,0.0
1626364842000,0.0
1626364872000,0.0
1626364902000,0.0
1626364932000,0.0
1626364962000,0.0
1626364992000,0.0
1626365022000,0.0
1626365052000,0.0
1626365082000,0.0
1626365112000,0.0
1626365142000,0.0
1626365172000,0.0
1626365202000,0.0
1626365232000,0.0
1626365262000,0.0
1626365292000,0.0
1626365322000,0.0
1626365352000,0.0
1626365382000,0.0
1626365412000,0.0
1626365442000,0.0
1626365472000,0.0
1626365502000,0.0
1626365532000,0.0
1626365562000,0.0
1626365592000,0.0
1626365622000,0.0
1626365652000,0.0
1626365682000,0.0
1626365712000,0.0
1626365742000,0.0
1626365772000,0.0
1626365802000,0.0
1626365832000,0.0
1626365862000,0.0
1626365892000,0.0
1626365922000,0.0
1626365952000,0.0
1626365982000,0.0
1626366012000,0.0
1626366042000,0.0
1626366072000,0.0
1626366102000,0.0
1626366132000,0.0
1626366162000,0.0
1626366192000,0.0
1626366222000,0.0
1626366252000,0.0
1626366282000,0.0
1626366312000,0.0
1626366342000,0.0
1626366372000,0.0
1626366402000,0.0
1626366432000,0.0
1626366462000,0.0
1626366492000,0.0
1626366522000,0.0
1626366552000,0.0
1626366582000,0.0
1626366612000,0.0
1626366642000,0.0
1626366672000,0.0
1626366702000,0.0
1626366732000,0.0
1626366762000,0.0
1626366792000,0.0
1626366822000,2.8291753207086132e-05
1626366852000,0.0
1626366882000,0.0
1626366912000,0.0
1626366942000,0.0
1626366972000,0.0
1626367002000,0.0
1626367032000,0.0
1626367062000,0.0
1626367092000,0.0
1626367122000,0.0
1626367152000,0.0
1626367182000,0.0
1626367212000,0.0
1626367242000,0.0
1626367272000,0.0
1626367302000,0.0
1626367332000,0.00014921575543797765
1626367362000,0.0
1626367392000,0.0
1626367422000,0.0
1626367452000,0.0
1626367482000,0.0
1626367512000,0.0
1626367542000,0.0
1626367572000,0.0
1626367602000,0.0
1626367632000,0.0
1626367662000,0.0
1626367692000,0.0
1626367722000,0.0
1626367752000,0.0
1626367782000,0.0
1626367812000,0.0
1626367842000,0.0
1626367872000,0.0
1626367902000,0.00035368049079754604
1626367932000,0.0
1626367962000,0.0
1626367992000,0.0
1626368022000,0.0
1626368052000,0.0
1626368082000,0.0
1626368112000,0.0
1626368142000,0.0
1626368172000,0.0
1626368202000,0.0
1626368232000,0.0
1626368262000,0.0
1626368292000,0.0
1626368322000,0.0
1626368352000,0.0
1626368382000,0.0
1626368412000,0.0
1626368442000,0.0
1626368472000,0.0
1626368502000,0.0
1626368532000,0.0
1626368562000,0.0
1626368592000,0.0
1626368622000,0.0
1626368652000,0.0
1626368682000,0.0
1626368712000,0.0
1626368742000,0.0
1626368772000,0.0
1626368802000,0.0
1626368832000,0.0
1626368862000,0.0
1626368892000,0.0
1626368922000,0.0
1626368952000,0.0
1626368982000,0.0
1626369012000,0.0
1626369042000,0.0
1626369072000,0.0
1626369102000,0.0
1626369132000,0.0
1626369162000,0.0
1626369192000,0.0
1626369222000,0.0
1626369252000,0.0
1626369282000,0.0
1626369312000,0.0
1626369342000,0.0
1626369372000,0.0
1626369402000,0.0
1626369432000,0.0
1626369462000,0.0
1626369492000,0.0
1626369522000,0.0
1626369552000,0.0
1626369582000,0.0
1626369612000,0.0002914371445856019
1626369642000,0.0
1626369672000,0.0
1626369702000,0.0
1626369732000,0.0
1626369762000,0.0
1626369792000,0.0
1626369822000,0.0
1626369852000,0.0
1626369882000,0.0
1626369912000,0.0
1626369942000,0.0
1626369972000,0.0
1626370002000,0.0
1626370032000,0.0
1626370062000,0.0
1626370092000,0.0
1626370122000,0.0
1626370152000,0.0
1626370182000,0.0
1626370212000,0.0
1626370242000,0.0
1626370272000,0.0
1626370302000,0.0
1626370332000,0.0
1626370362000,0.0
1626370392000,0.0
1626370422000,0.0
1626370452000,0.0
1626370482000,0.0
1626370512000,0.0
1626370542000,0.0
1626370572000,0.0
1626370602000,0.0
1626370632000,0.0
1626370662000,0.0
1626370692000,0.0
1626370722000,0.0
1626370752000,0.0
1626370782000,0.0
1626370812000,0.0
1626370842000,0.0
1626370872000,0.0
1626370902000,0.0
1626370932000,0.0
1626370962000,0.0
1626370992000,0.0
1626371022000,0.0
1626371052000,0.0
1626371082000,1.4575515151515152e-05
1626371112000,0.0
1626371142000,0.0
1626371172000,0.0
1626371202000,0.0
1626371232000,0.0
1626371262000,0.0
1626371292000,0.0
1626371322000,0.0
1626371352000,0.0
1626371382000,0.0
1626371412000,0.0
1626371442000,0.0
1626371472000,0.0
1626371502000,0.0
1626371532000,0.0
1626371562000,0.0
1626371592000,0.0
1626371622000,0.0
1626371652000,0.0
1626371682000,0.0
1626371712000,0.0
1626371742000,0.0
1626371772000,0.0
1626371802000,0.0
1626371832000,0.0
1626371862000,0.0
1626371892000,0.0
1626371922000,0.0
1626371952000,0.0
1626371982000,0.0
1626372012000,0.0
1626372042000,0.0
1626372072000,0.0
1626372102000,0.0
1626372132000,0.0
1626372162000,0.0
1626372192000,0.0
1626372222000,0.0
1626372252000,0.0
1626372282000,0.0
1626372312000,0.0
1626372342000,0.0
1626372372000,0.0
1626372402000,0.0
1626372432000,0.0
1626372462000,0.0
1626372492000,0.0
1626372522000,0.0
1626372552000,0.0
1626372582000,0.0
1626372612000,0.0
1626372642000,0.0
1626372672000,0.0
1626372702000,0.0
1626372732000,0.0
1626372762000,0.0
1626372792000,0.0
1626372822000,0.0
1626372852000,0.0
1626372882000,0.0
1626372912000,0.0
1626372942000,0.0
1626372972000,0.0
1626373002000,0.0
1626373032000,0.0
1626373062000,0.0004089168098159509
1626373092000,0.0
1626373122000,0.0
1626373152000,0.0
1626373182000,0.0
1626373212000,0.0
1626373242000,0.0
1626373272000,1.2771597633136095e-05
1626373302000,0.0
1626373332000,0.0
1626373362000,0.0
1626373392000,0.0
1626373422000,0.0
1626373452000,0.0
1626373482000,0.0
1626373512000,0.0
1626373542000,0.0
1626373572000,0.0
1626373602000,0.0
1626373632000,0.0
1626373662000,0.0
1626373692000,0.0
1626373722000,0.0
1626373752000,0.0
1626373782000,0.0
1626373812000,0.0
1626373842000,0.0
1626373872000,0.0
1626373902000,0.0
1626373932000,0.0
1626373962000,0.0
1626373992000,0.0
1626374022000,0.0
1626374052000,0.0
1626374082000,0.0
1626374112000,0.0
1626374142000,0.0
1626374172000,0.0
1626374202000,0.0
1626374232000,0.0
1626374262000,0.0
1626374292000,0.0
1626374322000,0.0
1626374352000,0.0
1626374382000,0.0
1626374412000,0.0
1626374442000,0.0
1626374472000,0.0
1626374502000,0.0
1626374532000,0.0
1626374562000,0.0
1626374592000,0.0
1626374622000,0.0
1626374652000,0.0
1626374682000,0.0
1626374712000,0.0
1626374742000,0.0
1626374772000,0.0
1626374802000,0.0
1626374832000,0.0
1626374862000,0.0
1626374892000,0.0
1626374922000,0.0
1626374952000,0.0
1626374982000,0.0
1626375012000,0.0
1626375042000,0.0
1626375072000,0.0
1626375102000,0.0
1626375132000,0.0
1626375162000,0.0
1626375192000,0.0
1626375222000,0.0
1626375252000,0.0
1626375282000,0.0
1626375312000,0.0
1626375342000,0.0
1626375372000,0.0
1626375402000,0.0
1626375432000,0.0
1626375462000,0.0
1626375492000,0.0
1626375522000,0.0
1626375552000,0.0
1626375582000,0.0
1626375612000,0.0
1626375642000,0.0
1626375672000,0.0
1626375792000,0.0
1626375822000,0.0
1626375702000,0.0
1626375762000,0.0
1626375732000,0.0
1626375852000,0.0
1626375882000,0.0
1626375912000,0.0
1626375942000,0.0
1626375972000,0.0
1626376002000,0.0
1626376032000,0.0
1626376062000,0.0
1626376092000,0.0
1626376122000,0.0
1626376152000,0.0
1626376182000,0.00011114739454094292
1626376212000,0.0
1626376242000,0.0
1626376272000,0.0
1626376302000,0.0
1626376332000,0.0
1626376362000,0.0
1626376392000,0.0
1626376422000,0.0
1626376452000,0.0
1626376482000,0.0
1626376512000,0.0
1626376542000,0.0
1626376572000,0.0
1626376602000,0.0
1626376632000,0.0
1626376662000,0.0
1626376692000,0.0
1626376722000,0.0
1626376752000,0.0
1626376782000,0.0
1626376812000,0.0
1626376842000,0.0
1626376872000,0.0
1626376902000,0.0
1626376932000,0.0
1626376962000,0.0
1626376992000,0.0
1626377022000,0.0
1626377052000,0.0
1626377082000,0.0
1626377112000,0.0
1626377142000,0.0
1626377172000,0.0
1626377202000,0.0
1626377232000,0.0
1626377262000,0.0
1626377292000,0.0
1626377322000,0.0
1626377352000,0.0
1626377382000,0.0
1626377412000,0.0
1626377442000,0.0
1626377472000,0.0
1626377502000,0.0
1626377532000,0.0
1626377562000,0.0
1626377592000,0.0
1626377622000,0.0
1626377652000,0.0
1626377682000,0.0
1626377712000,0.0
1626377742000,0.0
1626377772000,0.0
1626377802000,0.0
1626377832000,0.0
1626377862000,0.0
1626377892000,0.0
1626377922000,0.0
1626377952000,0.0
1626377982000,0.0
1626378012000,0.0
1626378042000,0.0
1626378072000,0.0
1626378102000,0.0
1626378132000,0.0
1626378162000,0.0
1626378192000,0.0
1626378222000,0.0
1626378252000,0.0
1626378282000,0.0
1626378312000,0.0
1626378342000,0.0
1626378372000,0.0
1626378402000,0.0
1626378432000,0.0
1626378462000,0.0
1626378492000,0.0
1626378522000,0.0
1626378552000,0.0
1626378582000,0.0
1626378612000,0.0
1626378642000,0.0
1626378672000,0.0
1626378702000,0.0
1626378732000,0.0
1626378762000,0.0
1626378792000,0.0
1626378822000,0.0
1626378852000,0.0
1626378882000,0.0
1626378912000,0.0
1626378942000,0.00011178070067609096
1626378972000,0.0
1626379002000,0.0
1626379032000,0.0
1626379062000,0.0
1626379092000,0.0
1626379122000,0.0
1626379152000,0.0
1626379182000,0.0
1626379212000,0.0
1626379242000,0.0
1626379272000,0.0
1626379302000,0.0
1626379332000,0.0
1626379362000,0.0
1626379392000,0.0
1626379422000,0.0
1626379452000,0.0
1626379482000,0.0
1626379512000,0.0
1626379542000,0.0
1626379572000,0.0
1626379602000,0.0
1626379632000,0.0
1626379662000,0.0
1626379692000,0.0
1626379722000,2.186857825567503e-05
1626379752000,0.0
1626379782000,0.0
1626379812000,0.0
1626379842000,0.0
1626379872000,0.0
1626379902000,0.0
1626379932000,0.0
1626379962000,0.0
1626379992000,0.0
1626380022000,0.0
1626380052000,0.0
1626380082000,0.0
1626380112000,0.0
1626380142000,0.0
1626380172000,0.0
1626380202000,0.0
1626380232000,0.0
1626380262000,0.0
1626380292000,0.0
1626380322000,0.0
1626380352000,0.0
1626380382000,0.0
1626380412000,0.0
1626380442000,0.0
1626380472000,0.0
1626380502000,0.0
1626380532000,0.0
1626380562000,0.0
1626380592000,0.0
1626380622000,0.0
1626380652000,0.0
1626380682000,0.0
1626380712000,0.0
1626380742000,0.0
1626380772000,0.0
1626380802000,0.0
1626380832000,0.0
1626380862000,0.0
1626380892000,0.0
1626380922000,0.0
1626380952000,0.0
1626380982000,0.0
1626381012000,0.0
1626381042000,0.0
1626381072000,0.0
1626381102000,0.0
1626381132000,0.0
1626381162000,0.0
1626381192000,0.0
1626381222000,0.0
1626381252000,0.0
1626381282000,0.0
1626381312000,0.0
1626381342000,0.0
1626381372000,0.0
1626381402000,0.0
1626381432000,0.0
1626381462000,0.0
1626381492000,0.0
1626381522000,0.0
1626381552000,0.0
1626381582000,0.0
1626381612000,0.0
1626381642000,0.0
1626381672000,0.0
1626381702000,0.0
1626381732000,0.0
1626381762000,0.0
1626381792000,0.0
1626381822000,0.0
1626381852000,0.0
1626381882000,0.0
1626381912000,0.0
1626381942000,0.0
1626381972000,0.0
1626382002000,0.0
1626382032000,0.0
1626382062000,0.0
1626382092000,0.0
1626382122000,0.0
1626382152000,0.0
1626382182000,0.0
1626382212000,0.0
1626382242000,0.0
1626382272000,0.0
1626382302000,0.0
1626382332000,0.0
1626382362000,0.0
1626382392000,0.0
1626382422000,0.0
1626382452000,0.0
1626382482000,0.0
1626382512000,0.0
1626382542000,0.0
1626382572000,0.0
1626382602000,0.0
1626382632000,0.0
1626382662000,0.0
1626382692000,0.0
1626382722000,0.0
1626382752000,0.0
1626382782000,0.0
1626382812000,0.0
1626382842000,0.0
1626382872000,0.0
1626382902000,0.0
1626382932000,0.0
1626382962000,0.0
1626382992000,0.0
1626383022000,0.0
1626383052000,0.0
1626383082000,0.0
1626383112000,0.0
1626383142000,0.0
1626383172000,0.0
1626383202000,0.0
1626383232000,0.0
1626383262000,0.0
1626383292000,0.0
1626383322000,0.0
1626383352000,0.0
1626383382000,0.0
1626383412000,0.0
1626383442000,0.0
1626383472000,0.0
1626383502000,0.0
1626383532000,0.0
1626383562000,0.0
1626383592000,0.0
1626383622000,0.0
1626383652000,0.0
1626383682000,0.0
1626383712000,0.0
1626383742000,0.0
1626383772000,0.0
1626383802000,0.0
1626383832000,0.0
1626383862000,0.0
1626383892000,0.0
1626383922000,0.0
1626383952000,0.0
1626383982000,0.0
1626384012000,0.0
1626384042000,0.0
1626384072000,0.0
1626384102000,0.0
1626384132000,0.0
1626384162000,0.0
1626384192000,0.0
1626384222000,0.0
1626384252000,0.0
1626384282000,0.0
1626384312000,0.0
1626384342000,0.0
1626384372000,0.0
1626384402000,0.0
1626384432000,0.0
1626384462000,0.0
1626384492000,0.0
1626384522000,0.0
1626384552000,0.0
1626384582000,0.0
1626384612000,0.0
1626384642000,0.0
1626384672000,0.0
1626384702000,0.0
1626384732000,0.0
1626384762000,0.0
1626384792000,0.0
1626384822000,0.0
1626384852000,0.0
1626384882000,0.0
1626384912000,0.0
1626384942000,0.0
1626384972000,0.0
1626385002000,0.0
1626385032000,0.0
1626385062000,0.0
1626385092000,0.0
1626385122000,0.0
1626385152000,0.0
1626385182000,0.0
1626385212000,0.0
1626385242000,0.0
1626385272000,0.0
1626385302000,0.0
1626385332000,0.0
1626385362000,0.0
1626385392000,0.0
1626385422000,0.0
1626385452000,0.0
1626385482000,0.0
1626385512000,0.0
1626385542000,0.0
1626385572000,0.0
1626385602000,0.0
1626385632000,0.0
1626385662000,0.0
1626385692000,0.0
1626385722000,0.0
1626385752000,0.0
1626385782000,0.0
1626385812000,0.0
1626385842000,0.0
1626385872000,0.0
1626385902000,0.0
1626385932000,0.0
1626385962000,0.0
1626385992000,0.0
1626386022000,0.0
1626386052000,0.0
1626386082000,0.0
1626386112000,0.0
1626386142000,0.0
1626386172000,0.0
1626386202000,0.0
1626386232000,0.0
1626386262000,0.0
1626386292000,0.0
1626386322000,0.0
1626386352000,0.0
1626386382000,0.0
1626386412000,0.0
1626386442000,0.0
1626386472000,0.0
1626386502000,0.0
1626386532000,0.0
1626386562000,0.0
1626386592000,0.0
1626386622000,0.0
1626386652000,0.0
1626386682000,0.0
1626386712000,0.0
1626386742000,0.0
1626386772000,0.0
1626386802000,0.0
1626386832000,0.0
1626386862000,0.0
1626386892000,0.0
1626386922000,0.0
1626386952000,0.0
1626386982000,0.0
1626387012000,0.0
1626387042000,0.0
1626387072000,0.0
1626387102000,0.0
1626387132000,0.0
1626387162000,0.0
1626387192000,0.0
1626387222000,0.0
1626387252000,0.0
1626387282000,0.0
1626387312000,0.0
1626387342000,0.0
1626387372000,0.0
1626387402000,0.0
1626387432000,0.0
1626387462000,0.0
1626387492000,0.0
1626387522000,0.0
1626387552000,0.0
1626387582000,0.0
1626387612000,0.0
1626387642000,0.0
1626387672000,0.0
1626387702000,0.0
1626387732000,0.0
1626387762000,0.0
1626387792000,0.0
1626387822000,0.0
1626387852000,0.0
1626387882000,0.0
1626387912000,0.0
1626387942000,0.0
1626387972000,0.0
1626388002000,0.0
1626388032000,0.0
1626388062000,0.0
1626388092000,0.0
1626388122000,0.0
1626388152000,0.0
1626388182000,0.0
1626388212000,0.0
1626388242000,0.0
1626388272000,0.0
1626388302000,0.0
1626388332000,0.0
1626388362000,0.0
1626388392000,0.0
1626388422000,0.0
1626388452000,0.0
1626388482000,0.0
1626388512000,0.0
1626388542000,0.0
1626388572000,0.0
1626388602000,0.0
1626388632000,0.0
1626388662000,0.0
1626388692000,0.0
1626388722000,0.0
1626388752000,0.0
1626388782000,0.0
1626388812000,0.0
1626388842000,0.0
1626388872000,0.0
1626388902000,0.0
1626388932000,0.0
1626388962000,0.0
1626388992000,0.0
1626389022000,0.0
1626389052000,0.0
1626389082000,0.0
1626389112000,0.0
1626389142000,0.0
1626389172000,0.0
1626389202000,0.0
1626389232000,0.0
1626389262000,0.0
1626389292000,0.0
1626389322000,0.0
1626389352000,0.0
1626389382000,0.0
1626389412000,0.0
1626389442000,0.0
1626389472000,0.0
1626389502000,0.0
1626389532000,0.0
1626389562000,0.0
1626389592000,0.0
1626389622000,0.0
1626389652000,0.0
1626389682000,0.0
1626389712000,0.0
1626389742000,0.0
1626389772000,0.0
1626389802000,0.0
1626389832000,0.0
1626389862000,0.0
1626389892000,0.0
1626389922000,0.0
1626389952000,0.0
1626389982000,0.0
1626390012000,0.0
1626390042000,0.0
1626390072000,0.0
1626390102000,0.0
1626390132000,0.0
1626390162000,0.0
1626390192000,0.0
1626390222000,0.0
1626390252000,0.0
1626390282000,0.0
1626390312000,0.0
1626390342000,0.0
1626390372000,0.0
1626390402000,0.0
1626390432000,0.0
1626390462000,0.0
1626390492000,0.0
1626390522000,0.0
1626390552000,0.0
1626390582000,0.0
1626390612000,0.0
1626390642000,0.0
1626390672000,0.0
1626390702000,0.0
1626390732000,0.0
1626390762000,0.0
1626390792000,0.0
1626390822000,0.0
1626390852000,0.0
1626390882000,0.0
1626390912000,0.0
1626390942000,0.0
1626390972000,0.0
1626391002000,0.0
1626391032000,0.0
1626391062000,0.0
1626391092000,0.0
1626391122000,0.0
1626391152000,0.0
1626391182000,0.0
1626391212000,0.0
1626391242000,0.0
1626391272000,0.0
1626391302000,0.0
1626391332000,0.0
1626391362000,0.0
1626391392000,0.0
1626391422000,0.0
1626391452000,0.0
1626391482000,0.0
1626391512000,0.0
1626391542000,0.0
1626391572000,0.0
1626391602000,0.0
1626391632000,0.0
1626391662000,0.0
1626391692000,0.0
1626391722000,0.0
1626391752000,0.0
1626391782000,0.0
1626391812000,0.0
1626391842000,0.0
1626391872000,0.0
1626391902000,0.0
1626391932000,0.0
1626391962000,0.0
1626391992000,0.0
1626392022000,0.0
1626392052000,0.0
1626392082000,0.0
1626392112000,0.0
1626392142000,0.0
1626392172000,0.0
1626392202000,0.0
1626392232000,0.0
1626392262000,0.0
1626392292000,0.0
1626392322000,0.0
1626392352000,0.0
1626392382000,0.0
1626392412000,0.0
1626392442000,0.0
1626392472000,0.0
1626392502000,0.0
1626392532000,0.0
1626392562000,0.0
1626392592000,0.0
1626392622000,0.0
1626392652000,0.0
1626392682000,0.0
1626392712000,0.0
1626392742000,0.0
1626392772000,0.0
1626392802000,0.0
1626392832000,0.0
1626392862000,0.0
1626392892000,0.0
1626392922000,0.0
1626392952000,0.0
1626392982000,0.0
1626393012000,0.0
1626393042000,0.0
1626393072000,0.0
1626393102000,0.0
1626393132000,0.0
1626393162000,0.0
1626393192000,0.0
1626393222000,0.0
1626393252000,0.0
1626393282000,0.0
1626393312000,0.0
1626393342000,0.0
1626393372000,0.0
1626393402000,0.0
1626393432000,0.0
1626393462000,0.0
1626393492000,0.0
1626393522000,0.0
1626393552000,0.0
1626393582000,0.0
1626393612000,0.0
1626393642000,0.0
1626393672000,0.0
1626393702000,0.0
1626393732000,0.0
1626393762000,0.0
1626393792000,0.0
1626393822000,0.0
1626393852000,0.0
1626393882000,0.0
1626393912000,0.0
1626393942000,0.0
1626393972000,0.0
1626394002000,0.0
1626394032000,0.0
1626394062000,0.0
1626394092000,0.0
1626394122000,0.0
1626394152000,0.0
1626394182000,0.0
1626394212000,0.0
1626394242000,0.0
1626394272000,0.0
1626394302000,0.0
1626394332000,0.0
1626394362000,0.0
1626394392000,0.0
1626394422000,0.0
1626394452000,0.0
1626394482000,0.0
1626394512000,0.0
1626394542000,0.0
1626394572000,0.0
1626394602000,0.0
1626394632000,0.0
1626394662000,0.0
1626394692000,0.0
1626394722000,0.0
1626394752000,0.0
1626394782000,0.0
1626394812000,0.0
1626394842000,0.0
1626394872000,0.0
1626394902000,0.0
1626394932000,0.0
1626394962000,0.0
1626394992000,0.0
1626395022000,0.0
1626395052000,0.0
1626395082000,0.0
1626395112000,0.0
1626395142000,0.0
1626395172000,0.0
1626395202000,0.0
1626395232000,0.0
1626395262000,0.0
1626395292000,0.0
1626395322000,0.0
1626395352000,0.0
1626395382000,0.0
1626395412000,0.0
1626395442000,0.0
1626395472000,0.0
1626395502000,0.0
1626395532000,0.0
1626395562000,0.0
1626395592000,0.0
1626395622000,0.0
1626395652000,0.0
1626395682000,0.0
1626395712000,0.0
1626395742000,0.0
1626395772000,0.0
1626395802000,0.0
1626395832000,0.0
1626395862000,0.0
1626395892000,0.0
1626395922000,0.0
1626395952000,0.0
1626395982000,0.0
1626396012000,0.0
1626396042000,0.0
1626396072000,0.0
1626396102000,0.0
1626396132000,0.0
1626396162000,0.0
1626396192000,0.00046778611949305974
1626396222000,0.0
1626396252000,0.0
1626396282000,0.0
1626396312000,0.0
1626396342000,0.0
1626396372000,0.0
1626396402000,0.0
1626396432000,0.0
1626396462000,0.0
1626396492000,0.0
1626396522000,0.0
1626396552000,0.0
1626396582000,0.0
1626396612000,0.0
1626396642000,0.0
1626396672000,0.0
1626396702000,0.0
1626396732000,0.0
1626396762000,0.0
1626396792000,0.0
1626396822000,0.0
1626396852000,0.0
1626396882000,0.0
1626396912000,0.0
1626396942000,0.0
1626396972000,0.0
1626397002000,0.0
1626397032000,0.0
1626397062000,0.0
1626397092000,0.0
1626397122000,0.0
1626397152000,0.0
1626397182000,0.0
1626397212000,0.0
1626397242000,0.0
1626397272000,0.0
1626397302000,0.0006885441574415745
1626397332000,0.0
1626397362000,0.0
1626397392000,0.0
1626397422000,0.0
1626397452000,0.0
1626397482000,0.0
1626397512000,0.0
1626397542000,0.0
1626397572000,0.0
1626397602000,0.0
1626397632000,0.0
1626397662000,0.0
1626397692000,0.0
1626397722000,0.0
1626397752000,0.0
1626397782000,0.0
1626397812000,0.0
1626397842000,0.0
1626397872000,0.0
1626397902000,0.0
1626397932000,0.0
1626397962000,0.0
1626397992000,0.0
1626398022000,0.0
1626398052000,0.0
1626398082000,0.0
1626398112000,0.0
1626398142000,0.0
1626398172000,0.0
1626398202000,0.0
1626398232000,0.0
1626398262000,0.0
1626398292000,0.0
1626398322000,0.0
1626398352000,0.0
1626398382000,0.0
1626398412000,0.0
1626398442000,0.0
1626398472000,0.0
1626398502000,0.0
1626398532000,0.0
1626398562000,0.0
1626398592000,0.0
1626398622000,0.0
1626398652000,0.0
1626398682000,0.0
1626398712000,0.0
1626398742000,0.0
1626398772000,0.0
1626398802000,0.0
1626398832000,0.0
1626398862000,0.0
1626398892000,0.0
1626398922000,0.0
1626398952000,0.0
1626398982000,0.0
1626399012000,0.0
1626399042000,0.0
1626399072000,0.0
1626399102000,0.0
1626399132000,0.0
1626399162000,0.0
1626399192000,0.0
1626399222000,0.0
1626399252000,0.0
1626399282000,0.0
1626399312000,0.0
1626399342000,0.0
1626399372000,0.0
1626399402000,0.0
1626399432000,0.0
1626399462000,0.0
1626399492000,0.0
1626399522000,0.0
1626399552000,0.0
1626399582000,0.0
1626399612000,0.0
1626399642000,0.0
1626399672000,0.0
1626399702000,0.0
1626399732000,0.0
1626399762000,0.0
1626399792000,0.0
1626399822000,0.0
1626399852000,0.0
1626399882000,0.0
1626399912000,0.0
1626399942000,0.0
1626399972000,0.0
1626400002000,0.0
1626400032000,0.0
1626400062000,0.0
1626400092000,0.0
1626400122000,0.0
1626400152000,0.0
1626400182000,0.0
1626400212000,0.0
1626400242000,0.0
1626400272000,0.0
1626400302000,0.0
1626400332000,0.0
1626400362000,0.0
1626400392000,0.0
1626400422000,0.0
1626400452000,0.0
1626400482000,0.0
1626400512000,0.0
1626400542000,0.0
1626400572000,0.0
1626400602000,0.0
1626400632000,0.0
1626400662000,0.0
1626400692000,0.0
1626400722000,0.0
1626400752000,0.0
1626400782000,0.0
1626400812000,0.0
1626400842000,0.0
1626400872000,0.0
1626400902000,0.0
1626400932000,0.0
1626400962000,0.0
1626400992000,0.0
1626401022000,0.0
1626401052000,0.0
1626401082000,0.0
1626401112000,0.0
1626401142000,0.0
1626401172000,0.0
1626401202000,0.0
1626401232000,0.0
1626401262000,0.0
1626401292000,0.0
1626401322000,0.0
1626401352000,0.0
1626401382000,0.0
1626401412000,0.0
1626401442000,0.0
1626401472000,0.0
1626401502000,0.0
1626401532000,0.0
1626401562000,0.0
1626401592000,0.0
1626401622000,0.0
1626401652000,0.0
1626401682000,0.0
1626401712000,0.0
1626401742000,0.0
1626401772000,0.0
1626401802000,0.0
1626401832000,0.0
1626401862000,0.0
1626401892000,0.0
1626401922000,0.0
1626401952000,0.0
1626401982000,0.0
1626402012000,0.0
1626402042000,0.0
1626402072000,0.0
1626402102000,0.0
1626402132000,0.0
1626402162000,0.0
1626402192000,0.0
1626402222000,0.0
1626402252000,0.0
1626402282000,0.0
1626402312000,0.0
1626402342000,0.0
1626402372000,0.0
1626402402000,0.0
1626402432000,0.0
1626402462000,0.0
1626402492000,0.0
1626402522000,0.0
1626402552000,0.0
1626402582000,0.0
1626402612000,0.0
1626402642000,0.0
1626402672000,0.0
1626402702000,0.0
1626402732000,0.0
1626402762000,0.0
1626402792000,0.0
1626402822000,0.0
1626402852000,0.0
1626402882000,0.0
1626402912000,0.0
1626402942000,0.0
1626402972000,0.0
1626403002000,0.0
1626403032000,0.0
1626403062000,0.0
1626403092000,0.0
1626403122000,0.0
1626403152000,0.0
1626403182000,0.0
1626403212000,0.0
1626403242000,0.0
1626403272000,0.0
1626403302000,0.0
1626403332000,0.0
1626403362000,0.0
1626403392000,0.0
1626403422000,0.0
1626403452000,0.0
1626403482000,0.0
1626403512000,0.0
1626403542000,0.0
1626403572000,0.0
1626403602000,0.0
1626403632000,0.0
1626403662000,0.0
1626403692000,0.0
1626403722000,0.0
1626403752000,0.0
1626403782000,0.0
1626403812000,0.0
1626403842000,0.0
1626403872000,0.0
1626403902000,0.0
1626403932000,0.0
1626403962000,0.0
1626403992000,0.0
1626404022000,0.0
1626404052000,0.0
1626404082000,0.0
1626404112000,0.0
1626404142000,0.0
1626404172000,0.0
1626404202000,0.0
1626404232000,0.0
1626404262000,0.0
1626404292000,0.0
1626404322000,0.0
1626404352000,0.0
1626404382000,0.0
1626404412000,0.0
1626404442000,0.0
1626404472000,0.0
1626404502000,0.0
1626404532000,0.0
1626404562000,0.0
1626404592000,0.0
1626404622000,0.0
1626404652000,0.0
1626404682000,0.0
1626404712000,0.0
1626404742000,0.0
1626404772000,0.0
1626404802000,0.0
1626404832000,0.0
1626404862000,0.0
1626404892000,0.0
1626404922000,0.0
1626404952000,0.0
1626404982000,0.0
1626405012000,0.0
1626405042000,0.0
1626405072000,0.0
1626405102000,0.0
1626405132000,0.0
1626405162000,0.0
1626405192000,0.0
1626405222000,0.0
1626405252000,0.0
1626405282000,0.0
1626405312000,0.0
1626405342000,0.0
1626405372000,0.0
1626405402000,0.0
1626405432000,0.0
1626405462000,0.0
1626405492000,0.0
1626405522000,0.0
1626405552000,0.0
1626405582000,0.0
1626405612000,0.0
1626405642000,0.0
1626405672000,0.0
1626405702000,0.0
1626405732000,0.0
1626405762000,0.0
1626405792000,0.0
1626405822000,0.0
1626405852000,0.0
1626405882000,0.0
1626405912000,0.0
1626405942000,0.0
1626405972000,0.0
1626406002000,0.0
1626406032000,0.0
1626406062000,0.0
1626406092000,0.0
1626406122000,0.0
1626406152000,0.0
1626406182000,0.0
1626406212000,0.0
1626406242000,0.0
1626406272000,0.0
1626406302000,0.0
1626406332000,0.0
1626406362000,0.0
1626406392000,0.0
1626406422000,0.0
1626406452000,0.0
1626406482000,0.0
1626406512000,0.0
1626406542000,0.0
1626406572000,0.0
1626406602000,0.0
1626406632000,0.0
1626406662000,0.0
1626406692000,0.0
1626406722000,0.0
1626406752000,0.0
1626406782000,0.0
1626406812000,0.0
1626406842000,0.0
1626406872000,0.0
1626406902000,0.0
1626406932000,0.0
1626406962000,0.0
1626406992000,0.0
1626407022000,0.0
1626407052000,0.0
1626407082000,0.0
1626407112000,0.0
1626407142000,0.0
1626407172000,0.0
1626407202000,0.0
1626407232000,0.0
1626407262000,0.0
1626407292000,0.0
1626407322000,0.0
1626407352000,0.0
1626407382000,0.0
1626407412000,0.0
1626407442000,0.0
1626407472000,0.0
1626407502000,0.0
1626407532000,0.0
1626407562000,0.0
1626407592000,0.0
1626407622000,0.0
1626407652000,0.0
1626407682000,0.0
1626407712000,0.0
1626407742000,0.0
1626407772000,0.0
1626407802000,0.0
1626407832000,0.0
1626407862000,0.0
1626407892000,0.0
1626407922000,0.0
1626407952000,0.0
1626407982000,0.0
1626408012000,0.0
1626408042000,0.0
1626408072000,0.0
1626408102000,0.0
1626408132000,0.0
1626408162000,0.0
1626408192000,0.0
1626408222000,0.0
1626408252000,0.0
1626408282000,0.0
1626408312000,0.0
1626408342000,0.0
1626408372000,0.0
1626408402000,0.0
1626408432000,0.0
1626408462000,0.0
1626408492000,0.0
1626408522000,0.0
1626408552000,0.0
1626408582000,0.0
1626408612000,0.0
1626408642000,0.0
1626408672000,0.0
1626408702000,0.0
1626408732000,0.0
1626408762000,0.0
1626408792000,0.0
1626408822000,0.0
1626408852000,0.0
1626408882000,0.0
1626408912000,0.0
1626408942000,0.0
1626408972000,0.0
1626409002000,0.0
1626409032000,0.0
1626409062000,0.0
1626409092000,0.0
1626409122000,0.0
1626409152000,0.0
1626409182000,0.0
1626409212000,0.0
1626409242000,0.0
1626409272000,0.0
1626409302000,0.0
1626409332000,0.0
1626409362000,0.0
1626409392000,0.0
1626409422000,0.0
1626409452000,0.0
1626409482000,0.0
1626409512000,0.0
1626409542000,0.0
1626409572000,0.0
1626409602000,0.0
1626409632000,0.0
1626409662000,0.0
1626409692000,0.0
1626409722000,0.0
1626409752000,0.0
1626409782000,0.0
1626409812000,0.0
1626409842000,0.0
1626409872000,0.0
1626409902000,0.0
1626409932000,0.0
1626409962000,0.0
1626409992000,0.0
1626410022000,0.0
1626410052000,0.0
1626410082000,0.0
1626410112000,0.0
1626410142000,0.0
1626410172000,0.0
1626410202000,0.0
1626410232000,0.0
1626410262000,0.0
1626410292000,0.0
1626410322000,0.0
1626410352000,0.0
1626410382000,0.0
1626410412000,0.0
1626410442000,0.0
1626410472000,0.0
1626410502000,0.0
1626410532000,0.0
1626410562000,0.0
1626410592000,0.0
1626410622000,0.0
1626410652000,0.0
1626410682000,0.0
1626410712000,0.0
1626410742000,0.0
1626410772000,0.0
1626410802000,0.0
1626410832000,0.0
1626410862000,0.0
1626410892000,0.0
1626410922000,0.0
1626410952000,0.0
1626410982000,0.0
1626411012000,0.0
1626411042000,0.0
1626411072000,0.0
1626411102000,0.0
1626411132000,0.0
1626411162000,0.0
1626411192000,0.0
1626411222000,0.0
1626411252000,0.0
1626411282000,0.0
1626411312000,0.0
1626411342000,0.0
1626411372000,0.0
1626411402000,0.0
1626411432000,0.0
1626411462000,0.0
1626411492000,0.0
1626411522000,0.0
1626411552000,0.0
1626411582000,0.0
1626411612000,0.0
1626411642000,0.0
1626411672000,0.0
1626411702000,0.0
1626411732000,0.0
1626411762000,0.0
1626411792000,0.0
1626411822000,0.0
1626411852000,0.0
1626411882000,0.0
1626411912000,0.0
1626411942000,0.0
1626411972000,0.0
1626412002000,0.0
1626412032000,0.0
1626412062000,0.0
1626412092000,0.0
1626412122000,0.0
1626412152000,0.0
1626412182000,0.0
1626412212000,0.0
1626412242000,0.0
1626412272000,0.0
1626412302000,0.0
1626412332000,0.0
1626412362000,0.0
1626412392000,0.0
1626412422000,0.0
1626412452000,0.0
1626412482000,0.0
1626412512000,0.0
1626412542000,0.0
1626412572000,0.0
1626412602000,0.0
1626412632000,0.0
1626412662000,0.0
1626412692000,0.0
1626412722000,0.0
1626412752000,0.0
1626412782000,0.0
1626412812000,0.0
1626412842000,0.0
1626412872000,0.0
1626412902000,0.0
1626412932000,0.0
1626412962000,0.0
1626412992000,0.0
1626413022000,0.0
1626413052000,0.0
1626413082000,0.0
1626413112000,0.0
1626413142000,0.0
1626413172000,0.0
1626413202000,0.0
1626413232000,0.0
1626413262000,0.0
1626413292000,0.0
1626413322000,0.0
1626413352000,0.0
1626413382000,0.0
1626413412000,0.0
1626413442000,0.0
1626413472000,0.0
1626413502000,0.0
1626413532000,0.0
1626413562000,0.0
1626413592000,0.0
1626413622000,0.0
1626413652000,0.0
1626413682000,0.0
1626413712000,0.0
1626413742000,0.0
1626413772000,0.0
1626413802000,0.0
1626413832000,0.0
1626413862000,0.0
1626413892000,0.0
1626413922000,0.0
1626413952000,0.0
1626413982000,0.0
1626414012000,0.0
1626414042000,0.0
1626414072000,0.0
1626414102000,0.0
1626414132000,0.0
1626414162000,0.0
1626414192000,0.0
1626414222000,0.0
1626414252000,0.0
1626414282000,0.0
1626414312000,0.0
1626414342000,0.0
1626414372000,0.0
1626414402000,0.0
1626414432000,0.0
1626414462000,0.0
1626414492000,0.0
1626414522000,0.0
1626414552000,0.0
1626414582000,0.0
1626414612000,0.0
1626414642000,0.0
1626414672000,0.0
1626414702000,0.0
1626414732000,0.0
1626414762000,0.0
1626414792000,0.0
1626414822000,0.0
1626414852000,0.0
1626414882000,0.0
1626414912000,0.0
1626414942000,0.00015354804570054118
1626414972000,0.0
1626415002000,0.0
1626415032000,0.0
1626415062000,0.0
1626415092000,0.0
1626415122000,0.0
1626415152000,0.0
1626415182000,0.0
1626415212000,0.0
1626415242000,0.0
1626415272000,0.0
1626415302000,0.0
1626415332000,0.0
1626415362000,0.0
1626415392000,0.0
1626415422000,0.0
1626415452000,0.0
1626415482000,0.0
1626415512000,0.0
1626415542000,0.0
1626415572000,0.0
1626415602000,0.0
1626415632000,0.0
1626415662000,0.0
1626415692000,0.0
1626415722000,0.0
1626415752000,0.0
1626415782000,0.0
1626415812000,0.0
1626415842000,0.0
1626415872000,0.0
1626415902000,0.0
1626415932000,0.0
1626415962000,0.0
1626415992000,0.0
1626416022000,0.0
1626416052000,0.0
1626416082000,0.0
1626416112000,0.0
1626416142000,0.0
1626416172000,0.0
1626416202000,0.0
1626416232000,0.0
1626416262000,0.0
1626416292000,0.0
1626416322000,0.0
1626416352000,0.0
1626416382000,0.0
1626416412000,0.0
1626416442000,0.0
1626416472000,0.0
1626416502000,0.0
1626416532000,0.0
1626416562000,0.0
1626416592000,0.0
1626416622000,0.0
1626416652000,0.0
1626416682000,0.0
1626416712000,0.0
1626416742000,0.0
1626416772000,0.0
1626416802000,0.0
1626416832000,0.0
1626416862000,0.0
1626416892000,0.0
1626416922000,0.0
1626416952000,0.0
1626416982000,0.0
1626417012000,0.0
1626417042000,0.0
1626417072000,0.0
1626417102000,0.0
1626417132000,0.0
1626417162000,0.0
1626417192000,0.0
1626417222000,0.0
1626417252000,0.0
1626417282000,0.0
1626417312000,0.0
1626417342000,0.0
1626417372000,0.0
1626417402000,0.0
1626417432000,0.0
1626417462000,0.0
1626417492000,0.0
1626417522000,0.0
1626417552000,0.0
1626417582000,0.0
1626417612000,0.0
1626417642000,0.0
1626417672000,0.0
1626417702000,0.0
1626417732000,0.0
1626417762000,0.0
1626417792000,0.0
1626417822000,0.0
1626417852000,0.0
1626417882000,0.0
1626417912000,0.0
1626417942000,0.0
1626417972000,0.0
1626418002000,0.0
1626418032000,0.0
1626418062000,0.0
1626418092000,0.0
1626418122000,0.0
1626418152000,0.0
1626418182000,0.0
1626418212000,0.0
1626418242000,0.0
1626418272000,0.0
1626418302000,0.0
1626418332000,0.0
1626418362000,0.0
1626418392000,0.0
1626418422000,0.0
1626418452000,0.0
1626418482000,0.0
1626418512000,0.0
1626418542000,0.0
1626418572000,0.0
1626418602000,0.0
1626418632000,0.0
1626418662000,0.0
1626418692000,0.0
1626418722000,0.0
1626418752000,0.0
1626418782000,0.0
1626418812000,0.0
1626418842000,0.0
1626418872000,0.0
1626418902000,0.0
1626418932000,0.0
1626418962000,0.0
1626418992000,0.0
1626419022000,0.0
1626419052000,0.0
1626419082000,0.0
1626419112000,0.0
1626419142000,0.0
1626419172000,0.0
1626419202000,0.0
1626419232000,0.0
1626419262000,0.0
1626419292000,0.0
1626419322000,0.0
1626419352000,0.0
1626419382000,0.0
1626419412000,0.0
1626419442000,0.0
1626419472000,0.0
1626419502000,0.0
1626419532000,0.0
1626419562000,0.0
1626419592000,0.0
1626419622000,0.0
1626419652000,0.0
1626419682000,0.0
1626419712000,0.0
1626419742000,0.0
1626419772000,0.0
1626419802000,0.0
1626419832000,0.0
1626419862000,0.0
1626419892000,0.0
1626419922000,0.0
1626419952000,0.0
1626419982000,0.0
1626420012000,0.0
1626420042000,0.0
1626420072000,0.0
1626420102000,0.0
1626420132000,0.0
1626420162000,0.0
1626420192000,0.0
1626420222000,0.0
1626420252000,0.0
1626420282000,0.0
1626420312000,0.0
1626420342000,0.0
1626420372000,0.0
1626420402000,0.0
1626420432000,0.0
1626420462000,0.0
1626420492000,0.0
1626420522000,0.0
1626420552000,0.0
1626420582000,0.0
1626420612000,0.0
1626420642000,0.0
1626420672000,0.0
1626420702000,0.0
1626420732000,0.0
1626420762000,0.0
1626420792000,0.0
1626420822000,0.0
1626420852000,0.0
1626420882000,0.0
1626420912000,0.0
1626420942000,0.0
1626420972000,0.0
1626421002000,0.0
1626421032000,0.0
1626421062000,0.0
1626421092000,0.0
1626421122000,0.0
1626421152000,0.0
1626421182000,0.0
1626421212000,0.0
1626421242000,0.0
1626421272000,0.0
1626421302000,0.0
1626421332000,0.0
1626421362000,0.0
1626421392000,0.0
1626421422000,0.0
1626421452000,0.0
1626421482000,0.0
1626421512000,0.0
1626421542000,0.0
1626421572000,0.0
1626421602000,0.0
1626421632000,0.0
1626421662000,0.0
1626421692000,0.0
1626421722000,0.0
1626421752000,0.0
1626421782000,0.0
1626421812000,0.0
1626421842000,0.0
1626421872000,0.0
1626421902000,0.0
1626421932000,0.0
1626421962000,0.0
1626421992000,0.0
1626422022000,0.0
1626422052000,0.0
1626422082000,0.0
1626422112000,0.0
1626422142000,0.0
1626422172000,0.0
1626422202000,0.0
1626422232000,0.0
1626422262000,0.0
1626422292000,0.0
1626422322000,0.0
1626422352000,0.0
1626422382000,0.0
1626422412000,0.0
1626422442000,0.0
1626422472000,0.0
1626422502000,0.0
1626422532000,0.0
1626422562000,0.0
1626422592000,0.0
1626422622000,0.00015256886735311932
1626422652000,0.0
1626422682000,0.0
1626422712000,0.0
1626422742000,0.0
1626422772000,0.0
1626422802000,0.0
1626422832000,0.0
1626422862000,0.0
1626422892000,0.0
1626422922000,0.0
1626422952000,0.0
1626422982000,0.0
1626423012000,0.0
1626423042000,0.0
1626423072000,0.0
1626423102000,0.0
1626423132000,0.0
1626423162000,0.0
1626423192000,0.0
1626423222000,0.0
1626423252000,0.0
1626423282000,0.0
1626423312000,0.0
1626423342000,0.0
1626423372000,0.0
1626423402000,0.0
1626423432000,0.0
1626423462000,0.0
1626423492000,0.0
1626423522000,0.0
1626423552000,0.0
1626423582000,0.0
1626423612000,0.0
1626423642000,0.0
1626423672000,0.0
1626423702000,0.0
1626423732000,0.0
1626423762000,0.0
1626423792000,0.0
1626423822000,0.0
1626423852000,0.0
1626423882000,0.0
1626423912000,0.0
1626423942000,0.0
1626423972000,0.0
1626424002000,0.0
1626424032000,0.0
1626424062000,0.0
1626424092000,0.0
1626424122000,0.0
1626424152000,0.0
1626424182000,0.0
1626424212000,0.0
1626424242000,0.0
1626424272000,0.0
1626424302000,0.0
1626424332000,0.0
1626424362000,0.0
1626424392000,0.0
1626424422000,0.0
1626424452000,0.0
1626424482000,0.0
1626424512000,0.0
1626424542000,0.0
1626424572000,0.0
1626424602000,0.0
1626424632000,0.0
1626424662000,0.0
1626424692000,0.0
1626424722000,0.0
1626424752000,0.0
1626424782000,0.0
1626424812000,0.0
1626424842000,0.0
1626424872000,0.0
1626424902000,0.0
1626424932000,0.0
1626424962000,0.0
1626424992000,0.0
1626425022000,0.0
1626425052000,0.0
1626425082000,0.0
1626425112000,0.0
1626425142000,0.0
1626425172000,0.0
1626425202000,0.0
1626425232000,0.0
1626425262000,0.0
1626425292000,0.0
1626425322000,0.0
1626425352000,0.0
1626425382000,0.0
1626425412000,0.0
1626425442000,0.0
1626425472000,0.0
1626425502000,0.0
1626425532000,0.0
1626425562000,0.0
1626425592000,0.0
1626425622000,0.0
1626425652000,0.0
1626425682000,0.0
1626425712000,0.0
1626425742000,0.0
1626425772000,0.0
1626425802000,0.0
1626425832000,0.0
1626425862000,0.0
1626425892000,0.0
1626425922000,0.0
1626425952000,0.0
1626425982000,0.0
1626426012000,0.0
1626426042000,0.0
1626426072000,0.0
1626426102000,0.0
1626426132000,0.0
1626426162000,0.0
1626426192000,0.0
1626426222000,0.0
1626426252000,0.0
1626426282000,0.0
1626426312000,0.0
1626426342000,0.0
1626426372000,0.0
1626426402000,0.0
1626426432000,0.0
1626426462000,0.0
1626426492000,0.0
1626426522000,0.0
1626426552000,0.0
1626426582000,0.0
1626426612000,0.0
1626426642000,0.0
1626426672000,0.0
1626426702000,0.0
1626426732000,0.0
1626426762000,0.0
1626426792000,0.0
1626426822000,0.0
1626426852000,0.0
1626426882000,0.0
1626426912000,0.0
1626426942000,0.0
1626426972000,0.0
1626427002000,0.0
1626427032000,0.0
1626427062000,0.0
1626427092000,0.0
1626427122000,0.0
1626427152000,0.0
1626427182000,0.0
1626427212000,0.0
1626427242000,0.0
1626427272000,0.0
1626427302000,0.0
1626427332000,0.0
1626427362000,0.0
1626427392000,0.0
1626427422000,0.0
1626427452000,0.0
1626427482000,0.0
1626427512000,0.0
1626427542000,0.0
1626427572000,0.0
1626427602000,0.0
1626427632000,0.0
1626427662000,0.0
1626427692000,0.0
1626427722000,0.0
1626427752000,0.0
1626427782000,0.0
1626427812000,0.0
1626427842000,0.0
1626427872000,0.0
1626427902000,0.0
1626427932000,0.0
1626427962000,0.0
1626427992000,0.0
1626428022000,0.0
1626428052000,0.0
1626428082000,0.0
1626428112000,0.0
1626428142000,0.0
1626428172000,0.0
1626428202000,0.0
1626428232000,0.0
1626428262000,0.0
1626428292000,0.0
1626428322000,0.0
1626428352000,0.0
1626428382000,0.0
1626428412000,0.0
1626428442000,0.0
1626428472000,0.0
1626428502000,0.0
1626428532000,0.0
1626428562000,0.0
1626428592000,0.0
1626428622000,0.0
1626428652000,0.0
1626428682000,0.0
1626428712000,0.0
1626428742000,0.0
1626428772000,0.0
1626428802000,0.0
1626428832000,0.0
1626428862000,0.0
1626428892000,0.0
1626428922000,0.0
1626428952000,0.0
1626428982000,0.0
1626429012000,0.0
1626429042000,0.0
1626429072000,0.0
1626429102000,0.0
1626429132000,0.0
1626429162000,0.0
1626429192000,0.0
1626429222000,0.0
1626429252000,0.0
1626429282000,0.0
1626429312000,0.0
1626429342000,0.0
1626429372000,0.0
1626429402000,0.0
1626429432000,0.0
1626429462000,0.0
1626429492000,0.0
1626429522000,0.0
1626429552000,0.0
1626429582000,0.0
1626429612000,0.0
1626429642000,0.0
1626429672000,0.0
1626429702000,0.0
1626429732000,0.0
1626429762000,0.0
1626429792000,0.0
1626429822000,0.0
1626429852000,0.0
1626429882000,0.0
1626429912000,0.0
1626429942000,0.0
1626429972000,0.0
1626430002000,0.0
1626430032000,0.0
1626430062000,0.0
1626430092000,0.0
1626430122000,0.0
1626430152000,0.0
1626430182000,0.0
1626430212000,0.0
1626430242000,0.0
1626430272000,0.0
1626430302000,0.0
1626430332000,0.0
1626430362000,0.0
1626430392000,0.0
1626430422000,0.0
1626430452000,0.0
1626430482000,0.0
1626430512000,0.0
1626430542000,0.0
1626430572000,0.0
1626430602000,0.0
1626430632000,0.0
1626430662000,0.0
1626430692000,0.0
1626430722000,0.0
1626430752000,0.0
1626430782000,0.0
1626430812000,0.0
1626430842000,0.0
1626430872000,0.0
1626430902000,0.0
1626430932000,0.0
1626430962000,0.0
1626430992000,0.0
1626431022000,0.0
1626431052000,0.0
1626431082000,0.0
1626431112000,0.0
1626431142000,0.0
1626431172000,0.0
1626431202000,0.0
1626431232000,0.0
1626431262000,0.0
1626431292000,0.0
1626431322000,0.0
1626431352000,0.0
1626431382000,0.0
1626431412000,0.0
1626431442000,0.0
1626431472000,0.0
1626431502000,0.0
1626431532000,0.0
1626431562000,0.0
1626431592000,0.0
1626431622000,0.0
1626431652000,0.0
1626431682000,0.0
1626431712000,0.0
1626431742000,0.0
1626431772000,0.0
1626431802000,0.0
1626431832000,0.0
1626431862000,0.0
1626431892000,0.0
1626431922000,0.0
1626431952000,0.0
1626431982000,0.0
1626432012000,0.0
1626432042000,0.0
1626432072000,0.0
1626432102000,0.0
1626432132000,0.0
1626432162000,0.0
1626432192000,0.0
1626432222000,0.0
1626432252000,0.0
1626432282000,0.0
1626432312000,0.0
1626432342000,0.0
1626432372000,0.0
1626432402000,0.0
1626432432000,0.0
1626432462000,0.0
1626432492000,0.0
1626432522000,0.0
1626432552000,0.0
1626432582000,0.0
1626432612000,0.0
1626432642000,0.0
1626432672000,0.0
1626432702000,0.0
1626432732000,0.0
1626432762000,0.0
1626432792000,0.0
1626432822000,0.0
1626432852000,0.0
1626432882000,0.0
1626432912000,0.0
1626432942000,0.0
1626432972000,0.0
1626433002000,0.0
1626433032000,0.0
1626433062000,0.0
1626433092000,0.0
1626433122000,0.0
1626433152000,0.0
1626433182000,0.0
1626433212000,0.0
1626433242000,0.0
1626433272000,0.0
1626433302000,0.0
1626433332000,0.0
1626433362000,0.0
1626433392000,0.0
1626433422000,0.0
1626433452000,0.0
1626433482000,0.0
1626433512000,0.0
1626433542000,0.0
1626433572000,0.0
1626433602000,0.0
1626433632000,0.0
1626433662000,0.0
1626433692000,0.0
1626433722000,0.0
1626433752000,0.0
1626433782000,0.0
1626433812000,0.0
1626433842000,0.0
1626433872000,0.0
1626433902000,0.0
1626433932000,0.0
1626433962000,0.0
1626433992000,0.0
1626434022000,0.0
1626434052000,0.0
1626434082000,0.0
1626434112000,0.0
1626434142000,0.0
1626434172000,0.0
1626434202000,0.0
1626434232000,0.0
1626434262000,0.0
1626434292000,0.0
1626434322000,0.0
1626434352000,0.0
1626434382000,0.0
1626434412000,0.0
1626434442000,0.0
1626434472000,0.0
1626434502000,0.0
1626434532000,0.0
1626434562000,0.0
1626434592000,0.0
1626434622000,0.0
1626434652000,0.0
1626434682000,0.0
1626434712000,0.0
1626434742000,0.0
1626434772000,0.0
1626434802000,0.0
1626434832000,0.0
1626434862000,0.0
1626434892000,0.0
1626434922000,0.0
1626434952000,0.0
1626434982000,0.0
1626435012000,0.0
1626435042000,0.0
1626435072000,0.0
1626435102000,0.0
1626435132000,0.0
1626435162000,0.0
1626435192000,0.0
1626435222000,0.0
1626435252000,0.0
1626435282000,0.0
1626435312000,0.0
1626435342000,0.0
1626435372000,0.0
1626435402000,0.0
1626435432000,0.0
1626435462000,0.0
1626435492000,0.0
1626435522000,0.0
1626435552000,0.0
1626435582000,0.0
1626435612000,0.0
1626435642000,0.0
1626435672000,0.0
1626435702000,0.0
1626435732000,0.0
1626435762000,0.0
1626435792000,0.0
1626435822000,0.0
1626435852000,0.0
1626435882000,0.0
1626435912000,0.0
1626435942000,0.0
1626435972000,0.0
1626436002000,0.0
1626436032000,0.0
1626436062000,0.0
1626436092000,0.0
1626436122000,0.0
1626436152000,0.0
1626436182000,0.0
1626436212000,0.0
1626436242000,0.0
1626436272000,0.0
1626436302000,0.0
1626436332000,0.0
1626436362000,0.0
1626436392000,0.0
1626436422000,0.0
1626436452000,0.0
1626436482000,0.0
1626436512000,0.0
1626436542000,0.0
1626436572000,0.0
1626436602000,0.0
1626436632000,0.0
1626436662000,0.0
1626436692000,0.0
1626436722000,0.0
1626436752000,0.0
1626436782000,0.0
1626436812000,0.0
1626436842000,0.0
1626436872000,0.0
1626436902000,0.0
1626436932000,0.0
1626436962000,0.0
1626436992000,0.0
1626437022000,0.0
1626437052000,0.0
1626437082000,0.0
1626437112000,0.0
1626437142000,0.0
1626437172000,0.0
1626437202000,0.0
1626437232000,0.0
1626437262000,0.0
1626437292000,0.0
1626437322000,0.0
1626437352000,0.0
1626437382000,0.0
1626437412000,0.0
1626437442000,0.0
1626437472000,0.0
1626437502000,0.0
1626437532000,0.0
1626437562000,0.0
1626437592000,0.0
1626437622000,0.0
1626437652000,0.0
1626437682000,0.0
1626437712000,0.0
1626437742000,0.0
1626437772000,0.0
1626437802000,0.0
1626437832000,0.0
1626437862000,0.0
1626437892000,0.0
1626437922000,0.0
1626437952000,0.0
1626437982000,0.0
1626438012000,0.0002143526627218935
1626438042000,0.0
1626438072000,0.0
1626438102000,0.0
1626438132000,0.0
1626438162000,0.0
1626438192000,0.0
1626438222000,0.00011351272727272728
1626438252000,0.0
1626438282000,0.0
1626438312000,0.0
1626438342000,0.0
1626438372000,0.0
1626438402000,0.0
1626438432000,0.0
1626438462000,0.0
1626438492000,0.0
1626438522000,0.0
1626438552000,0.0
1626438582000,0.0
1626438612000,0.0
1626438642000,0.0
1626438672000,0.0
1626438702000,0.0
1626438732000,0.0
1626438762000,0.0
1626438792000,0.0
1626438822000,0.0
1626438852000,0.0
1626438882000,0.0
1626438912000,0.0
1626438942000,0.0
1626438972000,0.0
1626439002000,0.0
1626439032000,0.0
1626439062000,0.0
1626439092000,0.0
1626439122000,0.0
1626439152000,0.0
1626439182000,0.0
1626439212000,0.0
1626439242000,0.0
1626439272000,0.0
1626439302000,0.0
1626439332000,0.0
1626439362000,0.0
1626439392000,0.0
1626439422000,0.0
1626439452000,0.0
1626439482000,0.0
1626439512000,0.0
1626439542000,0.0
1626439572000,0.0
1626439602000,0.0
1626439632000,0.0
1626439662000,0.0
1626439692000,0.0
1626439722000,0.0
1626439752000,0.0
1626439782000,0.0
1626439812000,0.0
1626439842000,0.0
1626439872000,0.0
1626439902000,0.0
1626439932000,0.0
1626439962000,0.0
1626439992000,0.0
1626440022000,0.0
1626440052000,0.0
1626440082000,0.0
1626440112000,0.0
1626440142000,0.0
1626440172000,0.0
1626440202000,0.0
1626440232000,0.0
1626440262000,0.0
1626440292000,0.0
1626440322000,0.0
1626440352000,0.0
1626440382000,0.0
1626440412000,0.0
1626440442000,0.0
1626440472000,0.0
1626440502000,0.0
1626440532000,0.0
1626440562000,0.0
1626440592000,0.0
1626440622000,0.0
1626440652000,0.0
1626440682000,0.0
1626440712000,0.0
1626440742000,0.0
1626440772000,0.0
1626440802000,0.0
1626440832000,0.0
1626440862000,0.0
1626440892000,0.0
1626440922000,0.0
1626440952000,0.0
1626440982000,0.0
1626441012000,0.0
1626441042000,0.0
1626441072000,0.0
1626441102000,0.0
1626441132000,0.0
1626441162000,0.0
1626441192000,0.0
1626441222000,0.0
1626441252000,0.0
1626441282000,0.0
1626441312000,0.0
1626441342000,0.0
1626441372000,0.0
1626441402000,0.0
1626441432000,0.0
1626441462000,0.0
1626441492000,0.0
1626441522000,0.0
1626441552000,0.0
1626441582000,0.0
1626441612000,0.0
1626441642000,0.0
1626441672000,0.0
1626441702000,0.0
1626441732000,0.0
1626441762000,0.0
1626441792000,0.0
1626441822000,0.0
1626441852000,0.0
1626441882000,0.0
1626441912000,0.0
1626441942000,0.0
1626441972000,0.0
1626442002000,0.0
1626442032000,0.0
1626442062000,0.0
1626442092000,0.0
1626442122000,0.0
1626442152000,0.0
1626442182000,0.0
1626442212000,0.0
1626442242000,0.0
1626442272000,0.0
1626442302000,0.0
1626442332000,0.0
1626442362000,0.0
1626442392000,0.0
1626442422000,0.0
1626442452000,0.0
1626442482000,0.0
1626442512000,0.0
1626442542000,0.0
1626442572000,0.0
1626442602000,0.0
1626442632000,0.0
1626442662000,0.0
1626442692000,0.0
1626442722000,0.0
1626442752000,0.0
1626442782000,0.0
1626442812000,0.0
1626442842000,0.0
1626442872000,0.0
1626442902000,0.0
1626442932000,0.0
1626442962000,0.0
1626442992000,0.0
1626443022000,0.0
1626443052000,0.0
1626443082000,0.0
1626443112000,0.0
1626443142000,0.0
1626443172000,0.0
1626443202000,0.0
1626443232000,0.0
1626443262000,0.0
1626443292000,0.0
1626443322000,0.0
1626443352000,0.0
1626443382000,0.0
1626443412000,0.0
1626443442000,0.0
1626443472000,0.0
1626443502000,0.0
1626443532000,0.0
1626443562000,0.0
1626443592000,0.0
1626443622000,0.0
1626443652000,0.0
1626443682000,0.0
1626443712000,0.0
1626443742000,0.0
1626443772000,0.0
1626443802000,0.0
1626443832000,0.0
1626443862000,0.0
1626443892000,0.0
1626443922000,0.0
1626443952000,0.0
1626443982000,0.0
1626444012000,0.0
1626444042000,0.0
1626444072000,0.0
1626444102000,0.0
1626444132000,0.0
1626444162000,0.0
1626444192000,0.0
1626444222000,0.0
1626444252000,0.0
1626444282000,0.0
1626444312000,0.0
1626444342000,0.0
1626444372000,0.0
1626444402000,0.0
1626444432000,0.0
1626444462000,0.0
1626444492000,0.0
1626444522000,0.0
1626444552000,0.0
1626444582000,0.0
1626444612000,0.0
1626444642000,0.0
1626444672000,0.0
1626444702000,0.0
1626444732000,0.0
1626444762000,0.0
1626444792000,0.0
1626444822000,0.0
1626444852000,0.0
1626444882000,0.0
1626444912000,0.0
1626444942000,0.0
1626444972000,0.0
1626445002000,0.0
1626445032000,0.0
1626445062000,0.0
1626445092000,0.0
1626445122000,0.0
1626445152000,0.0
1626445182000,0.0
1626445212000,0.0
1626445242000,0.0
1626445272000,0.0
1626445302000,0.0
1626445332000,0.0
1626445362000,0.0
1626445392000,0.0
1626445422000,0.0
1626445452000,0.0
1626445482000,0.0
1626445512000,0.0
1626445542000,0.0
1626445572000,0.0
1626445602000,0.0
1626445632000,0.0
1626445662000,0.0
1626445692000,0.0
1626445722000,0.0
1626445752000,0.0
1626445782000,0.0
1626445812000,0.0
1626445842000,0.0
1626445872000,0.0
1626445902000,0.0
1626445932000,0.0
1626445962000,0.0
1626445992000,0.0
1626446022000,0.0
1626446052000,0.0
1626446082000,0.0
1626446112000,0.0
1626446142000,0.0
1626446172000,0.0
1626446202000,0.0
1626446232000,0.0
1626446262000,0.0
1626446292000,0.0
1626446322000,0.0
1626446352000,0.0
1626446382000,0.0
1626446412000,0.0
1626446442000,0.0
1626446472000,0.0
1626446502000,0.0
1626446532000,0.0
1626446562000,0.0
1626446592000,0.0
1626446622000,0.0
1626446652000,0.0
1626446682000,0.0
1626446712000,0.0
1626446742000,0.0
1626446772000,0.0
1626446802000,0.0
1626446832000,0.0
1626446862000,0.0
1626446892000,0.0
1626446922000,0.0
1626446952000,0.0
1626446982000,0.0
1626447012000,0.0
1626447042000,0.0
1626447072000,0.0
1626447102000,0.0
1626447132000,0.0
1626447162000,0.0
1626447192000,0.0
1626447222000,0.0006246316807738816
1626447252000,0.0
1626447282000,0.0
1626447312000,0.0
1626447342000,0.0
1626447372000,0.00018110695443645085
1626447402000,0.0
1626447432000,0.0
1626447462000,0.0
1626447492000,0.0
1626447522000,0.0
1626447552000,0.0
1626447582000,0.0
1626447612000,0.0
1626447642000,0.0
1626447672000,0.0
1626447702000,0.0
1626447732000,0.0
1626447762000,0.0
1626447792000,0.0
1626447822000,0.0
1626447852000,0.0
1626447882000,0.0
1626447912000,0.0
1626447942000,0.0
1626447972000,0.0
1626448002000,0.0004168722920406942
1626448032000,0.0
1626448062000,0.0
1626448092000,0.0
1626448122000,0.0
1626448152000,0.0
1626448182000,0.0
1626448212000,0.0
1626448242000,0.0
1626448272000,0.0
1626448302000,0.0
1626448332000,0.0
1626448362000,0.0
1626448392000,0.0
1626448422000,0.0
1626448452000,0.0
1626448482000,0.0
1626448512000,0.0
1626448542000,0.0
1626448572000,0.0
1626448602000,0.0
1626448632000,0.0
1626448662000,0.0
1626448692000,0.0
1626448722000,0.0
1626448752000,0.0
1626448782000,0.0
1626448812000,0.0
1626448842000,0.0
1626448872000,0.0
1626448902000,0.0
1626448932000,0.0
1626448962000,0.0
1626448992000,0.0
1626449022000,0.0
1626449052000,0.0
1626449082000,0.0
1626449112000,0.0
1626449142000,0.0
1626449172000,0.0
1626449202000,0.0
1626449232000,0.0
1626449262000,0.0
1626449292000,0.0
1626449322000,0.0
1626449352000,0.0
1626449382000,0.0
1626449412000,0.0
1626449442000,0.0
1626449472000,0.0
1626449502000,0.0
1626449532000,0.0
1626449562000,0.0
1626449592000,0.0
1626449622000,0.0
1626449652000,0.0
1626449682000,0.0
1626449712000,0.0
1626449742000,0.0
1626449772000,0.0
1626449802000,0.0
1626449832000,0.0
1626449862000,0.0
1626449892000,0.0
1626449922000,0.0
1626449952000,0.0
1626449982000,0.0
1626450012000,0.0
1626450042000,0.0
1626450072000,0.0
1626450102000,0.0
1626450132000,0.0
1626450162000,0.0
1626450192000,0.0
1626450222000,0.0
1626450252000,0.00015481070559610706
1626450282000,0.0
1626450312000,0.0
1626450342000,0.0
1626450372000,0.0
1626450402000,0.0
1626450432000,0.0
1626450462000,0.0
1626450492000,0.0
1626450522000,0.0
1626450552000,0.0
1626450582000,0.0
1626450612000,0.0
1626450642000,0.0
1626450672000,0.0
1626450702000,0.0
1626450732000,0.0
1626450762000,0.0
1626450792000,0.0
1626450822000,0.0
1626450852000,0.0
1626450882000,0.0
1626450912000,0.0
1626450942000,0.0
1626450972000,0.0
1626451002000,0.0
1626451032000,0.0
1626451062000,0.0
1626451092000,0.0
1626451122000,0.0
1626451152000,0.0
1626451182000,0.0
1626451212000,0.0
1626451242000,0.0
1626451272000,0.0
1626451302000,0.0
1626451332000,0.0
1626451362000,0.0
1626451392000,0.0
1626451422000,0.0
1626451452000,0.0
1626451482000,0.0
1626451512000,0.0
1626451542000,0.0
1626451572000,0.0
1626451602000,0.0
1626451632000,0.0
1626451662000,0.0
1626451692000,0.0
1626451722000,0.0
1626451752000,0.0
1626451782000,0.0
1626451812000,0.0
1626451842000,0.0
1626451872000,0.0
1626451902000,0.0
1626451932000,0.0
1626451962000,0.0
1626451992000,0.0
1626452022000,0.0
1626452052000,0.0
1626452082000,0.0
1626452112000,0.0
1626452142000,0.0
1626452172000,0.0
1626452202000,0.0
1626452232000,0.0
1626452262000,0.0
1626452292000,0.0
1626452322000,0.0
1626452352000,0.0
1626452382000,0.0
1626452412000,0.0
1626452442000,0.0
1626452472000,0.0
1626452502000,0.0
1626452532000,0.0
1626452562000,0.0
1626452592000,0.0
1626452622000,0.0
1626452652000,0.0
1626452682000,0.0
1626452712000,0.0
1626452742000,0.0
1626452772000,0.0
1626452802000,0.0
1626452832000,0.0
1626452862000,0.0
1626452892000,0.0
1626452922000,0.0
1626452952000,0.0
1626452982000,0.0
1626453012000,0.0
1626453042000,0.0
1626453072000,0.0
1626453102000,0.0
1626453132000,0.0
1626453162000,0.0
1626453192000,0.0
1626453222000,0.0
1626453252000,0.0
1626453282000,0.0
1626453312000,0.0
1626453342000,0.0
1626453372000,0.0
1626453402000,0.0
1626453432000,0.0
1626453462000,0.0
1626453492000,0.0
1626453522000,0.0
1626453552000,0.0
1626453582000,0.0
1626453612000,0.0
1626453642000,0.0
1626453672000,0.0
1626453702000,0.0
1626453732000,0.0
1626453762000,0.0
1626453792000,0.0
1626453822000,0.0
1626453852000,0.0
1626453882000,0.0
1626453912000,0.0
1626453942000,0.0
1626453972000,0.0
1626454002000,0.0
1626454032000,0.0
1626454062000,0.0
1626454092000,0.0
1626454122000,0.0
1626454152000,0.0
1626454182000,0.0
1626454212000,0.0
1626454242000,0.0
1626454272000,0.0
1626454302000,0.0
1626454332000,0.0
1626454362000,0.0
1626454392000,0.0
1626454422000,0.0
1626454452000,0.0
1626454482000,0.0
1626454512000,0.0
1626454542000,0.0
1626454572000,0.0
1626454602000,0.0
1626454632000,0.0
1626454662000,0.0
1626454692000,0.0
1626454722000,0.0
1626454752000,0.0
1626454782000,0.0
1626454812000,0.0
1626454842000,0.00026967587034813924
1626454872000,0.0
1626454902000,0.0
1626454932000,0.0
1626454962000,0.0
1626454992000,0.0
1626455022000,0.0
1626455052000,0.0
1626455082000,0.0
1626455112000,0.0
1626455142000,0.0
1626455172000,0.0
1626455202000,0.0
1626455232000,0.0
1626455262000,0.0
1626455292000,0.0
1626455322000,0.0
1626455352000,0.0
1626455382000,0.0
1626455412000,0.0
1626455442000,0.0
1626455472000,0.0
1626455502000,0.0
1626455532000,0.0
1626455562000,0.0
1626455592000,0.0
1626455622000,0.0
1626455652000,0.0
1626455682000,0.0
1626455712000,0.0
1626455742000,0.0
1626455772000,0.0
1626455802000,0.0
1626455832000,0.0
1626455862000,0.0
1626455892000,0.0
1626455922000,0.0
1626455952000,0.0
1626455982000,0.0
1626456012000,0.0
1626456042000,0.0
1626456072000,0.0
1626456102000,0.0
1626456132000,0.0
1626456162000,0.0
1626456192000,0.0
1626456222000,0.0
1626456252000,0.0
1626456282000,0.0
1626456312000,0.0
1626456342000,0.0
1626456372000,0.0
1626456402000,0.0
1626456432000,0.0
1626456462000,0.0
1626456492000,0.0
1626456522000,0.0
1626456552000,0.0
1626456582000,0.0
1626456612000,0.0
1626456642000,0.0
1626456672000,0.0
1626456702000,0.0
1626456732000,0.0
1626456762000,0.0
1626456792000,0.0
1626456822000,0.0
1626456852000,0.00013995154511742893
1626456882000,0.0005641367272727273
1626456912000,0.0
1626456942000,0.0
1626456972000,0.0
1626457002000,0.0
1626457032000,0.0
1626457062000,0.0
1626457092000,0.0
1626457122000,0.0
1626457152000,0.0
1626457182000,0.0
1626457212000,0.0
1626457242000,0.0
1626457272000,0.0
1626457302000,0.0
1626457332000,0.0
1626457362000,0.0
1626457392000,0.0
1626457422000,0.0
1626457452000,0.0
1626457482000,0.0
1626457512000,0.0
1626457542000,0.0
1626457572000,0.0
1626457602000,0.0
1626457632000,0.0
1626457662000,0.0
1626457692000,0.0
1626457722000,0.0
1626457752000,0.0
1626457782000,0.0
1626457812000,0.0
1626457842000,0.0
1626457872000,0.0
1626457902000,0.0
1626457932000,0.0
1626457962000,0.0
1626457992000,0.0
1626458022000,0.0
1626458052000,0.0
1626458082000,0.0
1626458112000,0.0
1626458142000,0.0
1626458172000,0.0
1626458202000,0.0
1626458232000,0.0
1626458262000,0.0
1626458292000,0.0
1626458322000,0.0
1626458352000,0.0
1626458382000,0.0
1626458412000,0.0
1626458442000,0.0
1626458472000,0.0
1626458502000,0.00042921075794621026
1626458532000,0.0
1626458562000,0.0
1626458592000,0.0
1626458622000,0.0
1626458652000,0.0
1626458682000,0.0
1626458712000,0.0
1626458742000,0.0
1626458772000,0.0
1626458802000,0.0
1626458832000,0.0
1626458862000,0.0
1626458892000,0.0
1626458922000,0.0
1626458952000,0.0
1626458982000,0.0
1626459012000,0.0
1626459042000,0.0
1626459072000,0.0
1626459102000,0.0
1626459132000,0.0
1626459162000,0.0
1626459192000,0.0
1626459222000,0.0
1626459252000,0.0
1626459282000,0.0
1626459312000,0.0
1626459342000,0.0
1626459372000,0.0
1626459402000,0.0
1626459432000,0.0
1626459462000,0.0
1626459492000,0.0
1626459522000,0.0
1626459552000,0.0
1626459582000,0.0
1626459612000,0.0
1626459642000,0.0
1626459672000,0.0
1626459702000,0.0
1626459732000,0.0
1626459762000,0.0
1626459792000,0.0
1626459822000,0.0
1626459852000,0.0
1626459882000,0.0
1626459912000,0.0
1626459942000,0.0
1626459972000,0.0
1626460002000,0.0
1626460032000,0.0
1626460062000,0.0
1626460092000,0.0
1626460122000,0.0
1626460152000,0.0
1626460182000,0.0
1626460212000,0.0
1626460242000,0.0
1626460272000,0.0
1626460302000,0.0
1626460332000,0.0
1626460362000,0.0
1626460392000,0.0
1626460422000,0.0
1626460452000,0.0
1626460482000,0.0
1626460512000,0.0
1626460542000,0.0
1626460572000,0.0
1626460602000,0.0
1626460632000,0.0
1626460662000,0.0
1626460692000,0.0
1626460722000,0.0
1626460752000,0.0
1626460782000,0.0
1626460812000,0.0
1626460842000,0.0
1626460872000,0.0
1626460902000,0.0
1626460932000,0.0
1626460962000,0.0
1626460992000,0.0
1626461022000,0.0
1626461052000,0.0
1626461082000,0.0
1626461112000,0.0
1626461142000,0.0
1626461172000,0.0
1626461202000,0.0
1626461232000,0.0
1626461262000,0.0
1626461292000,0.0
1626461322000,0.0
1626461352000,0.0
1626461382000,0.0
1626461412000,0.0
1626461442000,0.0
1626461472000,0.0
1626461502000,0.0
1626461532000,0.0
1626461562000,0.0
1626461592000,0.0
1626461622000,0.0
1626461652000,0.0
1626461682000,0.0
1626461712000,0.0
1626461742000,0.0
1626461772000,0.0
1626461802000,0.0
1626461832000,0.0
1626461862000,0.0
1626461892000,0.0
1626461922000,0.0
1626461952000,0.0
1626461982000,0.0
1626462012000,0.0
1626462042000,0.0
1626462072000,0.0
1626462102000,0.0
1626462132000,0.0
1626462162000,0.0
1626462192000,0.0
1626462222000,0.0
1626462252000,1.4194020744356314e-05
1626462282000,0.0
1626462312000,0.0
1626462342000,0.0
1626462372000,0.00030023007159904534
1626462402000,0.0
1626462432000,0.0
1626462462000,0.0
1626462492000,0.0
1626462522000,0.0
1626462552000,0.0
1626462582000,0.0
1626462612000,0.0
1626462642000,0.0
1626462672000,0.0
1626462702000,0.0
1626462732000,0.0
1626462762000,0.0
1626462792000,0.0
1626462822000,0.0
1626462852000,0.0
1626462882000,0.0
1626462912000,0.0
1626462942000,0.0
1626462972000,0.0
1626463002000,0.0
1626463032000,0.0
1626463062000,0.0
1626463092000,0.0
1626463122000,0.0
1626463152000,0.0
1626463182000,0.0
1626463212000,0.0
1626463242000,0.0
1626463272000,0.0
1626463302000,0.0
1626463332000,0.0
1626463362000,0.0
1626463392000,0.0
1626463422000,0.0
1626463452000,0.0
1626463482000,0.0
1626463512000,0.0
1626463542000,0.0
1626463572000,0.0
1626463602000,0.0
1626463632000,0.0
1626463662000,0.0
1626463692000,0.0
1626463722000,0.0
1626463752000,0.0
1626463782000,0.0
1626463812000,0.0
1626463842000,0.0
1626463872000,0.0
1626463902000,0.0
1626463932000,0.0
1626463962000,0.0
1626463992000,0.0
1626464022000,0.0
1626464052000,0.0
1626464082000,0.0
1626464112000,0.0007151990184049079
1626464142000,0.0
1626464172000,0.0
1626464202000,0.0
1626464232000,0.0
1626464262000,0.0
1626464292000,0.0
1626464322000,0.0
1626464352000,0.0
1626464382000,0.0
1626464412000,0.0
1626464442000,0.0
1626464472000,0.0
1626464502000,0.0
1626464532000,0.0
1626464562000,0.0
1626464592000,0.0
1626464622000,0.0
1626464652000,0.0
1626464682000,0.0
1626464712000,0.0
1626464742000,0.0
1626464772000,0.0
1626464802000,0.0
1626464832000,0.0
1626464862000,0.0
1626464892000,0.0
1626464922000,0.0
1626464952000,0.0
1626464982000,0.0
1626465012000,0.0
1626465042000,0.0
1626465072000,0.0
1626465102000,0.0
1626465132000,0.0
1626465162000,0.0
1626465192000,0.0
1626465222000,0.0
1626465252000,0.0
1626465282000,0.0
1626465312000,0.0
1626465342000,0.0
1626465372000,0.0
1626465402000,0.0
1626465432000,0.0
1626465462000,0.0
1626465492000,0.0
1626465522000,0.0
1626465552000,0.0
1626465582000,0.0
1626465612000,0.0
1626465642000,0.0
1626465672000,0.0
1626465702000,0.0
1626465732000,0.0
1626465762000,0.0
1626465792000,0.0
1626465822000,0.0
1626465852000,0.0
1626465882000,0.0
1626465912000,0.0
1626465942000,0.0
1626465972000,0.0
1626466002000,0.0
1626466032000,0.0
1626466062000,0.0
1626466092000,0.0
1626466122000,0.0
1626466152000,0.0
1626466182000,0.0
1626466212000,0.0
1626466242000,0.0
1626466272000,0.0
1626466302000,0.0
1626466332000,0.0
1626466362000,0.0
1626466392000,0.0
1626466422000,0.0
1626466452000,0.0
1626466482000,0.0
1626466512000,0.0
1626466542000,0.0
1626466572000,0.0
1626466602000,0.0
1626466632000,0.0
1626466662000,0.0
1626466692000,0.0
1626466722000,0.0
1626466752000,0.0
1626466782000,0.0
1626466812000,0.0
1626466842000,0.0
1626466872000,0.0
1626466902000,0.0
1626466932000,0.0
1626466962000,0.0
1626466992000,0.0
1626467022000,0.0
1626467052000,0.0
1626467082000,0.0
1626467112000,0.0
1626467142000,0.0
1626467172000,0.0
1626467202000,0.0
1626467232000,0.0
1626467262000,0.0
1626467292000,0.0
1626467322000,0.0
1626467352000,0.0
1626467382000,0.0
1626467412000,0.0
1626467442000,0.0
1626467472000,0.0
1626467502000,0.0
1626467532000,0.0
1626467562000,0.0
1626467592000,0.0
1626467622000,0.0
1626467652000,0.0
1626467682000,0.0
1626467712000,0.0
1626467742000,0.0
1626467772000,0.0
1626467802000,0.0
1626467832000,0.0
1626467862000,0.0
1626467892000,0.0
1626467922000,0.0
1626467952000,0.0
1626467982000,0.0
1626468012000,0.0
1626468042000,0.0
1626468072000,0.0
1626468102000,0.0
1626468132000,0.0
1626468162000,0.0
1626468192000,0.0
1626468222000,0.0
1626468252000,0.0
1626468282000,0.0
1626468312000,0.0
1626468342000,0.0
1626468372000,0.0
1626468402000,0.0
1626468432000,0.0
1626468462000,0.0
1626468492000,0.0
1626468522000,0.0
1626468552000,0.0
1626468582000,0.0
1626468612000,0.0
1626468642000,0.0
1626468672000,0.0
1626468702000,0.0
1626468732000,0.0
1626468762000,0.0
1626468792000,0.0
1626468822000,0.0
1626468852000,0.0
1626468882000,0.0
1626468912000,0.0
1626468942000,0.0
1626468972000,0.0
1626469002000,0.0
1626469032000,0.0
1626469062000,0.0
1626469092000,0.0
1626469122000,0.0
1626469152000,0.0
1626469182000,0.0
1626469212000,0.0
1626469242000,0.0
1626469272000,0.0
1626469302000,0.0
1626469332000,0.0
1626469362000,0.0
1626469392000,0.0
1626469422000,0.0
1626469452000,0.0
1626469482000,0.0
1626469512000,0.0
1626469542000,0.0
1626469572000,0.0
1626469602000,0.0
1626469632000,0.0
1626469662000,0.0
1626469692000,0.0
1626469722000,0.0
1626469752000,0.0
1626469782000,0.0
1626469812000,0.0
1626469842000,0.0
1626469872000,0.0
1626469902000,0.0
1626469932000,0.0
1626469962000,0.0
1626469992000,0.0
1626470022000,0.0
1626470052000,0.0
1626470082000,0.0
1626470112000,0.0
1626470142000,0.0
1626470172000,0.0
1626470202000,0.0
1626470232000,0.0
1626470262000,0.0
1626470292000,0.0
1626470322000,0.0
1626470352000,0.0
1626470382000,0.0
1626470412000,0.0
1626470442000,0.0
1626470472000,0.0
1626470502000,0.0
1626470532000,0.0
1626470562000,0.0
1626470592000,0.0
1626470622000,0.0
1626470652000,0.0
1626470682000,0.0
1626470712000,0.0
1626470742000,0.0
1626470772000,0.0
1626470802000,0.0
1626470832000,0.0
1626470862000,0.0
1626470892000,0.0
1626470922000,0.0
1626470952000,0.0
1626470982000,0.0
1626471012000,0.0
1626471042000,0.0
1626471072000,0.0
1626471102000,0.0
1626471132000,0.0
1626471162000,0.0
1626471192000,0.0
1626471222000,0.0
1626471252000,0.0
1626471282000,0.0
1626471312000,0.0
1626471342000,0.0
1626471372000,0.0
1626471402000,0.0
1626471432000,0.0
1626471462000,0.0
1626471492000,0.0
1626471522000,0.0
1626471552000,0.0
1626471582000,0.0
1626471612000,0.0
1626471642000,0.0
1626471672000,0.0
1626471702000,0.0
1626471732000,0.0
1626471762000,0.0
1626471792000,0.0
1626471822000,0.0
1626471852000,0.0
1626471882000,0.0
1626471912000,0.0
1626471942000,0.0
1626471972000,0.0
1626472002000,0.0
1626472032000,0.0
1626472062000,0.0
1626472092000,0.0
1626472122000,0.0
1626472152000,0.0
1626472182000,0.0
1626472212000,0.0
1626472242000,0.0
1626472272000,0.0
1626472302000,0.0
1626472332000,0.0
1626472362000,0.0
1626472392000,0.0
1626472422000,0.0
1626472452000,0.0
1626472482000,0.0
1626472512000,0.0
1626472542000,0.0
1626472572000,0.0
1626472602000,0.0
1626472632000,0.0
1626472662000,0.0
1626472692000,0.0
1626472722000,0.0
1626472752000,0.0
1626472782000,0.0
1626472812000,0.0
1626472842000,0.0
1626472872000,0.0
1626472902000,0.0
1626472932000,0.0
1626472962000,0.0
1626472992000,8.793325387365911e-06
1626473022000,0.0
1626473052000,0.0
1626473082000,0.0
1626473112000,0.0
1626473142000,0.0
1626473172000,0.0
1626473202000,0.0
1626473232000,0.0
1626473262000,0.0
1626473292000,0.0
1626473322000,0.0
1626473352000,0.0
1626473382000,0.0
1626473412000,0.0
1626473442000,0.0
1626473472000,0.0
1626473502000,0.0
1626473532000,0.0
1626473562000,0.0
1626473592000,0.0
1626473622000,0.0
1626473652000,0.0
1626473682000,0.0
1626473712000,0.0
1626473742000,0.0
1626473772000,0.0
1626473802000,0.0
1626473832000,0.0
1626473862000,0.0
1626473892000,7.438848920863309e-06
1626473922000,0.0
1626473952000,0.0
1626473982000,0.0
1626474012000,0.0
1626474042000,0.0001849421020282729
1626474072000,0.00017807493917274938
1626474102000,0.0
1626474132000,0.0012965339841366687
1626474162000,0.0
1626474192000,0.0
1626474222000,0.0
1626474252000,0.0
1626474282000,0.0
1626474312000,0.0
1626474342000,0.0
1626474372000,0.0
1626474402000,0.0
1626474432000,0.0
1626474462000,0.0
1626474492000,0.0
1626474522000,0.0
1626474552000,0.0
1626474582000,0.0
1626474612000,0.0
1626474642000,0.0
1626474672000,0.0
1626474702000,0.0
1626474732000,0.0
1626474762000,0.0
1626474792000,0.0
1626474822000,0.0
1626474852000,0.0
1626474882000,0.0
1626474912000,0.0
1626474942000,0.0
1626474972000,0.0
1626475002000,0.0
1626475032000,0.0
1626475062000,0.0
1626475092000,0.0
1626475122000,0.0
1626475152000,0.0
1626475182000,0.0
1626475212000,0.0
1626475242000,0.0
1626475272000,0.0
1626475302000,0.0
1626475332000,0.0
1626475362000,0.0
1626475392000,0.0
1626475422000,0.0
1626475452000,0.0
1626475482000,0.0
1626475512000,0.0
1626475542000,0.0
1626475572000,0.0
1626475602000,0.0
1626475632000,0.0
1626475662000,0.0
1626475692000,0.0
1626475722000,0.0
1626475752000,0.0
1626475782000,0.0
1626475812000,0.0
1626475842000,0.0
1626475872000,0.0
1626475902000,0.0
1626475932000,0.0
1626475962000,0.0
1626475992000,0.0
1626476022000,0.0
1626476052000,0.0
1626476082000,0.0
1626476112000,0.0
1626476142000,0.0
1626476172000,0.0
1626476202000,0.0
1626476232000,0.0
1626476262000,0.0
1626476292000,0.0
1626476322000,0.0
1626476352000,0.0
1626476382000,0.0
1626476412000,0.0
1626476442000,0.0
1626476472000,0.0
1626476502000,0.0
1626476532000,0.0
1626476562000,0.0
1626476592000,0.0
1626476622000,0.000417163184079602
1626476652000,0.0
1626476682000,0.0
1626476712000,1.3266341463414633e-05
1626476742000,0.0
1626476772000,0.0
1626476802000,0.0
1626476832000,0.0
1626476862000,0.0
1626476892000,0.0
1626476922000,0.0
1626476952000,0.0
1626476982000,0.0
1626477012000,0.0
1626477042000,0.0
1626477072000,0.0
1626477102000,0.0
1626477132000,0.0
1626477162000,0.0
1626477192000,0.0
1626477222000,0.0
1626477252000,0.0
1626477282000,0.0
1626477312000,0.0
1626477342000,0.0
1626477372000,0.0
1626477402000,0.0
1626477432000,0.0
1626477462000,0.0
1626477492000,0.0
1626477522000,0.0
1626477552000,0.0
1626477582000,0.0
1626477612000,0.0
1626477642000,0.0
1626477672000,0.0
1626477702000,0.0
1626477732000,0.0
1626477762000,0.0
1626477792000,0.0
1626477822000,0.0
1626477852000,0.0004669802409638554
1626477882000,0.0
1626477912000,0.0
1626477942000,0.0
1626477972000,0.0
1626478002000,0.0
1626478032000,0.0
1626478062000,0.0
1626478092000,0.0
1626478122000,0.0
1626478152000,0.0
1626478182000,0.0
1626478212000,0.0
1626478242000,0.0
1626478272000,0.0
1626478302000,0.0
1626478332000,0.0
1626478362000,8.757713583282114e-05
1626478392000,0.0
1626478422000,0.0
1626478452000,0.0
1626478482000,0.0
1626478512000,0.0
1626478542000,0.0
1626478572000,0.0
1626478602000,0.0
1626478632000,0.0
1626478662000,0.0
1626478692000,0.0
1626478722000,0.0
1626478752000,0.0
1626478782000,0.0
1626478812000,0.0
1626478842000,0.0
1626478872000,0.0
1626478902000,0.0
1626478932000,0.0
1626478962000,4.951724137931034e-06
1626478992000,0.0
1626479022000,0.0
1626479052000,0.0
1626479082000,0.0
1626479112000,0.0
1626479142000,0.0
1626479172000,0.0
1626479202000,0.0
1626479232000,0.0
1626479262000,0.0
1626479292000,0.0
1626479322000,0.0
1626479352000,0.0
1626479382000,0.0
1626479412000,0.0
1626479442000,0.0
1626479472000,0.0
1626479502000,0.0
1626479532000,0.0
1626479562000,0.0
1626479592000,0.0
1626479622000,0.00011816582976117575
1626479652000,0.0
1626479682000,0.0
1626479712000,0.0
1626479742000,0.0
1626479772000,0.0
1626479802000,0.0
1626479832000,0.0
1626479862000,0.0
1626479892000,0.0
1626479922000,0.0
1626479952000,0.0
1626479982000,0.0
1626480012000,0.0
1626480042000,0.0
1626480072000,0.0
1626480102000,0.0
1626480132000,9.742617283950617e-05
1626480162000,0.0
1626480192000,0.0
1626480222000,0.0
1626480252000,0.0
1626480282000,0.0
1626480312000,0.0
1626480342000,0.0
1626480372000,0.0
1626480402000,0.0
1626480432000,0.0
1626480462000,0.0
1626480492000,0.0
1626480522000,0.0
1626480552000,0.0
1626480582000,0.0
1626480612000,0.0
1626480642000,0.0
1626480672000,0.0
1626480702000,0.0
1626480732000,0.0
1626480762000,0.0
1626480792000,0.0
1626480822000,0.0
1626480852000,0.0
1626480882000,0.0
1626480912000,0.0
1626480942000,0.0
1626480972000,0.0
1626481002000,0.0
1626481032000,0.0
1626481062000,0.0
1626481092000,0.0
1626481122000,0.0
1626481152000,0.0
1626481182000,0.0
1626481212000,0.0
1626481242000,0.0
1626481272000,0.0
1626481302000,0.0
1626481332000,0.0
1626481362000,0.0
1626481392000,0.0
1626481422000,0.0
1626481452000,0.0
1626481482000,0.0
1626481512000,0.0
1626481542000,0.0
1626481572000,0.0
1626481602000,0.0
1626481632000,0.0
1626481662000,0.0
1626481692000,0.0
1626481722000,0.0
1626481752000,0.0
1626481782000,0.0
1626481812000,0.0
1626481842000,0.0
1626481872000,0.0
1626481902000,0.0
1626481932000,0.0
1626481962000,0.0
1626481992000,0.0
1626482022000,0.0
1626482052000,0.0
1626482082000,0.0
1626482112000,0.0
1626482142000,0.0
1626482172000,0.0
1626482202000,0.0
1626482232000,0.0
1626482262000,0.0
1626482292000,0.0
1626482322000,0.0
1626482352000,0.0
1626482382000,0.0
1626482412000,0.0
1626482442000,0.0
1626482472000,0.0
1626482502000,0.0
1626482532000,0.0
1626482562000,0.0
1626482592000,0.0
1626482622000,0.0
1626482652000,0.0
1626482682000,0.0
1626482712000,0.0
1626482742000,0.0
1626482772000,0.0
1626482802000,0.0
1626482832000,0.0
1626482862000,0.0
1626482892000,0.0
1626482922000,0.0
1626482952000,0.0
1626482982000,0.0
1626483012000,0.0
1626483042000,0.0
1626483072000,0.0
1626483102000,0.0
1626483132000,0.0
1626483162000,0.0
1626483192000,0.0
1626483222000,0.0
1626483252000,0.0
1626483282000,0.0
1626483312000,0.0
1626483342000,0.0003244419782870929
1626483372000,0.0
1626483402000,0.0
1626483432000,0.0
1626483462000,0.0
1626483492000,0.0
1626483522000,0.0
1626483552000,0.0
1626483582000,0.0
1626483612000,0.0
1626483642000,0.0
1626483672000,0.0
1626483702000,0.0
1626483732000,0.0
1626483762000,0.0
1626483792000,0.0
1626483822000,0.0
1626483852000,0.0
1626483882000,0.0
1626483912000,0.0
1626483942000,0.0
1626483972000,0.0
1626484002000,0.0
1626484032000,0.0
1626484062000,0.0
1626484092000,0.0
1626484122000,0.0
1626484152000,0.0
1626484182000,0.0
1626484212000,0.0
1626484242000,0.0
1626484272000,0.0
1626484302000,0.0
1626484332000,0.0
1626484362000,0.0
1626484392000,0.0
1626484422000,0.0
1626484452000,0.0
1626484482000,0.0
1626484512000,0.0
1626484542000,0.0
1626484572000,0.0
1626484602000,0.0
1626484632000,0.0
1626484662000,0.0
1626484692000,0.0
1626484722000,0.0
1626484752000,0.0
1626484782000,0.0
1626484812000,0.0
1626484842000,0.0
1626484872000,0.0
1626484902000,0.0
1626484932000,0.0
1626484962000,0.0
1626484992000,0.0
1626485022000,0.0
1626485052000,0.0
1626485082000,0.0
1626485112000,0.0
1626485142000,0.0
1626485172000,0.0
1626485202000,0.0
1626485232000,0.0
1626485262000,0.0
1626485292000,0.0
1626485322000,0.0
1626485352000,0.0
1626485382000,0.0
1626485412000,0.0
1626485442000,0.0
1626485472000,0.0
1626485502000,0.0
1626485532000,0.0
1626485562000,0.0
1626485592000,0.0
1626485622000,0.0
1626485652000,0.0
1626485682000,0.0
1626485712000,0.0
1626485742000,0.0
1626485772000,0.0
1626485802000,0.0
1626485832000,0.0
1626485862000,0.0
1626485892000,0.0
1626485922000,0.0
1626485952000,0.0
1626485982000,0.0
1626486012000,0.0
1626486042000,0.0
1626486072000,0.0
1626486102000,0.0
1626486132000,0.0
1626486162000,0.0
1626486192000,0.0
1626486222000,0.0
1626486252000,0.00015622280912364945
1626486282000,0.0
1626486312000,0.0005896706748466258
1626486342000,0.0004004812613705276
1626486372000,0.0
1626486402000,0.0
1626486432000,0.0
1626486462000,0.0
1626486492000,0.0
1626486522000,0.0
1626486552000,0.0
1626486582000,0.00016481729729729729
1626486612000,0.0
1626486642000,0.00013617292046144504
1626486672000,0.0
1626486702000,0.0
1626486732000,0.0
1626486762000,0.0
1626486792000,0.0
1626486822000,0.0
1626486852000,0.0
1626486882000,0.0
1626486912000,0.0
1626486942000,0.0
1626486972000,0.0
1626487002000,0.0004519300121506683
1626487032000,0.0
1626487062000,0.0
1626487092000,0.0
1626487122000,0.0
1626487152000,0.0
1626487182000,0.0
1626487212000,0.0
1626487242000,0.0
1626487272000,0.0
1626487302000,0.0
1626487332000,0.0
1626487362000,0.0
1626487392000,0.0
1626487422000,0.0
1626487452000,0.0
1626487482000,0.0
1626487512000,0.0
1626487542000,0.0
1626487572000,0.0
1626487602000,0.0
1626487632000,0.0
1626487662000,0.0
1626487692000,0.0
1626487722000,0.0
1626487752000,0.0
1626487782000,0.0
1626487812000,0.0
1626487842000,0.0
1626487872000,0.0
1626487902000,0.0
1626487932000,0.0
1626487962000,0.0
1626487992000,0.0
1626488022000,0.0
1626488052000,0.0
1626488082000,0.0
1626488112000,0.0
1626488142000,0.0
1626488172000,0.0
1626488202000,0.0
1626488232000,0.0
1626488262000,0.0
1626488292000,0.0
1626488322000,0.0
1626488352000,0.0
1626488382000,0.0
1626488412000,0.0
1626488442000,0.0
1626488472000,0.0
1626488502000,0.0
1626488532000,0.0
1626488562000,0.0
1626488592000,0.0
1626488622000,0.0
1626488652000,0.0
1626488682000,0.0
1626488712000,0.0
1626488742000,0.0
1626488772000,0.0
1626488802000,0.0
1626488832000,0.0
1626488862000,0.0
1626488892000,0.0
1626488922000,0.0
1626488952000,0.0
1626488982000,0.0
1626489012000,0.0
1626489042000,0.0
1626489072000,0.0
1626489102000,0.0
1626489132000,0.0
1626489162000,0.0
1626489192000,0.0
1626489222000,0.0
1626489252000,0.0
1626489282000,0.0
1626489312000,0.0
1626489342000,0.0
1626489372000,0.0
1626489402000,0.0
1626489432000,0.0
1626489462000,0.0
1626489492000,0.0
1626489522000,0.0
1626489552000,0.0
1626489582000,0.0
1626489612000,0.0
1626489642000,0.0
1626489672000,0.0
1626489702000,0.0
1626489732000,0.0
1626489762000,0.0
1626489792000,0.0
1626489822000,0.0
1626489852000,0.0
1626489882000,0.0
1626489912000,0.0
1626489942000,0.0
1626489972000,0.0
1626490002000,0.0
1626490032000,0.0
1626490062000,0.0
1626490092000,0.0
1626490122000,0.0
1626490152000,0.0
1626490182000,0.0
1626490212000,0.0
1626490242000,0.0
1626490272000,0.0
1626490302000,0.0
1626490332000,0.0
1626490362000,0.0
1626490392000,0.0
1626490422000,0.0
1626490452000,0.0
1626490482000,0.0
1626490512000,0.0
1626490542000,0.0
1626490572000,0.0
1626490602000,0.0
1626490632000,0.0
1626490662000,0.0
1626490692000,0.0
1626490722000,0.0
1626490752000,0.0
1626490782000,0.0
1626490812000,0.0
1626490842000,0.0
1626490872000,0.0
1626490902000,0.0
1626490932000,0.0
1626490962000,0.0
1626490992000,0.0
1626491022000,0.0
1626491052000,0.0
1626491082000,0.0
1626491112000,0.0
1626491142000,0.0
1626491172000,0.0
1626491202000,0.0
1626491232000,0.0
1626491262000,0.0
1626491292000,0.0
1626491322000,0.0
1626491352000,0.0
1626491382000,0.0
1626491412000,0.0
1626491442000,0.0
1626491472000,0.0
1626491502000,0.0
1626491532000,0.0
1626491562000,0.0
1626491592000,0.0
1626491622000,0.0
1626491652000,0.0
1626491682000,0.0
1626491712000,0.0
1626491742000,0.0
1626491772000,0.0
1626491802000,0.0
1626491832000,0.0
1626491862000,0.0
1626491892000,0.0
1626491922000,0.0
1626491952000,0.0
1626491982000,0.0
1626492012000,0.0
1626492042000,0.0
1626492072000,0.0
1626492102000,0.0
1626492132000,0.0
1626492162000,0.0
1626492192000,0.0
1626492222000,0.0
1626492252000,0.0
1626492282000,0.0
1626492312000,0.0
1626492342000,0.0
1626492372000,0.0
1626492402000,0.0
1626492432000,0.0
1626492462000,0.0
1626492492000,0.0
1626492522000,0.0
1626492552000,0.0
1626492582000,0.0
1626492612000,0.0
1626492642000,0.0
1626492672000,0.0
1626492702000,0.0
1626492732000,0.0
1626492762000,0.0
1626492792000,0.0
1626492822000,0.0
1626492852000,0.0
1626492882000,0.0
1626492912000,0.0
1626492942000,0.0
1626492972000,0.0
1626493002000,0.0
1626493032000,0.0
1626493062000,0.0
1626493092000,0.0
1626493122000,0.0
1626493152000,0.0
1626493182000,0.0
1626493212000,0.0
1626493242000,0.0
1626493272000,0.0
1626493302000,0.0
1626493332000,0.0
1626493362000,0.0
1626493392000,0.0
1626493422000,0.0
1626493452000,0.0
1626493482000,0.0
1626493512000,0.0
1626493542000,0.0
1626493572000,0.0
1626493602000,0.0
1626493632000,0.0
1626493662000,0.0
1626493692000,0.0
1626493722000,0.0
1626493752000,0.0
1626493782000,0.0
1626493812000,0.0
1626493842000,0.0
1626493872000,0.0
1626493902000,0.0
1626493932000,0.0
1626493962000,0.0
1626493992000,0.0
1626494022000,0.0
1626494052000,0.0
1626494082000,0.0
1626494112000,0.0
1626494142000,0.0
1626494172000,0.0
1626494202000,0.0
1626494232000,0.0
1626494262000,0.0
1626494292000,0.0
1626494322000,0.0
1626494352000,0.0
1626494382000,0.0
1626494412000,0.0
1626494442000,0.0
1626494472000,0.0
1626494502000,0.0
1626494532000,0.0
1626494562000,0.0
1626494592000,0.0
1626494622000,0.0
1626494652000,0.0
1626494682000,0.0
1626494712000,0.0
1626494742000,0.0
1626494772000,0.0
1626494802000,0.0
1626494832000,0.0
1626494862000,0.0
1626494892000,0.0
1626494922000,0.0
1626494952000,0.0
1626494982000,0.0
1626495012000,0.0
1626495042000,0.0
1626495072000,0.0
1626495102000,0.0
1626495132000,0.0
1626495162000,0.0
1626495192000,0.0
1626495222000,0.0
1626495252000,0.0
1626495282000,0.0
1626495312000,0.0
1626495342000,0.0
1626495372000,0.0
1626495402000,0.0
1626495432000,0.0
1626495462000,0.0
1626495492000,0.0
1626495522000,0.0
1626495552000,0.0
1626495582000,0.0
1626495612000,0.0
1626495642000,0.0
1626495672000,0.0
1626495702000,0.0
1626495732000,0.0
1626495762000,0.0
1626495792000,0.0
1626495822000,0.0
1626495852000,0.0
1626495882000,0.0
1626495912000,0.0
1626495942000,0.0
1626495972000,0.0
1626496002000,0.0
1626496032000,0.0
1626496062000,0.0
1626496092000,0.0
1626496122000,0.0
1626496152000,0.0
1626496182000,0.0
1626496212000,0.0
1626496242000,0.0
1626496272000,0.0
1626496302000,0.0
1626496332000,0.0
1626496362000,0.0
1626496392000,0.0
1626496422000,0.0
1626496452000,0.0
1626496482000,0.0
1626496512000,0.0
1626496542000,0.0
1626496572000,0.0
1626496602000,0.0
1626496632000,0.0
1626496662000,0.0
1626496692000,0.0
1626496722000,0.0
1626496752000,0.0
1626496782000,0.0
1626496812000,0.0
1626496842000,0.0
1626496872000,0.0
1626496902000,0.0
1626496932000,0.0
1626496962000,0.0
1626496992000,0.0
1626497022000,0.0
1626497052000,0.0
1626497082000,0.0
1626497112000,0.0
1626497142000,0.0
1626497172000,0.0
1626497202000,0.0
1626497232000,0.0
1626497262000,0.0
1626497292000,0.0
1626497322000,0.0
1626497352000,0.0
1626497382000,0.0
1626497412000,0.0
1626497442000,0.0
1626497472000,0.0
1626497502000,0.0
1626497532000,0.0
1626497562000,0.0
1626497592000,0.0
1626497622000,0.0
1626497652000,0.0
1626497682000,0.0
1626497712000,0.0
1626497742000,0.0
1626497772000,0.0
1626497802000,0.0
1626497832000,0.0
1626497862000,0.0
1626497892000,0.0
1626497922000,0.0
1626497952000,0.0
1626497982000,0.0
1626498012000,0.0
1626498042000,0.0
1626498072000,0.0
1626498102000,0.0
1626498132000,0.0
1626498162000,0.0
1626498192000,0.0
1626498222000,0.0
1626498252000,0.0
1626498282000,0.0
1626498312000,0.0
1626498342000,0.0
1626498372000,0.0
1626498402000,0.0
1626498432000,0.0
1626498462000,0.0
1626498492000,0.0
1626498522000,0.0
1626498552000,0.0
1626498582000,0.0
1626498612000,0.0
1626498642000,0.0
1626498672000,0.0
1626498702000,0.0
1626498732000,0.0
1626498762000,0.0
1626498792000,0.0
1626498822000,0.0
1626498852000,0.0
1626498882000,0.0
1626498912000,0.0
1626498942000,0.0
1626498972000,0.0
1626499002000,0.0
1626499032000,0.0
1626499062000,0.0
1626499092000,0.0
1626499122000,0.0
1626499152000,0.0
1626499182000,0.0
1626499212000,0.0
1626499242000,0.0
1626499272000,0.0
1626499302000,0.0
1626499332000,0.0
1626499362000,0.0
1626499392000,0.0
1626499422000,0.0
1626499452000,0.0
1626499482000,0.0
1626499512000,0.0
1626499542000,0.0
1626499572000,0.0
1626499602000,0.0
1626499632000,0.0
1626499662000,0.0
1626499692000,0.0
1626499722000,0.0
1626499752000,0.0
1626499782000,0.0
1626499812000,0.0
1626499842000,0.0
1626499872000,0.0
1626499902000,0.0
1626499932000,0.0
1626499962000,0.0
1626499992000,0.0
1626500022000,0.0
1626500052000,0.0
1626500082000,0.0
1626500112000,0.0
1626500142000,0.0
1626500172000,0.0
1626500202000,0.0
1626500232000,0.0
1626500262000,0.0
1626500292000,0.0
1626500322000,0.0
1626500352000,0.0
1626500382000,0.0
1626500412000,0.0
1626500442000,0.0
1626500472000,0.0
1626500502000,0.0
1626500532000,0.0
1626500562000,0.0
1626500592000,0.0
1626500622000,0.0
1626500652000,0.0
1626500682000,0.0
1626500712000,0.0
1626500742000,0.0
1626500772000,0.0
1626500802000,0.0
1626500832000,0.0
1626500862000,0.0
1626500892000,0.0
1626500922000,0.0
1626500952000,0.0
1626500982000,0.0
1626501012000,0.0
1626501042000,0.0
1626501072000,0.0
1626501102000,0.0
1626501132000,0.0
1626501162000,0.0
1626501192000,0.0
1626501222000,0.0
1626501252000,0.0
1626501282000,0.0
1626501312000,0.0
1626501342000,0.0
1626501372000,0.0
1626501402000,0.0
1626501432000,0.0
1626501462000,0.0
1626501492000,0.0
1626501522000,0.0
1626501552000,0.0
1626501582000,0.0
1626501612000,0.0
1626501642000,0.0
1626501672000,0.0
1626501702000,0.0
1626501732000,0.0
1626501762000,0.0
1626501792000,0.0
1626501822000,0.0
1626501852000,0.0
1626501882000,0.0
1626501912000,0.0
1626501942000,0.0
1626501972000,0.0
1626502002000,0.0
1626502032000,0.0
1626502062000,0.0
1626502092000,0.0
1626502122000,0.0
1626502152000,0.0
1626502182000,0.0
1626502212000,0.0
1626502242000,0.0
1626502272000,0.0
1626502302000,0.0
1626502332000,0.0
1626502362000,0.0
1626502392000,0.0
1626502422000,0.0
1626502452000,0.0
1626502482000,0.0
1626502512000,0.0
1626502542000,0.0
1626502572000,0.0
1626502602000,0.0
1626502632000,0.0
1626502662000,0.0
1626502692000,0.0
1626502722000,0.0
1626502752000,0.0
1626502782000,0.0
1626502812000,0.0
1626502842000,0.0
1626502872000,0.0
1626502902000,0.0
1626502932000,0.0
1626502962000,0.0
1626502992000,0.0
1626503022000,0.0
1626503052000,0.0
1626503082000,0.0
1626503112000,0.0
1626503142000,0.0
1626503172000,0.0
1626503202000,0.0
1626503232000,0.0
1626503262000,0.0
1626503292000,0.0
1626503322000,0.0
1626503352000,0.0
1626503382000,0.0
1626503412000,0.0
1626503442000,0.0
1626503472000,0.0
1626503502000,0.0
1626503532000,0.0
1626503562000,0.0
1626503592000,0.0
1626503622000,0.0
1626503652000,0.0
1626503682000,0.0
1626503712000,0.0
1626503742000,0.0
1626503772000,0.0
1626503802000,0.0
1626503832000,0.0
1626503862000,0.0
1626503892000,0.0
1626503922000,0.0
1626503952000,0.0
1626503982000,0.0
1626504012000,0.0
1626504042000,0.0
1626504072000,0.0
1626504102000,0.0
1626504132000,0.0
1626504162000,0.0
1626504192000,0.0
1626504222000,0.0
1626504252000,0.0
1626504282000,0.0
1626504312000,0.0
1626504342000,0.0
1626504372000,0.0
1626504402000,0.0
1626504432000,0.0
1626504462000,0.0
1626504492000,0.0
1626504522000,0.0
1626504552000,0.0
1626504582000,0.0
1626504612000,0.0
1626504642000,0.0
1626504672000,0.0
1626504702000,0.0
1626504732000,0.0
1626504762000,0.0
1626504792000,0.0
1626504822000,0.0
1626504852000,0.0
1626504882000,0.0
1626504912000,0.0
1626504942000,0.0
1626504972000,0.0
1626505002000,0.0005984226183159189
1626505032000,0.0
1626505062000,0.0
1626505092000,0.0
1626505122000,0.0
1626505152000,0.0
1626505182000,0.0
1626505212000,0.0
1626505242000,0.0
1626505272000,0.0
1626505302000,0.0
1626505332000,0.0
1626505362000,0.0
1626505392000,0.0
1626505422000,0.0
1626505452000,0.0
1626505482000,0.0
1626505512000,0.0
1626505542000,0.0
1626505572000,0.0
1626505602000,0.0
1626505632000,0.0
1626505662000,0.0
1626505692000,0.0
1626505722000,0.0
1626505752000,0.0
1626505782000,0.0
1626505812000,0.0
1626505842000,0.0
1626505872000,0.0
1626505902000,0.0
1626505932000,0.0
1626505962000,0.0
1626505992000,0.0
1626506022000,0.0
1626506052000,0.0
1626506082000,0.0
1626506112000,0.0
1626506142000,0.0
1626506172000,0.0
1626506202000,0.0
1626506232000,0.0
1626506262000,0.0
1626506292000,0.0
1626506322000,0.0
1626506352000,0.0
1626506382000,0.0
1626506412000,0.0
1626506442000,0.0
1626506472000,0.0
1626506502000,0.0
1626506532000,0.0
1626506562000,0.0
1626506592000,0.0
1626506622000,0.0
1626506652000,0.0
1626506682000,0.0
1626506712000,0.0
1626506742000,0.0
1626506772000,0.0
1626506802000,0.0
1626506832000,0.0
1626506862000,0.0
1626506892000,0.0
1626506922000,0.0
1626506952000,0.0
1626506982000,0.0
1626507012000,0.0
1626507042000,0.0
1626507072000,0.0
1626507102000,0.0
1626507132000,0.0
1626507162000,0.0
1626507192000,0.0
1626507222000,0.0
1626507252000,0.0
1626507282000,0.0
1626507312000,0.0
1626507342000,0.0
1626507372000,0.0
1626507402000,0.0
1626507432000,0.0
1626507462000,0.0
1626507492000,0.0
1626507522000,0.0
1626507552000,0.0
1626507582000,0.0
1626507612000,0.0
1626507642000,0.0
1626507672000,0.0
1626507702000,0.0
1626507732000,0.0
1626507762000,0.0
1626507792000,0.0
1626507822000,0.0
1626507852000,0.0
1626507882000,0.0
1626507912000,0.0
1626507942000,0.0
1626507972000,0.0
1626508002000,0.0
1626508032000,0.0
1626508062000,0.0
1626508092000,0.0
1626508122000,0.0
1626508152000,0.0
1626508182000,0.0
1626508212000,0.0
1626508242000,0.0
1626508272000,0.0
1626508302000,0.0
1626508332000,0.0
1626508362000,0.0
1626508392000,0.0
1626508422000,0.0
1626508452000,0.0
1626508482000,0.0
1626508512000,0.0
1626508542000,0.0
1626508572000,0.0
1626508602000,0.0
1626508632000,0.0
1626508662000,0.0
1626508692000,0.0
1626508722000,0.0
1626508752000,0.0
1626508782000,0.0
1626508812000,0.0
1626508842000,0.0
1626508872000,0.0
1626508902000,0.0
1626508932000,0.0
1626508962000,0.0
1626508992000,0.0
1626509022000,0.0
1626509052000,0.0
1626509082000,0.0
1626509112000,0.0
1626509142000,0.0
1626509172000,0.0
1626509202000,0.0
1626509232000,0.0
1626509262000,0.0
1626509292000,0.0
1626509322000,0.0
1626509352000,0.0
1626509382000,0.0
1626509412000,0.0
1626509442000,0.0
1626509472000,0.0
1626509502000,0.0
1626509532000,0.0
1626509562000,0.0
1626509592000,0.0
1626509622000,0.0
1626509652000,0.0
1626509682000,0.0
1626509712000,0.0
1626509742000,0.0
1626509772000,0.0
1626509802000,0.0
1626509832000,0.0
1626509862000,0.0
1626509892000,0.0
1626509922000,0.0
1626509952000,0.0
1626509982000,0.0
1626510012000,0.0
1626510042000,0.0
1626510072000,0.0
1626510102000,0.0
1626510132000,0.0
1626510162000,0.0
1626510192000,0.0
1626510222000,0.0
1626510252000,0.0
1626510282000,0.0
1626510312000,0.0
1626510342000,0.0
1626510372000,0.0
1626510402000,0.0
1626510432000,0.0
1626510462000,0.0
1626510492000,0.0
1626510522000,0.0
1626510552000,0.0
1626510582000,0.0
1626510612000,0.0
1626510642000,0.0
1626510672000,0.0
1626510702000,0.0
1626510732000,0.0
1626510762000,0.0
1626510792000,0.0
1626510822000,0.0
1626510852000,0.0
1626510882000,0.0
1626510912000,0.0
1626510942000,0.0
1626510972000,0.0
1626511002000,0.0
1626511032000,0.0
1626511062000,0.0
1626511092000,0.0
1626511122000,0.0
1626511152000,0.0
1626511182000,0.0
1626511212000,0.0
1626511242000,0.0
1626511272000,0.0
1626511302000,0.0
1626511332000,0.0
1626511362000,0.0
1626511392000,0.0
1626511422000,0.0
1626511452000,0.0
1626511482000,0.0
1626511512000,0.0
1626511542000,0.0
1626511572000,0.0
1626511602000,0.0
1626511632000,0.0
1626511662000,0.0
1626511692000,0.0
1626511722000,0.0
1626511752000,0.0
1626511782000,0.0
1626511812000,0.0
1626511842000,0.0
1626511872000,0.0
1626511902000,0.0
1626511932000,0.0
1626511962000,0.0
1626511992000,0.0
1626512022000,0.0
1626512052000,0.0
1626512082000,0.0
1626512112000,0.0
1626512142000,0.0
1626512172000,0.0
1626512202000,0.0
1626512232000,0.0
1626512262000,0.0
1626512292000,0.0
1626512322000,0.0
1626512352000,0.0
1626512382000,0.0
1626512412000,0.0
1626512442000,0.0
1626512472000,0.0
1626512502000,0.0
1626512532000,0.0
1626512562000,0.0
1626512592000,0.0
1626512622000,0.0
1626512652000,0.0
1626512682000,0.0008502154566744731
1626512712000,0.0
1626512742000,0.0
1626512772000,0.0
1626512802000,0.0
1626512832000,0.0
1626512862000,0.0
1626512892000,0.0
1626512922000,0.0
1626512952000,0.0
1626512982000,0.0
1626513012000,0.0
1626513042000,0.0
1626513072000,0.0
1626513102000,0.0
1626513132000,0.0
1626513162000,0.0
1626513192000,0.0
1626513222000,0.0
1626513252000,0.0
1626513282000,0.0
1626513312000,0.0
1626513342000,0.0
1626513372000,0.0
1626513402000,0.0
1626513432000,0.0
1626513462000,0.0
1626513492000,0.0
1626513522000,0.0
1626513552000,0.0
1626513582000,0.0
1626513612000,0.0
1626513642000,0.0
1626513672000,0.0
1626513702000,0.0
1626513732000,0.0
1626513762000,0.0
1626513792000,0.0
1626513822000,0.0
1626513852000,0.0
1626513882000,0.0
1626513912000,0.0
1626513942000,0.0
1626513972000,0.0
1626514002000,0.0
1626514032000,0.0
1626514062000,0.0
1626514092000,0.0
1626514122000,0.0
1626514152000,0.0
1626514182000,0.0
1626514212000,0.0
1626514242000,0.0
1626514272000,0.0
1626514302000,0.0
1626514332000,0.0
1626514362000,0.0
1626514392000,0.0
1626514422000,0.0
1626514452000,0.0
1626514482000,0.0
1626514512000,0.0
1626514542000,0.0
1626514572000,0.0
1626514602000,0.0
1626514632000,0.0
1626514662000,0.0
1626514692000,0.0
1626514722000,0.0
1626514752000,0.0
1626514782000,0.0
1626514812000,0.0
1626514842000,0.0
1626514872000,0.0
1626514902000,0.0
1626514932000,0.0
1626514962000,0.0
1626514992000,0.0
1626515022000,0.0
1626515052000,0.0
1626515082000,0.0
1626515112000,0.0
1626515142000,0.0
1626515172000,0.0
1626515202000,0.0
1626515232000,0.0
1626515262000,0.0
1626515292000,0.0
1626515322000,0.0
1626515352000,0.0
1626515382000,0.0
1626515412000,0.0
1626515442000,0.0
1626515472000,0.0
1626515502000,0.0
1626515532000,0.0
1626515562000,0.0
1626515592000,0.0
1626515622000,0.0
1626515652000,0.0
1626515682000,0.0
1626515712000,0.0
1626515742000,0.0
1626515772000,0.0
1626515802000,0.0
1626515832000,0.0
1626515862000,0.0
1626515892000,0.0
1626515922000,0.0
1626515952000,0.0
1626515982000,0.0
1626516012000,0.0
1626516042000,0.0
1626516072000,0.0
1626516102000,0.0
1626516132000,0.0
1626516162000,0.0
1626516192000,0.0
1626516222000,0.0
1626516252000,0.0
1626516282000,0.0
1626516312000,0.0
1626516342000,0.0
1626516372000,0.0
1626516402000,0.0
1626516432000,0.0
1626516462000,0.0
1626516492000,0.0
1626516522000,0.0
1626516552000,0.0
1626516582000,0.0
1626516612000,0.0
1626516642000,0.0
1626516672000,0.0
1626516702000,0.0
1626516732000,0.0
1626516762000,0.0
1626516792000,0.0
1626516822000,0.0
1626516852000,0.0
1626516882000,0.0
1626516912000,0.0
1626516942000,0.0
1626516972000,0.0
1626517002000,0.0
1626517032000,0.0
1626517062000,0.0
1626517092000,0.0
1626517122000,0.0
1626517152000,0.0
1626517182000,0.0
1626517212000,0.0
1626517242000,0.0
1626517272000,0.0
1626517302000,0.0
1626517332000,0.0
1626517362000,0.0
1626517392000,0.0
1626517422000,0.0
1626517452000,0.0
1626517482000,0.0
1626517512000,0.0
1626517542000,0.0
1626517572000,0.0
1626517602000,0.0
1626517632000,0.0
1626517662000,0.0
1626517692000,0.0
1626517722000,0.0
1626517752000,0.0
1626517782000,0.0
1626517812000,0.0
1626517842000,0.0
1626517872000,0.0
1626517902000,0.0
1626517932000,0.0
1626517962000,0.0
1626517992000,0.0
1626518022000,0.0
1626518052000,0.0
1626518082000,0.0
1626518112000,0.0
1626518142000,0.0
1626518172000,0.0
1626518202000,0.0
1626518232000,0.0
1626518262000,0.0
1626518292000,0.0
1626518322000,0.0
1626518352000,0.0001281580606060606
1626518382000,0.0
1626518412000,0.0
1626518442000,0.0
1626518472000,0.0
1626518502000,0.0
1626518532000,0.0
1626518562000,0.0
1626518592000,0.0
1626518622000,0.0
1626518652000,0.0
1626518682000,0.0
1626518712000,0.0
1626518742000,0.0
1626518772000,0.0
1626518802000,0.0
1626518832000,0.0
1626518862000,0.0
1626518892000,0.0
1626518922000,0.0
1626518952000,0.0
1626518982000,0.0
1626519012000,0.0
1626519042000,0.0
1626519072000,0.0
1626519102000,0.0
1626519132000,0.0
1626519162000,0.0
1626519192000,0.0
1626519222000,0.0
1626519252000,0.0
1626519282000,0.0
1626519312000,0.0
1626519342000,0.0
1626519372000,0.0
1626519402000,0.0
1626519432000,0.0
1626519462000,0.0
1626519492000,0.0
1626519522000,0.0
1626519552000,0.0
1626519582000,0.0
1626519612000,0.0
1626519642000,0.0
1626519672000,0.0
1626519702000,0.0
1626519732000,0.0
1626519762000,0.0
1626519792000,0.0
1626519822000,0.0
1626519852000,0.0
1626519882000,0.0
1626519912000,0.0
1626519942000,0.0
1626519972000,0.0
1626520002000,0.0
1626520032000,0.0
1626520062000,0.0
1626520092000,0.0
1626520122000,0.0
1626520152000,0.0
1626520182000,0.0
1626520212000,0.0
1626520242000,0.0
1626520272000,0.0
1626520302000,0.0
1626520332000,0.0
1626520362000,0.0
1626520392000,0.0
1626520422000,0.0
1626520452000,0.0
1626520482000,0.0
1626520512000,0.0
1626520542000,0.0
1626520572000,0.0
1626520602000,0.0
1626520632000,0.0
1626520662000,0.0
1626520692000,0.0
1626520722000,0.0
1626520752000,0.0
1626520782000,0.0
1626520812000,0.0
1626520842000,0.0
1626520872000,0.0
1626520902000,0.0
1626520932000,0.0
1626520962000,0.0
1626520992000,0.0
1626521022000,0.0
1626521052000,0.0
1626521082000,0.0
1626521112000,0.0
1626521142000,0.0
1626521172000,0.0
1626521202000,0.0
1626521232000,0.0
1626521262000,0.0
1626521292000,0.0
1626521322000,0.0
1626521352000,0.00045639808153477216
1626521382000,0.00032440837821663676
1626521412000,0.0
1626521442000,0.0
1626521472000,0.0
1626521502000,0.0
1626521532000,0.0
1626521562000,0.0
1626521592000,0.0
1626521622000,0.0
1626521652000,0.0
1626521682000,0.0
1626521712000,0.0
1626521742000,0.0
1626521772000,0.0
1626521802000,0.0
1626521832000,0.0
1626521862000,0.0
1626521892000,0.0
1626521922000,0.0
1626521952000,0.0
1626521982000,0.0
1626522012000,0.0
1626522042000,0.0
1626522072000,0.0
1626522102000,0.0
1626522132000,0.0
1626522162000,0.0
1626522192000,0.0
1626522222000,0.0
1626522252000,0.0
1626522282000,0.0
1626522312000,0.0
1626522342000,0.0
1626522372000,0.0
1626522402000,0.0
1626522432000,0.0
1626522462000,0.0
1626522492000,0.0
1626522522000,0.0
1626522552000,0.0
1626522582000,0.0
1626522612000,0.0
1626522642000,0.0
1626522672000,0.0
1626522702000,0.0
1626522732000,0.0
1626522762000,0.00047992616879174256
1626522792000,0.0
1626522822000,0.0
1626522852000,0.0
1626522882000,0.0
1626522912000,0.0
1626522942000,0.0
1626522972000,0.0
1626523002000,0.0
1626523032000,0.0
1626523062000,0.0
1626523092000,0.0
1626523122000,0.0
1626523152000,0.0
1626523182000,0.0
1626523212000,0.0
1626523242000,0.0
1626523272000,0.0
1626523302000,0.0
1626523332000,0.0
1626523362000,0.0
1626523392000,0.0
1626523422000,0.0
1626523452000,0.0
1626523482000,0.0
1626523512000,0.0
1626523542000,0.0
1626523572000,0.0
1626523602000,0.0
1626523632000,0.0
1626523662000,0.0
1626523692000,0.0
1626523722000,0.0
1626523752000,0.0
1626523782000,0.0
1626523812000,0.0
1626523842000,0.0
1626523872000,0.0
1626523902000,0.0
1626523932000,0.0
1626523962000,0.0
1626523992000,0.0
1626524022000,0.0
1626524052000,0.0
1626524082000,0.0
1626524112000,0.0
1626524142000,0.0
1626524172000,0.0
1626524202000,0.0
1626524232000,0.0
1626524262000,0.0
1626524292000,0.0
1626524322000,0.0
1626524352000,0.0
1626524382000,0.0
1626524412000,0.0
1626524442000,0.0
1626524472000,0.0
1626524502000,0.0
1626524532000,0.0
1626524562000,0.0
1626524592000,0.0
1626524622000,0.0
1626524652000,0.0
1626524682000,0.0
1626524712000,0.0
1626524742000,0.0
1626524772000,0.0
1626524802000,0.0
1626524832000,0.0
1626524862000,0.0
1626524892000,0.0
1626524922000,0.0
1626524952000,0.0
1626524982000,0.0
1626525012000,0.0
1626525042000,0.0
1626525072000,0.0
1626525102000,0.0
1626525132000,0.0
1626525162000,0.0
1626525192000,0.0
1626525222000,0.0002695554194733619
1626525252000,0.0
1626525282000,0.0
1626525312000,0.0
1626525342000,0.0
1626525372000,0.0
1626525402000,0.0
1626525432000,0.0
1626525462000,0.0
1626525492000,0.0
1626525522000,0.0
1626525552000,0.0
1626525582000,0.0
1626525612000,0.0
1626525642000,0.0
1626525672000,0.0
1626525702000,0.0
1626525732000,0.0
1626525762000,0.0
1626525792000,0.0
1626525822000,0.0
1626525852000,0.0
1626525882000,0.0
1626525912000,0.0
1626525942000,0.0
1626525972000,0.0
1626526002000,0.0
1626526032000,0.0
1626526062000,0.0
1626526092000,0.0
1626526122000,0.0
1626526152000,0.0
1626526182000,0.0
1626526212000,0.0
1626526242000,0.0
1626526272000,0.0
1626526302000,0.0
1626526332000,0.0
1626526362000,0.0
1626526392000,0.0
1626526422000,0.0
1626526452000,0.0
1626526482000,0.0
1626526512000,0.0
1626526542000,0.0
1626526572000,0.0
1626526602000,0.0
1626526632000,0.0
1626526662000,0.0
1626526692000,0.0
1626526722000,0.0
1626526752000,0.0
1626526782000,0.0
1626526812000,0.0
1626526842000,0.0
1626526872000,0.0
1626526902000,0.0
1626526932000,0.0
1626526962000,0.0
1626526992000,0.0
1626527022000,0.0
1626527052000,0.0
1626527082000,0.0
1626527112000,0.0
1626527142000,0.0
1626527172000,0.0
1626527202000,0.0
1626527232000,0.0
1626527262000,0.0
1626527292000,0.0
1626527322000,0.0
1626527352000,0.0
1626527382000,0.0
1626527412000,0.0
1626527442000,0.0
1626527472000,0.0
1626527502000,0.0
1626527532000,0.0
1626527562000,0.0
1626527592000,0.0
1626527622000,0.0
1626527652000,0.0
1626527682000,0.0
1626527712000,0.00015744639612356147
1626527742000,0.0
1626527772000,0.0
1626527802000,0.0
1626527832000,0.0
1626527862000,0.0
1626527892000,0.0
1626527922000,0.0
1626527952000,0.0
1626527982000,0.0
1626528012000,0.0
1626528042000,0.0
1626528072000,0.0
1626528102000,0.0
1626528132000,0.0
1626528162000,0.0
1626528192000,0.0
1626528222000,0.0
1626528252000,0.0
1626528282000,0.0
1626528312000,0.0
1626528342000,0.0
1626528372000,0.0
1626528402000,0.0
1626528432000,0.0
1626528462000,0.0
1626528492000,0.0
1626528522000,0.0
1626528552000,0.0
1626528582000,0.0
1626528612000,0.0
1626528642000,0.0
1626528672000,0.0
1626528702000,0.0
1626528732000,0.0
1626528762000,0.0
1626528792000,0.0
1626528822000,0.0
1626528852000,0.0
1626528882000,0.0
1626528912000,0.0
1626528942000,0.0
1626528972000,0.0
1626529002000,0.0
1626529032000,0.0
1626529062000,0.0
1626529092000,0.0
1626529122000,0.0
1626529152000,0.0
1626529182000,0.0
1626529212000,0.0
1626529242000,0.0
1626529272000,0.0
1626529302000,0.0
1626529332000,0.0
1626529362000,0.0
1626529392000,0.0
1626529422000,0.0
1626529452000,0.0
1626529482000,0.0
1626529512000,0.0
1626529542000,0.0
1626529572000,0.0
1626529602000,0.0
1626529632000,0.0
1626529662000,0.0
1626529692000,0.0
1626529722000,0.0
1626529752000,0.0
1626529782000,0.0
1626529812000,0.0
1626529842000,0.0
1626529872000,0.0
1626529902000,0.0
1626529932000,0.0
1626529962000,0.0
1626529992000,0.0
1626530022000,0.0
1626530052000,0.0
1626530082000,0.0
1626530112000,0.0
1626530142000,0.0
1626530172000,0.0
1626530202000,0.0
1626530232000,0.0
1626530262000,0.0
1626530292000,0.0
1626530322000,0.0
1626530352000,0.0
1626530382000,0.0
1626530412000,0.0
1626530442000,0.0
1626530472000,0.0
1626530502000,0.0
1626530532000,0.0
1626530562000,0.0
1626530592000,0.0
1626530622000,0.0
1626530652000,0.0
1626530682000,0.0
1626530712000,0.0
1626530742000,0.0
1626530772000,0.0
1626530802000,0.0
1626530832000,0.0
1626530862000,0.0
1626530892000,0.0
1626530922000,0.0
1626530952000,0.0
1626530982000,0.0
1626531012000,0.0
1626531042000,0.0
1626531072000,0.0
1626531102000,0.0
1626531132000,0.0
1626531162000,0.0
1626531192000,0.0
1626531222000,0.0
1626531252000,0.0
1626531282000,0.0
1626531312000,0.0
1626531342000,0.0
1626531372000,0.0
1626531402000,0.0
1626531432000,0.0
1626531462000,0.0
1626531492000,0.0
1626531522000,0.0
1626531552000,0.0
1626531582000,0.0
1626531612000,0.0
1626531642000,0.0
1626531672000,0.0
1626531702000,0.0
1626531732000,0.0
1626531762000,0.0
1626531792000,0.0
1626531822000,0.0
1626531852000,0.0
1626531882000,0.0
1626531912000,0.0
1626531942000,0.0
1626531972000,0.0
1626532002000,0.0
1626532032000,0.0
1626532062000,0.0
1626532092000,0.0
1626532122000,0.0
1626532152000,0.0
1626532182000,0.0
1626532212000,0.0
1626532242000,0.0
1626532272000,0.0
1626532302000,0.0
1626532332000,0.0
1626532362000,0.0
1626532392000,0.0
1626532422000,0.0
1626532452000,0.0
1626532482000,0.0
1626532512000,0.0
1626532542000,0.0
1626532572000,0.0
1626532602000,0.0
1626532632000,0.0
1626532662000,0.0
1626532692000,0.0
1626532722000,0.0
1626532752000,0.0
1626532782000,0.0
1626532812000,0.0
1626532842000,0.0
1626532872000,0.0
1626532902000,0.0
1626532932000,0.0
1626532962000,0.0
1626532992000,0.0
1626533022000,0.0
1626533052000,0.0
1626533082000,0.0
1626533112000,0.0
1626533142000,0.0
1626533172000,0.0
1626533202000,0.0
1626533232000,0.0
1626533262000,0.0
1626533292000,0.0
1626533322000,0.0
1626533352000,0.0
1626533382000,0.0
1626533412000,0.0
1626533442000,0.0
1626533472000,0.0
1626533502000,0.0
1626533532000,0.0
1626533562000,0.0
1626533592000,0.0
1626533622000,0.0
1626533652000,0.0
1626533682000,0.0
1626533712000,0.0
1626533742000,0.0
1626533772000,0.0
1626533802000,0.0
1626533832000,0.0
1626533862000,0.0
1626533892000,0.0
1626533922000,0.0
1626533952000,0.0
1626533982000,0.0
1626534012000,0.0
1626534042000,0.0
1626534072000,0.0
1626534102000,0.0
1626534132000,0.0
1626534162000,0.0
1626534192000,0.0
1626534222000,0.0
1626534252000,0.0
1626534282000,0.0
1626534312000,0.0
1626534342000,0.0
1626534372000,0.0
1626534402000,0.0
1626534432000,0.0
1626534462000,0.0
1626534492000,0.0
1626534522000,0.0
1626534552000,0.0
1626534582000,0.0
1626534612000,0.0
1626534642000,0.0
1626534672000,0.0
1626534702000,0.0
1626534732000,0.0
1626534762000,0.0
1626534792000,0.0
1626534822000,0.0
1626534852000,0.0
1626534882000,0.0
1626534912000,0.0
1626534942000,0.0
1626534972000,0.00033588212560386473
1626535002000,0.0
1626535032000,0.0
1626535062000,0.0
1626535092000,0.0
1626535122000,0.0
1626535152000,0.0
1626535182000,0.0
1626535212000,0.0
1626535242000,0.0
1626535272000,0.0
1626535302000,0.0
1626535332000,0.0
1626535362000,0.0
1626535392000,0.0
1626535422000,0.0
1626535452000,0.0
1626535482000,0.0
1626535512000,0.0
1626535542000,0.0
1626535572000,0.0
1626535602000,0.0
1626535632000,0.0
1626535662000,0.0
1626535692000,0.0
1626535722000,0.0
1626535752000,0.0
1626535782000,0.0
1626535812000,0.0
1626535842000,0.0
1626535872000,0.0
1626535902000,0.0
1626535932000,0.0
1626535962000,0.0
1626535992000,0.0
1626536022000,0.0
1626536052000,0.0
1626536082000,0.0
1626536112000,0.0
1626536142000,0.0
1626536172000,0.0
1626536202000,0.0
1626536232000,0.0
1626536262000,0.0
1626536292000,0.0
1626536322000,0.0
1626536352000,0.0
1626536382000,0.0
1626536412000,0.0
1626536442000,0.0
1626536472000,0.0
1626536502000,0.0
1626536532000,0.0
1626536562000,0.0
1626536592000,0.0
1626536622000,0.0
1626536652000,0.0
1626536682000,0.0
1626536712000,0.0
1626536742000,0.0
1626536772000,0.0
1626536802000,0.0
1626536832000,0.0
1626536862000,0.0
1626536892000,0.0
1626536922000,0.0
1626536952000,0.0
1626536982000,0.0
1626537012000,0.0
1626537042000,0.0
1626537072000,0.0
1626537102000,0.0
1626537132000,0.0
1626537162000,0.0
1626537192000,0.0
1626537222000,0.0
1626537252000,0.0
1626537282000,0.0
1626537312000,0.0
1626537342000,0.0
1626537372000,0.0
1626537402000,0.0
1626537432000,0.0
1626537462000,0.0
1626537492000,0.0
1626537522000,0.0
1626537552000,0.0
1626537582000,0.0
1626537612000,0.0
1626537642000,0.0
1626537672000,0.0
1626537702000,0.0
1626537732000,0.0
1626537762000,0.0
1626537792000,0.0
1626537822000,0.0
1626537852000,0.0
1626537882000,0.0
1626537912000,0.0
1626537942000,0.0
1626537972000,0.0
1626538002000,0.0
1626538032000,0.0
1626538062000,0.0
1626538092000,0.0
1626538122000,0.0
1626538152000,0.0
1626538182000,0.0
1626538212000,0.0
1626538242000,0.0
1626538272000,0.0
1626538302000,0.0
1626538332000,0.0
1626538362000,0.0
1626538392000,0.0
1626538422000,0.0
1626538452000,0.0
1626538482000,0.0
1626538512000,0.0
1626538542000,0.0
1626538572000,0.0
1626538602000,0.0
1626538632000,0.0
1626538662000,0.0
1626538692000,0.0
1626538722000,0.0
1626538752000,0.0
1626538782000,0.0
1626538812000,0.0
1626538842000,0.0
1626538872000,0.0
1626538902000,0.0
1626538932000,0.0
1626538962000,0.0
1626538992000,0.0
1626539022000,0.0
1626539052000,0.0
1626539082000,0.0
1626539112000,0.0
1626539142000,0.0
1626539172000,0.0
1626539202000,0.0
1626539232000,0.0
1626539262000,0.0
1626539292000,0.0
1626539322000,0.0
1626539352000,0.0
1626539382000,0.0
1626539412000,0.0
1626539442000,0.0
1626539472000,0.0
1626539502000,0.0
1626539532000,0.0
1626539562000,0.0
1626539592000,0.0
1626539622000,0.0
1626539652000,0.0
1626539682000,0.0
1626539712000,0.0
1626539742000,0.0
1626539772000,0.0
1626539802000,0.0
1626539832000,0.0
1626539862000,0.0
1626539892000,0.0
1626539922000,0.0
1626539952000,0.0
1626539982000,0.0
1626540012000,0.0
1626540042000,0.0
1626540072000,0.0
1626540102000,0.0
1626540132000,0.0
1626540162000,0.0
1626540192000,0.0
1626540222000,0.0
1626540252000,0.0
1626540282000,0.0
1626540312000,0.0
1626540342000,0.0
1626540372000,0.0
1626540402000,0.0
1626540432000,0.0
1626540462000,0.0
1626540492000,0.0
1626540522000,0.0
1626540552000,0.0
1626540582000,0.0
1626540612000,0.0
1626540642000,0.0
1626540672000,0.0
1626540702000,0.0
1626540732000,0.0
1626540762000,0.0
1626540792000,0.0
1626540822000,0.0
1626540852000,0.0
1626540882000,0.0
1626540912000,0.0
1626540942000,0.0
1626540972000,0.0
1626541002000,0.0
1626541032000,0.0
1626541062000,0.0
1626541092000,0.0
1626541122000,0.0
1626541152000,0.0
1626541182000,0.0
1626541212000,0.0
1626541242000,0.0
1626541272000,0.0
1626541302000,0.0
1626541332000,0.0
1626541362000,0.0
1626541392000,0.0
1626541422000,0.0
1626541452000,0.0
1626541482000,0.0
1626541512000,0.0
1626541542000,0.0
1626541572000,0.0
1626541602000,0.0
1626541632000,0.0
1626541662000,0.0
1626541692000,0.0
1626541722000,0.0
1626541752000,0.0
1626541782000,0.0
1626541812000,0.0
1626541842000,0.0
1626541872000,0.0
1626541902000,0.0
1626541932000,0.0
1626541962000,0.0
1626541992000,0.0
1626542022000,0.0
1626542052000,0.0
1626542082000,0.0
1626542112000,0.0
1626542142000,0.0
1626542172000,0.0
1626542202000,0.0
1626542232000,0.0
1626542262000,0.0
1626542292000,0.0
1626542322000,0.0
1626542352000,0.0
1626542382000,0.0
1626542412000,0.0
1626542442000,0.0
1626542472000,0.0
1626542502000,0.0
1626542532000,0.0
1626542562000,0.0
1626542592000,0.0
1626542622000,0.0
1626542652000,0.0
1626542682000,0.0
1626542712000,0.0
1626542742000,0.0
1626542772000,0.0
1626542802000,0.0
1626542832000,0.0
1626542862000,0.0
1626542892000,0.0
1626542922000,0.0
1626542952000,0.0
1626542982000,0.0
1626543012000,0.0
1626543042000,0.0
1626543072000,0.0
1626543102000,0.0
1626543132000,0.0
1626543162000,0.0
1626543192000,0.0
1626543222000,0.0
1626543252000,0.0
1626543282000,0.0
1626543312000,0.0
1626543342000,0.0
1626543372000,0.0
1626543402000,0.0
1626543432000,0.0
1626543462000,0.0
1626543492000,0.0
1626543522000,0.0
1626543552000,0.0
1626543582000,0.0
1626543612000,0.0
1626543642000,0.0
1626543672000,0.0
1626543702000,0.0
1626543732000,0.0
1626543762000,0.0
1626543792000,0.0
1626543822000,0.0
1626543852000,0.0
1626543882000,0.0
1626543912000,0.0
1626543942000,0.0
1626543972000,0.0
1626544002000,0.0
1626544032000,0.0
1626544062000,0.0
1626544092000,0.0
1626544122000,0.0
1626544152000,0.0
1626544182000,0.0
1626544212000,0.0
1626544242000,0.0
1626544272000,0.0
1626544302000,0.0
1626544332000,0.0
1626544362000,0.0
1626544392000,0.0
1626544422000,0.0
1626544452000,0.0
1626544482000,0.0
1626544512000,0.0
1626544542000,0.0
1626544572000,0.0
1626544602000,0.0
1626544632000,0.0
1626544662000,0.0
1626544692000,0.0
1626544722000,0.0
1626544752000,0.0
1626544782000,0.0
1626544812000,0.0
1626544842000,0.0
1626544872000,0.0
1626544902000,0.0
1626544932000,0.0
1626544962000,0.0
1626544992000,0.0
1626545022000,0.0
1626545052000,0.0
1626545082000,0.0
1626545112000,0.0
1626545142000,0.0
1626545172000,0.0
1626545202000,0.0
1626545232000,0.0
1626545262000,0.0
1626545292000,0.0
1626545322000,0.0
1626545352000,0.0
1626545382000,0.0
1626545412000,0.0
1626545442000,0.0
1626545472000,0.0
1626545502000,0.0
1626545532000,0.0
1626545562000,0.0
1626545592000,0.0
1626545622000,0.0
1626545652000,0.0
1626545682000,0.0
1626545712000,0.0
1626545742000,0.0
1626545772000,0.0
1626545802000,0.0
1626545832000,0.0
1626545862000,0.0
1626545892000,0.0
1626545922000,0.0
1626545952000,0.0
1626545982000,0.0
1626546012000,0.0
1626546042000,0.0
1626546072000,0.0
1626546102000,2.0351801242236024e-05
1626546132000,0.0
1626546162000,0.0
1626546192000,0.0
1626546222000,0.0
1626546252000,0.0
1626546282000,0.0
1626546312000,0.0
1626546342000,0.0
1626546372000,0.0
1626546402000,0.0
1626546432000,0.0
1626546462000,0.0
1626546492000,0.0
1626546522000,0.0
1626546552000,0.0
1626546582000,0.0
1626546612000,0.0
1626546642000,0.0
1626546672000,0.0
1626546702000,0.0
1626546732000,0.0
1626546762000,0.0
1626546792000,0.0
1626546822000,0.0
1626546852000,0.0
1626546882000,0.0
1626546912000,0.0
1626546942000,0.0
1626546972000,0.0
1626547002000,0.0
1626547032000,0.0
1626547062000,0.0
1626547092000,0.0
1626547122000,0.0
1626547152000,0.0
1626547182000,0.0
1626547212000,0.0
1626547242000,0.0
1626547272000,0.0
1626547302000,0.0
1626547332000,0.0
1626547362000,0.0
1626547392000,0.0
1626547422000,0.0
1626547452000,0.0
1626547482000,0.0
1626547512000,0.0
1626547542000,0.0
1626547572000,0.0
1626547602000,0.0
1626547632000,0.0
1626547662000,0.0
1626547692000,0.0
1626547722000,0.0
1626547752000,0.0
1626547782000,0.0
1626547812000,0.0
1626547842000,0.0
1626547872000,0.0
1626547902000,0.0
1626547932000,0.0
1626547962000,0.0
1626547992000,0.0
1626548022000,0.0
1626548052000,0.0
1626548082000,0.0
1626548112000,0.0
1626548142000,0.0
1626548172000,0.0
1626548202000,0.0
1626548232000,0.0
1626548262000,0.0
1626548292000,0.0
1626548322000,0.0
1626548352000,0.0
1626548382000,0.0
1626548412000,0.0
1626548442000,0.0
1626548472000,0.0
1626548502000,0.0
1626548532000,0.0
1626548562000,0.0
1626548592000,0.0
1626548622000,0.0
1626548652000,0.0
1626548682000,0.0
1626548712000,0.0
1626548742000,0.0
1626548772000,0.0
1626548802000,0.0
1626548832000,0.0
1626548862000,0.0
1626548892000,0.0
1626548922000,0.0
1626548952000,0.0
1626548982000,0.0
1626549012000,0.0
1626549042000,0.0
1626549072000,0.0
1626549102000,0.0
1626549132000,0.0
1626549162000,0.0
1626549192000,0.0
1626549222000,0.0
1626549252000,0.0
1626549282000,0.0
1626549312000,0.0
1626549342000,0.0
1626549372000,0.0
1626549402000,0.0
1626549432000,0.0
1626549462000,0.0
1626549492000,0.0
1626549522000,0.0
1626549552000,0.0
1626549582000,0.0
1626549612000,0.0
1626549642000,0.0
1626549672000,0.0
1626549702000,0.0
1626549732000,0.0
1626549762000,0.0
1626549792000,0.0
1626549822000,0.0
1626549852000,0.0
1626549882000,0.0
1626549912000,0.0
1626549942000,0.0
1626549972000,0.0
1626550002000,0.0
1626550032000,0.0
1626550062000,0.0
1626550092000,0.0
1626550122000,0.0
1626550152000,0.0
1626550182000,0.0
1626550212000,0.0
1626550242000,0.0
1626550272000,0.0
1626550302000,0.0
1626550332000,0.0
1626550362000,0.0
1626550392000,0.0
1626550422000,0.0
1626550452000,0.0
1626550482000,0.00041405382335506815
1626550512000,0.0
1626550542000,0.0
1626550572000,0.0
1626550602000,0.0
1626550632000,0.0
1626550662000,0.0
1626550692000,0.0
1626550722000,0.0
1626550752000,0.0
1626550782000,0.0
1626550812000,0.0
1626550842000,0.0
1626550872000,0.0
1626550902000,0.0
1626550932000,0.0
1626550962000,0.0
1626550992000,0.0
1626551022000,0.0
1626551052000,0.0
1626551082000,0.0
1626551112000,0.0
1626551142000,0.0
1626551172000,0.0
1626551202000,0.0
1626551232000,0.0
1626551262000,0.0
1626551292000,0.0
1626551322000,0.0
1626551352000,0.0
1626551382000,0.0
1626551412000,0.0
1626551442000,0.0
1626551472000,0.0
1626551502000,0.0
1626551532000,0.0
1626551562000,0.0
1626551592000,0.0
1626551622000,0.0
1626551652000,0.0
1626551682000,0.0
1626551712000,0.0
1626551742000,0.0
1626551772000,0.0
1626551802000,0.0
1626551832000,0.0
1626551862000,0.0
1626551892000,0.0
1626551922000,0.0
1626551952000,0.0
1626551982000,0.0
1626552012000,0.0
1626552042000,0.0
1626552072000,0.0
1626552102000,0.0
1626552132000,0.0
1626552162000,0.0
1626552192000,0.0
1626552222000,0.0
1626552252000,0.0
1626552282000,0.0
1626552312000,0.0
1626552342000,0.0
1626552372000,0.0
1626552402000,0.0
1626552432000,0.0
1626552462000,0.0
1626552492000,0.0
1626552522000,0.0
1626552552000,0.0
1626552582000,0.0
1626552612000,0.0
1626552642000,0.0
1626552672000,0.0
1626552702000,0.0
1626552732000,0.0
1626552762000,0.0
1626552792000,0.0
1626552822000,0.0
1626552852000,0.0
1626552882000,0.0
1626552912000,0.0
1626552942000,0.0
1626552972000,0.0
1626553002000,0.0
1626553032000,0.0
1626553062000,0.0
1626553092000,0.0
1626553122000,0.0
1626553152000,0.0
1626553182000,0.0
1626553212000,0.0
1626553242000,0.0
1626553272000,0.0
1626553302000,0.0
1626553332000,0.0
1626553362000,0.0
1626553392000,0.0
1626553422000,0.0
1626553452000,0.0
1626553482000,0.0
1626553512000,0.0
1626553542000,0.0
1626553572000,0.0
1626553602000,0.0
1626553632000,0.0
1626553662000,0.0
1626553692000,0.0
1626553722000,0.0
1626553752000,0.0
1626553782000,0.0
1626553812000,0.0
1626553842000,0.0
1626553872000,0.0
1626553902000,0.0
1626553932000,0.0
1626553962000,0.0
1626553992000,0.0
1626554022000,0.0
1626554052000,0.0
1626554082000,0.0
1626554112000,0.0
1626554142000,0.0
1626554172000,0.0
1626554202000,0.0
1626554232000,0.0
1626554262000,0.0
1626554292000,0.0
1626554322000,0.0
1626554352000,0.0
1626554382000,0.0
1626554412000,0.0
1626554442000,0.0
1626554472000,0.0
1626554502000,0.0
1626554532000,0.0
1626554562000,0.0
1626554592000,0.0
1626554622000,0.0
1626554652000,0.0
1626554682000,0.0
1626554712000,0.0
1626554742000,0.0
1626554772000,0.0
1626554802000,0.0
1626554832000,0.0
1626554862000,0.0
1626554892000,0.0
1626554922000,0.0
1626554952000,0.0
1626554982000,0.0
1626555012000,0.0
1626555042000,0.0
1626555072000,0.0
1626555102000,0.0
1626555132000,0.0
1626555162000,0.0
1626555192000,0.0
1626555222000,0.0
1626555252000,0.0
1626555282000,0.0
1626555312000,0.0
1626555342000,0.0
1626555372000,0.0
1626555402000,0.0
1626555432000,0.0
1626555462000,0.0
1626555492000,0.0
1626555522000,0.0
1626555552000,0.0
1626555582000,0.0
1626555612000,0.0
1626555642000,0.0
1626555672000,0.0
1626555702000,0.0
1626555732000,0.0
1626555762000,0.0
1626555792000,0.0
1626555822000,0.0
1626555852000,0.0
1626555882000,0.0
1626555912000,0.0
1626555942000,0.0
1626555972000,0.0
1626556002000,0.0
1626556032000,0.0
1626556062000,0.0
1626556092000,0.0
1626556122000,0.0
1626556152000,0.0
1626556182000,0.0
1626556212000,0.0
1626556242000,0.0
1626556272000,0.0
1626556302000,0.0
1626556332000,0.0
1626556362000,0.0
1626556392000,0.0
1626556422000,0.0
1626556452000,0.0
1626556482000,0.0
1626556512000,0.0
1626556542000,0.0
1626556572000,0.0
1626556602000,0.0
1626556632000,0.0
1626556662000,0.0
1626556692000,0.0
1626556722000,0.0
1626556752000,0.0
1626556782000,0.0
1626556812000,0.0
1626556842000,0.0
1626556872000,0.0
1626556902000,0.0
1626556932000,0.0
1626556962000,0.0
1626556992000,0.0
1626557022000,0.0
1626557052000,0.0
1626557082000,0.0
1626557112000,0.0
1626557142000,0.0
1626557172000,0.0
1626557202000,0.0
1626557232000,0.0
1626557262000,0.0
1626557292000,0.0
1626557322000,0.0
1626557352000,0.0
1626557382000,0.0
1626557412000,0.0
1626557442000,0.0
1626557472000,0.0
1626557502000,0.0
1626557532000,0.0
1626557562000,0.0
1626557592000,0.0
1626557622000,0.0
1626557652000,0.0
1626557682000,0.0
1626557712000,0.0
1626557742000,0.0
1626557772000,0.0
1626557802000,0.0
1626557832000,0.0
1626557862000,0.0
1626557892000,0.0
1626557922000,0.0
1626557952000,0.0
1626557982000,0.0
1626558012000,0.0
1626558042000,0.0
1626558072000,0.0
1626558102000,0.0
1626558132000,0.0
1626558162000,0.0
1626558192000,0.0
1626558222000,0.0
1626558252000,0.0
1626558282000,0.0
1626558312000,0.0
1626558342000,0.0
1626558372000,0.0
1626558402000,0.0
1626558432000,0.0
1626558462000,0.0
1626558492000,0.0
1626558522000,0.0
1626558552000,0.0
1626558582000,0.0
1626558612000,0.0036773853658536586
1626558642000,0.0
1626558672000,0.0
1626558702000,0.0
1626558732000,0.0
1626558762000,0.0
1626558792000,0.0
1626558822000,0.0
1626558852000,0.0
1626558882000,0.0
1626558912000,0.0
1626558942000,0.0
1626558972000,0.0
1626559002000,0.0
1626559032000,0.0
1626559062000,0.0
1626559092000,0.0
1626559122000,0.0
1626559152000,0.0
1626559182000,0.0
1626559212000,0.0
1626559242000,0.0
1626559272000,0.0
1626559302000,0.0
1626559332000,0.0
1626559362000,0.0
1626559392000,0.0
1626559422000,0.0
1626559452000,0.0
1626559482000,0.0
1626559512000,0.0
1626559542000,0.0
1626559572000,0.0
1626559602000,0.0
1626559632000,0.0
1626559662000,0.0
1626559692000,0.0
1626559722000,0.0
1626559752000,0.0
1626559782000,0.0
1626559812000,0.0
1626559842000,0.0
1626559872000,0.0
1626559902000,0.0
1626559932000,0.0
1626559962000,0.0
1626559992000,0.0
1626560022000,0.0
1626560052000,0.0
1626560082000,0.0
1626560112000,0.0
1626560142000,0.0
1626560172000,0.0
1626560202000,0.0
1626560232000,0.0
1626560262000,0.0
1626560292000,0.0
1626560322000,0.0
1626560352000,0.0
1626560382000,0.0
1626560412000,0.0
1626560442000,0.0
1626560472000,0.0
1626560502000,0.0
1626560532000,0.0
1626560562000,0.0
1626560592000,0.0
1626560622000,0.0
1626560652000,0.0
1626560682000,0.0
1626560712000,0.0
1626560742000,0.0
1626560772000,0.0
1626560802000,0.0
1626560832000,0.0
1626560862000,0.0
1626560892000,0.0
1626560922000,0.0
1626560952000,1.9290346083788706e-05
1626560982000,0.0
1626561012000,0.0006606410857495374
1626561042000,0.0
1626561072000,0.0
1626561102000,0.0
1626561132000,0.0
1626561162000,0.0
1626561192000,0.0
1626561222000,0.0
1626561252000,0.0
1626561282000,0.0
1626561312000,0.0
1626561342000,0.0
1626561372000,0.0
1626561402000,0.0
1626561432000,0.0
1626561462000,0.0
1626561492000,0.0
1626561522000,0.0
1626561552000,0.0
1626561582000,0.0
1626561612000,0.0
1626561642000,0.0
1626561672000,0.0
1626561702000,0.0
1626561732000,0.0
1626561762000,0.0
1626561792000,0.0
1626561822000,0.0
1626561852000,0.0
1626561882000,0.0
1626561912000,0.0
1626561942000,0.0
1626561972000,0.0
1626562002000,0.0
1626562032000,0.0
1626562062000,0.0
1626562092000,0.0
1626562122000,0.0
1626562152000,0.0
1626562182000,0.0
1626562212000,0.0
1626562242000,0.0
1626562272000,0.0
1626562302000,0.0
1626562332000,0.0
1626562362000,0.0
1626562392000,0.0
1626562422000,0.0
1626562452000,0.0
1626562482000,0.0
1626562512000,0.0
1626562542000,0.0
1626562572000,0.0
1626562602000,0.0
1626562632000,0.0
1626562662000,0.0
1626562692000,0.0
1626562722000,0.0
1626562752000,0.0
1626562782000,0.0
1626562812000,0.0
1626562842000,0.0
1626562872000,0.0
1626562902000,0.0
1626562932000,0.0
1626562962000,0.0
1626562992000,0.0
1626563022000,0.0
1626563052000,0.0
1626563082000,0.0
1626563112000,0.0
1626563142000,0.0
1626563172000,0.0
1626563202000,0.0
1626563232000,0.0
1626563262000,0.0
1626563292000,0.0
1626563322000,0.0
1626563352000,0.0
1626563382000,0.0
1626563412000,0.0
1626563442000,0.0
1626563472000,0.0
1626563502000,0.0
1626563532000,0.0
1626563562000,0.0
1626563592000,0.0
1626563622000,0.0
1626563652000,0.0
1626563682000,0.0
1626563712000,0.0
1626563742000,0.0
1626563772000,0.0
1626563802000,0.0
1626563832000,0.0
1626563862000,0.0
1626563892000,0.0
1626563922000,0.0
1626563952000,0.0
1626563982000,0.0
1626564012000,0.0
1626564042000,0.0
1626564072000,0.0
1626564102000,0.0
1626564132000,0.0
1626564162000,0.0
1626564192000,0.0
1626564222000,0.0
1626564252000,0.0
1626564282000,0.0
1626564312000,0.0
1626564342000,0.0
1626564372000,0.0
1626564402000,0.0
1626564432000,0.0
1626564462000,0.0
1626564492000,0.0
1626564522000,0.0
1626564552000,0.0
1626564582000,0.0
1626564612000,0.0
1626564642000,0.0
1626564672000,0.0
1626564702000,0.0
1626564732000,0.0
1626564762000,0.0
1626564792000,0.0
1626564822000,0.0
1626564852000,0.0
1626564882000,0.0
1626564912000,0.0
1626564942000,0.0
1626564972000,0.0
1626565002000,0.0
1626565032000,0.0
1626565062000,0.0
1626565092000,0.0
1626565122000,0.0
1626565152000,0.0
1626565182000,0.0
1626565212000,0.0
1626565242000,0.0
1626565272000,0.0
1626565302000,0.0
1626565332000,0.0
1626565362000,0.0
1626565392000,0.0
1626565422000,0.0
1626565452000,0.0
1626565482000,0.0
1626565512000,0.0
1626565542000,0.0
1626565572000,0.0
1626565602000,0.0
1626565632000,0.0
1626565662000,0.0
1626565692000,0.0
1626565722000,0.0
1626565752000,0.0
1626565782000,0.0
1626565812000,0.0
1626565842000,0.0
1626565872000,0.0
1626565902000,0.0
1626565932000,0.0
1626565962000,0.0
1626565992000,0.0
1626566022000,0.0
1626566052000,0.0
1626566082000,0.0
1626566112000,0.0
1626566142000,0.0
1626566172000,0.0
1626566202000,0.0
1626566232000,0.0
1626566262000,0.0
1626566292000,0.0
1626566322000,0.0
1626566352000,0.0
1626566382000,0.0
1626566412000,0.0
1626566442000,0.0
1626566472000,0.0
1626566502000,0.0
1626566532000,0.0
1626566562000,0.0
1626566592000,0.0
1626566622000,0.0
1626566652000,0.0
1626566682000,0.0
1626566712000,0.0
1626566742000,0.0
1626566772000,0.0
1626566802000,0.0
1626566832000,0.0
1626566862000,0.0
1626566892000,0.0
1626566922000,0.0
1626566952000,0.0
1626566982000,0.0
1626567012000,0.0
1626567042000,0.0
1626567072000,0.0
1626567102000,0.0
1626567132000,0.0
1626567162000,0.0
1626567192000,0.0
1626567222000,0.0
1626567252000,0.0
1626567282000,0.0
1626567312000,0.0
1626567342000,0.0
1626567372000,0.0
1626567402000,0.0
1626567432000,0.0
1626567462000,0.0
1626567492000,0.0
1626567522000,0.0
1626567552000,0.0
1626567582000,0.0
1626567612000,0.0
1626567642000,0.0
1626567672000,0.0
1626567702000,0.0
1626567732000,0.0
1626567762000,0.0
1626567792000,0.0
1626567822000,0.0
1626567852000,0.0
1626567882000,0.0
1626567912000,0.0
1626567942000,0.0
1626567972000,0.0
1626568002000,0.0
1626568032000,0.0
1626568062000,0.0
1626568092000,0.0
1626568122000,0.0
1626568152000,0.0
1626568182000,0.0
1626568212000,0.0
1626568242000,0.0
1626568272000,0.0
1626568302000,0.0
1626568332000,0.0
1626568362000,0.0
1626568392000,0.0
1626568422000,0.0
1626568452000,0.0
1626568482000,0.0
1626568512000,0.0
1626568542000,0.0
1626568572000,0.0
1626568602000,0.0
1626568632000,0.0
1626568662000,0.0
1626568692000,0.0
1626568722000,0.0
1626568752000,0.0
1626568782000,0.0
1626568812000,0.0
1626568842000,0.0
1626568872000,0.0
1626568902000,0.0
1626568932000,0.0
1626568962000,0.0
1626568992000,0.0
1626569022000,0.0
1626569052000,0.0
1626569082000,0.0
1626569112000,0.0
1626569142000,0.0
1626569172000,0.0
1626569202000,0.0
1626569232000,0.0
1626569262000,0.0
1626569292000,0.0
1626569322000,0.0
1626569352000,0.0
1626569382000,0.0
1626569412000,0.0
1626569442000,0.0
1626569472000,0.0
1626569502000,0.0
1626569532000,0.0
1626569562000,0.0
1626569592000,0.0
1626569622000,0.0
1626569652000,0.0
1626569682000,0.0
1626569712000,0.0
1626569742000,0.0
1626569772000,0.0
1626569802000,0.0
1626569832000,0.0
1626569862000,0.0
1626569892000,0.0
1626569922000,0.0
1626569952000,0.0
1626569982000,0.0
1626570012000,0.0
1626570042000,0.0
1626570072000,0.0
1626570102000,0.0
1626570132000,0.0
1626570162000,0.0
1626570192000,0.0
1626570222000,0.0
1626570252000,0.0
1626570282000,0.0
1626570312000,0.0
1626570342000,0.0
1626570372000,0.0
1626570402000,0.0
1626570432000,0.0
1626570462000,0.0
1626570492000,0.0
1626570522000,0.0
1626570552000,0.0
1626570582000,0.0
1626570612000,0.0
1626570642000,0.0
1626570672000,0.0
1626570702000,0.0
1626570732000,0.0
1626570762000,0.0
1626570792000,0.0
1626570822000,0.0
1626570852000,0.0
1626570882000,0.0
1626570912000,0.0
1626570942000,0.0
1626570972000,0.0
1626571002000,0.0
1626571032000,0.0
1626571062000,0.0
1626571092000,0.0
1626571122000,0.0
1626571152000,0.0
1626571182000,0.0
1626571212000,0.0
1626571242000,0.0
1626571272000,0.0
1626571302000,0.0
1626571332000,0.0
1626571362000,0.0
1626571392000,0.0
1626571422000,0.0
1626571452000,0.0
1626571482000,0.0
1626571512000,0.0
1626571542000,0.0
1626571572000,0.0
1626571602000,0.0
1626571632000,0.0
1626571662000,0.0
1626571692000,0.0
1626571722000,0.0
1626571752000,0.0
1626571782000,0.0
1626571812000,0.0
1626571842000,0.0
1626571872000,0.0
1626571902000,0.0
1626571932000,0.0
1626571962000,0.0
1626571992000,0.0
1626572022000,0.0
1626572052000,0.0
1626572082000,0.0
1626572112000,0.0
1626572142000,0.0
1626572172000,0.0
1626572202000,0.0
1626572232000,0.0
1626572262000,0.0
1626572292000,0.0
1626572322000,0.0
1626572352000,0.0
1626572382000,0.0
1626572412000,0.0
1626572442000,0.0
1626572472000,0.0
1626572502000,0.0
1626572532000,0.0
1626572562000,0.0
1626572592000,0.0
1626572622000,0.0
1626572652000,0.0
1626572682000,0.0
1626572712000,0.0
1626572742000,0.0
1626572772000,0.0
1626572802000,0.0
1626572832000,0.0
1626572862000,0.0
1626572892000,0.0
1626572922000,0.0
1626572952000,0.0
1626572982000,0.0
1626573012000,0.0
1626573042000,0.0
1626573072000,0.0
1626573102000,0.0
1626573132000,0.0
1626573162000,0.0
1626573192000,0.0
1626573222000,0.0
1626573252000,0.0
1626573282000,0.0
1626573312000,0.0
1626573342000,0.0
1626573372000,0.0
1626573402000,0.0
1626573432000,0.0
1626573462000,0.0
1626573492000,0.0
1626573522000,0.0
1626573552000,0.0
1626573582000,0.0
1626573612000,0.0
1626573642000,0.0
1626573672000,0.0
1626573702000,0.0
1626573732000,0.0
1626573762000,0.0
1626573792000,0.0
1626573822000,0.0
1626573852000,0.0
1626573882000,0.0
1626573912000,0.0
1626573942000,0.0
1626573972000,0.0
1626574002000,0.0
1626574032000,0.0
1626574062000,0.0
1626574092000,0.0
1626574122000,0.0
1626574152000,0.0
1626574182000,0.0
1626574212000,0.0
1626574242000,0.0
1626574272000,0.0
1626574302000,0.0
1626574332000,0.0
1626574362000,0.0
1626574392000,0.0
1626574422000,0.0
1626574452000,0.0
1626574482000,0.0
1626574512000,0.0
1626574542000,0.0
1626574572000,0.0
1626574602000,0.0
1626574632000,0.0
1626574662000,0.0
1626574692000,0.0
1626574722000,0.0
1626574752000,0.0
1626574782000,0.0
1626574812000,0.0
1626574842000,0.0
1626574872000,0.0
1626574902000,0.0
1626574932000,0.0
1626574962000,0.0
1626574992000,0.0
1626575022000,0.0
1626575052000,0.0
1626575082000,0.0
1626575112000,0.0
1626575142000,0.0
1626575172000,0.0
1626575202000,0.0
1626575232000,0.0
1626575262000,0.0
1626575292000,0.0
1626575322000,0.0
1626575352000,0.0
1626575382000,0.0
1626575412000,0.0
1626575442000,0.0
1626575472000,0.0
1626575502000,0.0
1626575532000,0.0
1626575562000,0.0
1626575592000,0.0
1626575622000,0.0
1626575652000,0.0
1626575682000,0.0
1626575712000,0.0
1626575742000,0.0
1626575772000,0.0
1626575802000,0.0
1626575832000,0.0
1626575862000,0.0
1626575892000,0.0
1626575922000,0.0
1626575952000,0.0
1626575982000,0.0
1626576012000,0.0
1626576042000,0.0
1626576072000,0.0
1626576102000,0.0
1626576132000,0.0
1626576162000,0.0
1626576192000,0.0
1626576222000,0.0
1626576252000,0.0
1626576282000,0.0
1626576312000,0.0
1626576342000,0.0
1626576372000,0.0
1626576402000,0.0
1626576432000,0.0
1626576462000,0.0
1626576492000,0.0
1626576522000,0.0
1626576552000,0.0
1626576582000,0.0
1626576612000,0.0
1626576642000,0.0
1626576672000,0.0
1626576702000,0.0
1626576732000,0.0
1626576762000,0.0
1626576792000,0.0
1626576822000,0.0
1626576852000,0.0
1626576882000,0.0
1626576912000,0.0
1626576942000,0.0
1626576972000,0.0
1626577002000,0.0
1626577032000,0.0
1626577062000,0.0
1626577092000,0.0
1626577122000,0.0
1626577152000,0.0
1626577182000,0.0
1626577212000,0.0
1626577242000,0.0
1626577272000,0.0
1626577302000,0.0
1626577332000,0.0
1626577362000,0.0
1626577392000,0.0
1626577422000,0.0
1626577452000,0.0
1626577482000,0.0
1626577512000,0.0
1626577542000,0.0
1626577572000,0.0
1626577602000,0.0
1626577632000,0.0
1626577662000,0.0
1626577692000,0.0
1626577722000,0.0
1626577752000,0.0
1626577782000,0.0
1626577812000,0.0
1626577842000,0.0
1626577872000,0.0
1626577902000,0.0
1626577932000,0.0
1626577962000,0.0
1626577992000,0.0
1626578022000,0.0
1626578052000,0.0
1626578082000,0.0
1626578112000,0.0
1626578142000,0.0
1626578172000,0.0
1626578202000,0.0
1626578232000,0.0
1626578262000,0.0
1626578292000,0.0
1626578322000,0.0
1626578352000,0.0
1626578382000,0.0
1626578412000,0.0
1626578442000,0.0
1626578472000,0.0
1626578502000,0.0
1626578532000,0.0
1626578562000,0.0
1626578592000,0.0
1626578622000,0.0
1626578652000,0.0
1626578682000,0.0
1626578712000,0.0
1626578742000,0.0
1626578772000,0.0
1626578802000,0.0
1626578832000,0.0
1626578862000,0.0
1626578892000,0.0
1626578922000,0.0
1626578952000,0.0
1626578982000,0.0
1626579012000,0.0
1626579042000,0.0
1626579072000,0.0
1626579102000,0.0
1626579132000,0.0
1626579162000,0.0
1626579192000,0.0
1626579222000,0.0
1626579252000,0.0
1626579282000,0.0
1626579312000,0.0
1626579342000,0.0
1626579372000,0.0
1626579402000,0.0
1626579432000,0.0
1626579462000,0.0
1626579492000,0.0
1626579522000,0.0
1626579552000,0.0
1626579582000,0.0
1626579612000,0.0
1626579642000,0.0
1626579672000,0.0
1626579702000,0.0
1626579732000,0.0
1626579762000,0.0
1626579792000,0.0
1626579822000,0.0
1626579852000,0.0
1626579882000,0.0
1626579912000,0.0
1626579942000,0.0
1626579972000,0.0
1626580002000,0.0
1626580032000,0.0
1626580062000,0.0
1626580092000,0.0
1626580122000,0.0
1626580152000,0.0
1626580182000,0.0
1626580212000,0.0
1626580242000,0.0
1626580272000,0.0
1626580302000,0.0
1626580332000,0.0
1626580362000,0.0
1626580392000,0.0
1626580422000,0.0
1626580452000,0.0
1626580482000,0.0
1626580512000,0.0
1626580542000,0.0
1626580572000,0.0
1626580602000,0.0
1626580632000,0.0
1626580662000,0.0
1626580692000,0.0
1626580722000,0.0
1626580752000,0.0
1626580782000,0.0
1626580812000,0.0
1626580842000,0.0
1626580872000,0.0
1626580902000,0.0
1626580932000,0.0
1626580962000,0.0
1626580992000,0.0
1626581022000,0.0
1626581052000,0.0
1626581082000,0.0
1626581112000,0.0
1626581142000,0.0
1626581172000,0.0
1626581202000,0.0
1626581232000,0.0
1626581262000,0.0
1626581292000,0.0
1626581322000,0.0
1626581352000,0.0
1626581382000,0.0
1626581412000,0.0
1626581442000,0.0
1626581472000,0.0
1626581502000,0.0
1626581532000,0.0
1626581562000,0.0
1626581592000,0.0
1626581622000,0.0
1626581652000,0.0
1626581682000,0.0
1626581712000,0.0
1626581742000,0.0
1626581772000,0.0
1626581802000,0.0
1626581832000,0.0
1626581862000,0.0
1626581892000,0.0
1626581922000,0.0
1626581952000,0.0
1626581982000,0.0
1626582012000,0.0
1626582042000,0.0
1626582072000,0.0
1626582102000,0.0
1626582132000,0.0
1626582162000,0.0
1626582192000,0.0
1626582222000,0.0
1626582252000,0.0
1626582282000,0.0
1626582312000,0.0
1626582342000,0.0
1626582372000,0.0
1626582402000,0.0
1626582432000,0.0
1626582462000,0.0
1626582492000,0.0
1626582522000,0.0
1626582552000,0.0
1626582582000,0.0
1626582612000,0.0
1626582642000,0.0
1626582672000,0.0
1626582702000,0.0
1626582732000,0.0
1626582762000,0.0
1626582792000,0.0
1626582822000,0.0
1626582852000,0.0
1626582882000,0.0
1626582912000,0.0
1626582942000,0.0
1626582972000,0.0
1626583002000,0.0
1626583032000,0.0
1626583062000,0.0
1626583092000,0.0
1626583122000,0.0
1626583152000,0.0
1626583182000,0.0
1626583212000,0.0
1626583242000,0.0
1626583272000,0.0
1626583302000,0.0
1626583332000,0.0
1626583362000,0.0
1626583392000,0.0
1626583422000,0.0
1626583452000,0.0
1626583482000,0.0
1626583512000,0.0
1626583542000,0.0
1626583572000,0.0
1626583602000,0.0
1626583632000,0.0
1626583662000,0.0
1626583692000,0.0
1626583722000,0.0
1626583752000,0.0
1626583782000,0.0
1626583812000,0.0
1626583842000,0.0
1626583872000,0.0
1626583902000,0.0
1626583932000,0.0
1626583962000,0.0
1626583992000,0.0
1626584022000,0.0
1626584052000,0.0
1626584082000,0.0
1626584112000,0.0
1626584142000,0.0
1626584172000,0.0
1626584202000,0.0
1626584232000,0.0
1626584262000,0.0
1626584292000,0.0
1626584322000,0.0
1626584352000,0.0
1626584382000,0.0
1626584412000,0.0
1626584442000,0.0
1626584472000,0.0
1626584502000,0.0
1626584532000,0.0
1626584562000,0.0
1626584592000,0.0
1626584622000,0.0
1626584652000,0.0
1626584682000,0.0
1626584712000,0.0
1626584742000,0.0
1626584772000,0.0
1626584802000,0.0
1626584832000,0.0
1626584862000,0.0
1626584892000,0.0
1626584922000,0.0
1626584952000,0.0
1626584982000,0.0
1626585012000,0.0
1626585042000,0.0
1626585072000,0.0
1626585102000,0.0
1626585132000,0.0
1626585162000,0.0
1626585192000,0.0
1626585222000,0.0
1626585252000,0.0
1626585282000,0.0
1626585312000,0.0
1626585342000,0.0
1626585372000,0.0
1626585402000,0.0
1626585432000,0.0
1626585462000,0.0
1626585492000,0.0
1626585522000,0.0
1626585552000,0.0
1626585582000,0.0
1626585612000,0.0
1626585642000,0.0
1626585672000,0.0
1626585702000,0.0
1626585732000,0.0
1626585762000,0.0
1626585792000,0.0
1626585822000,0.0
1626585852000,0.0
1626585882000,0.0
1626585912000,0.0
1626585942000,0.0
1626585972000,0.0
1626586002000,0.0
1626586032000,0.0
1626586062000,0.0
1626586092000,0.0
1626586122000,0.0
1626586152000,0.0
1626586182000,0.0
1626586212000,0.0
1626586242000,0.0
1626586272000,0.0
1626586302000,0.0
1626586332000,0.0
1626586362000,0.0
1626586392000,0.0
1626586422000,0.0
1626586452000,0.0
1626586482000,0.0
1626586512000,0.0
1626586542000,0.0
1626586572000,0.0
1626586602000,0.0
1626586632000,0.0
1626586662000,0.0
1626586692000,0.0
1626586722000,0.0
1626586752000,0.0
1626586782000,0.0
1626586812000,0.0
1626586842000,0.0
1626586872000,0.0
1626586902000,0.0
1626586932000,0.0
1626586962000,0.0
1626586992000,0.0
1626587022000,0.0
1626587052000,0.0
1626587082000,0.0
1626587112000,0.0
1626587142000,0.0
1626587172000,0.0
1626587202000,0.0
1626587232000,0.0
1626587262000,0.0
1626587292000,0.0
1626587322000,0.0
1626587352000,0.0
1626587382000,0.0
1626587412000,0.0
1626587442000,0.0
1626587472000,0.0
1626587502000,0.0
1626587532000,0.0
1626587562000,0.0
1626587592000,0.0
1626587622000,0.0
1626587652000,0.0
1626587682000,0.0
1626587712000,0.0
1626587742000,0.0
1626587772000,0.00040175452909418116
1626587802000,0.0
1626587832000,0.0
1626587862000,0.0
1626587892000,0.0
1626587922000,0.0
1626587952000,0.0
1626587982000,0.0
1626588012000,0.0
1626588042000,0.0
1626588072000,0.0
1626588102000,0.0
1626588132000,0.0
1626588162000,0.0002830829268292683
1626588192000,0.0
1626588222000,0.0
1626588252000,0.0
1626588282000,0.0
1626588312000,0.0
1626588342000,0.0
1626588372000,0.0
1626588402000,0.0
1626588432000,0.0
1626588462000,0.0
1626588492000,0.0
1626588522000,0.0
1626588552000,0.0
1626588582000,0.0
1626588612000,0.0
1626588642000,0.0
1626588672000,0.0
1626588702000,0.0
1626588732000,0.0
1626588762000,0.0
1626588792000,0.0
1626588822000,0.0
1626588852000,0.0
1626588882000,0.0
1626588912000,0.0
1626588942000,0.0
1626588972000,0.0
1626589002000,0.0
1626589032000,0.0
1626589062000,0.0
1626589092000,0.0
1626589122000,0.0
1626589152000,0.0
1626589182000,0.0
1626589212000,0.0
1626589242000,0.0
1626589272000,0.0
1626589302000,0.0
1626589332000,0.0
1626589362000,0.0
1626589392000,0.0
1626589422000,0.0
1626589452000,0.0
1626589482000,0.0
1626589512000,0.0
1626589542000,0.0
1626589572000,0.0
1626589602000,0.0
1626589632000,0.0
1626589662000,0.0
1626589692000,0.0
1626589722000,0.0
1626589752000,0.0
1626589782000,0.0
1626589812000,0.0
1626589842000,0.0
1626589872000,0.0
1626589902000,0.0
1626589932000,0.0
1626589962000,0.0
1626589992000,0.0
1626590022000,0.0
1626590052000,0.0
1626590082000,0.0
1626590112000,0.0
1626590142000,0.0
1626590172000,0.0
1626590202000,0.0
1626590232000,0.0
1626590262000,0.0
1626590292000,0.0
1626590322000,0.0
1626590352000,0.0
1626590382000,0.0
1626590412000,0.0
1626590442000,0.0
1626590472000,0.0
1626590502000,0.0
1626590532000,0.0
1626590562000,0.0
1626590592000,0.0
1626590622000,0.0
1626590652000,0.0
1626590682000,0.0
1626590712000,0.0
1626590742000,0.0
1626590772000,0.0
1626590802000,0.0
1626590832000,0.0
1626590862000,0.0
1626590892000,0.0
1626590922000,0.0
1626590952000,0.0
1626590982000,0.0
1626591012000,0.0
1626591042000,0.0
1626591072000,0.0
1626591102000,0.0
1626591132000,0.0
1626591162000,0.0
1626591192000,0.0
1626591222000,0.0
1626591252000,0.0
1626591282000,0.0
1626591312000,0.0
1626591342000,0.0
1626591372000,0.0
1626591402000,0.0
1626591432000,0.0
1626591462000,0.0
1626591492000,0.0
1626591522000,0.0
1626591552000,0.0
1626591582000,0.0
1626591612000,0.0
1626591642000,0.0
1626591672000,0.0
1626591702000,0.0
1626591732000,0.0
1626591762000,0.0
1626591792000,0.0
1626591822000,0.0
1626591852000,0.0
1626591882000,0.0
1626591912000,0.0
1626591942000,0.0
1626591972000,0.0
1626592002000,0.0
1626592032000,0.0
1626592062000,0.0
1626592092000,0.0
1626592122000,0.0
1626592152000,0.0
1626592182000,0.0
1626592212000,0.0
1626592242000,0.0
1626592272000,0.0
1626592302000,0.0
1626592332000,0.0
1626592362000,0.0
1626592392000,0.0
1626592422000,0.0
1626592452000,0.0
1626592482000,0.0
1626592512000,0.0
1626592542000,0.0
1626592572000,0.0
1626592602000,0.0
1626592632000,0.0
1626592662000,0.0
1626592692000,0.0
1626592722000,0.0
1626592752000,0.0
1626592782000,0.0
1626592812000,0.0
1626592842000,0.0
1626592872000,0.0
1626592902000,0.0
1626592932000,0.0
1626592962000,0.0
1626592992000,0.0
1626593022000,0.0
1626593052000,0.0
1626593082000,0.0
1626593112000,0.0
1626593142000,0.0
1626593172000,0.0
1626593202000,0.0
1626593232000,0.0
1626593262000,0.0
1626593292000,0.0
1626593322000,0.0
1626593352000,0.0
1626593382000,0.0
1626593412000,0.0
1626593442000,0.0
1626593472000,0.0
1626593502000,0.0
1626593532000,0.0
1626593562000,0.0
1626593592000,0.0
1626593622000,0.0
1626593652000,0.0
1626593682000,0.0
1626593712000,0.0
1626593742000,0.0
1626593772000,0.0
1626593802000,0.0
1626593832000,0.0
1626593862000,0.0
1626593892000,0.0
1626593922000,0.0
1626593952000,0.0
1626593982000,0.0
1626594012000,0.0
1626594042000,0.0
1626594072000,0.0
1626594102000,0.0
1626594132000,0.0
1626594162000,0.0
1626594192000,0.0
1626594222000,0.0
1626594252000,0.0
1626594282000,0.0
1626594312000,0.0
1626594342000,0.0
1626594372000,0.0
1626594402000,0.0
1626594432000,0.0
1626594462000,0.0
1626594492000,0.0
1626594522000,0.0
1626594552000,0.0
1626594582000,0.0
1626594612000,0.0
1626594642000,0.0
1626594672000,0.0
1626594702000,0.0
1626594732000,0.0
1626594762000,0.0
1626594792000,0.0
1626594822000,0.0
1626594852000,0.0
1626594882000,0.0
1626594912000,0.0
1626594942000,0.0
1626594972000,0.0
1626595002000,0.0
1626595032000,0.0
1626595062000,0.0
1626595092000,0.0
1626595122000,0.0
1626595152000,0.0
1626595182000,0.0
1626595212000,0.0
1626595242000,0.0
1626595272000,0.0
1626595302000,0.0
1626595332000,0.0
1626595362000,0.0
1626595392000,0.0
1626595422000,0.0
1626595452000,0.0
1626595482000,0.0
1626595512000,0.0
1626595542000,0.0
1626595572000,0.0
1626595602000,0.0
1626595632000,0.0
1626595662000,0.0
1626595692000,0.0
1626595722000,0.0
1626595752000,0.0
1626595782000,0.0
1626595812000,0.0
1626595842000,0.0
1626595872000,0.0
1626595902000,0.0
1626595932000,0.0
1626595962000,0.0
1626595992000,0.0
1626596022000,0.0
1626596052000,0.0
1626596082000,0.0
1626596112000,0.0
1626596142000,0.0
1626596172000,0.0
1626596202000,0.0
1626596232000,0.0
1626596262000,0.0
1626596292000,0.0
1626596322000,0.0
1626596352000,0.0
1626596382000,0.0
1626596412000,0.0
1626596442000,0.0
1626596472000,0.0
1626596502000,0.0
1626596532000,0.0
1626596562000,0.0
1626596592000,0.0
1626596622000,0.0
1626596652000,0.0
1626596682000,0.0
1626596712000,0.0
1626596742000,0.0
1626596772000,0.0
1626596802000,0.0
1626596832000,0.0
1626596862000,0.0
1626596892000,0.0
1626596922000,0.0
1626596952000,0.0
1626596982000,0.0
1626597012000,0.0
1626597042000,0.0
1626597072000,0.0
1626597102000,0.0
1626597132000,0.0
1626597162000,0.0
1626597192000,0.0
1626597222000,0.0
1626597252000,0.0
1626597282000,0.0
1626597312000,0.0
1626597342000,0.0002501359223300971
1626597372000,0.0
1626597402000,0.0
1626597432000,0.0
1626597462000,0.0
1626597492000,0.0
1626597522000,0.0
1626597552000,0.0
1626597582000,0.0
1626597612000,0.0
1626597642000,0.0
1626597672000,0.0
1626597702000,0.0
1626597732000,0.0
1626597762000,0.0
1626597792000,0.0
1626597822000,0.0
1626597852000,0.0
1626597882000,0.0
1626597912000,0.0
1626597942000,0.0
1626597972000,0.0
1626598002000,0.0
1626598032000,0.0
1626598062000,0.0
1626598092000,0.0
1626598122000,0.0
1626598152000,0.0
1626598182000,0.0
1626598212000,0.0
1626598242000,0.0
1626598272000,0.0
1626598302000,0.0
1626598332000,0.0
1626598362000,0.0
1626598392000,0.0
1626598422000,0.0
1626598452000,0.0
1626598482000,0.0
1626598512000,0.0
1626598542000,0.0
1626598572000,0.0
1626598602000,0.0
1626598632000,0.0
1626598662000,0.0
1626598692000,0.0
1626598722000,0.0
1626598752000,0.0
1626598782000,0.0
1626598812000,0.0
1626598842000,0.0
1626598872000,0.0
1626598902000,0.0
1626598932000,0.0
1626598962000,0.0
1626598992000,0.0
1626599022000,0.0
1626599052000,0.0
1626599082000,0.0
1626599112000,0.0
1626599142000,0.0
1626599172000,0.0
1626599202000,0.0
1626599232000,0.0
1626599262000,0.0
1626599292000,0.0
1626599322000,0.0
1626599352000,0.0
1626599382000,0.0003283838036809816
1626599412000,0.0
1626599442000,0.0
1626599472000,0.0
1626599502000,0.0
1626599532000,0.0
1626599562000,0.0
1626599592000,0.0
1626599622000,0.0
1626599652000,0.0
1626599682000,0.0
1626599712000,0.0
1626599742000,0.0
1626599772000,0.0
1626599802000,0.0
1626599832000,0.0
1626599862000,0.0
1626599892000,1.0432077764277036e-05
1626599922000,0.0
1626599952000,0.0
1626599982000,0.0
1626600012000,0.0
1626600042000,0.0
1626600072000,0.0
1626600102000,0.0
1626600132000,0.0
1626600162000,0.0
1626600192000,0.0
1626600222000,0.0
1626600252000,0.0
1626600282000,0.0
1626600312000,0.0
1626600342000,0.0
1626600372000,0.0
1626600402000,0.0
1626600432000,0.0
1626600462000,0.0
1626600492000,0.0
1626600522000,0.0
1626600552000,0.0
1626600582000,0.0
1626600612000,0.0
1626600642000,0.0
1626600672000,0.0
1626600702000,0.0
1626600732000,0.0
1626600762000,0.0
1626600792000,0.0
1626600822000,0.0
1626600852000,0.0
1626600882000,0.0
1626600912000,0.0
1626600942000,0.0
1626600972000,0.0
1626601002000,0.0
1626601032000,0.0
1626601062000,0.0
1626601092000,0.0
1626601122000,0.0
1626601152000,0.0
1626601182000,0.0
1626601212000,0.0
1626601242000,0.0
1626601272000,0.0
1626601302000,0.0
1626601332000,0.0
1626601362000,0.0
1626601392000,0.0
1626601422000,0.0
1626601452000,0.0
1626601482000,0.0
1626601512000,0.0
1626601542000,0.0
1626601572000,0.0
1626601602000,0.0
1626601632000,0.0
1626601662000,0.0
1626601692000,0.0
1626601722000,0.0
1626601752000,0.0
1626601782000,0.0
1626601812000,0.0
1626601842000,0.0
1626601872000,0.0
1626601902000,0.0
1626601932000,0.0
1626601962000,0.0
1626601992000,0.0
1626602022000,0.0
1626602052000,0.0
1626602082000,0.0
1626602112000,0.0
1626602142000,0.0
1626602172000,0.0
1626602202000,0.0
1626602232000,0.0
1626602262000,0.0
1626602292000,0.0
1626602322000,0.0
1626602352000,0.0
1626602382000,0.0
1626602412000,0.0
1626602442000,0.0
1626602472000,6.908070175438596e-05
1626602502000,0.0
1626602532000,0.0
1626602562000,0.0
1626602592000,0.0
1626602622000,0.0
1626602652000,0.0
1626602682000,0.0
1626602712000,0.0
1626602742000,0.0
1626602772000,0.0
1626602802000,0.0
1626602832000,0.0
1626602862000,0.0
1626602892000,0.0
1626602922000,0.0
1626602952000,0.0
1626602982000,0.0
1626603012000,0.0
1626603042000,0.0
1626603072000,0.0
1626603102000,0.0
1626603132000,0.0
1626603162000,0.0
1626603192000,0.0
1626603222000,0.0
1626603252000,0.0
1626603282000,0.0
1626603312000,0.0
1626603342000,0.0
1626603372000,0.0
1626603402000,0.0
1626603432000,0.0
1626603462000,0.0
1626603492000,0.0
1626603522000,0.0
1626603552000,0.0
1626603582000,0.0
1626603612000,0.0
1626603642000,0.0
1626603672000,0.0
1626603702000,0.0
1626603732000,0.0
1626603762000,0.0
1626603792000,0.0
1626603822000,0.0
1626603852000,0.0
1626603882000,0.0
1626603912000,0.0
1626603942000,0.0
1626603972000,0.0
1626604002000,0.0
1626604032000,0.0
1626604062000,0.0
1626604092000,0.0
1626604122000,0.0
1626604152000,0.0
1626604182000,0.0
1626604212000,0.0
1626604242000,0.0
1626604272000,0.0
1626604302000,0.0
1626604332000,0.0
1626604362000,0.0
1626604392000,0.0
1626604422000,0.0
1626604452000,0.0
1626604482000,0.0
1626604512000,0.0
1626604542000,0.0
1626604572000,0.0
1626604602000,0.0
1626604632000,0.0
1626604662000,0.0
1626604692000,0.0
1626604722000,0.0
1626604752000,0.0
1626604782000,0.0
1626604812000,0.0
1626604842000,0.0
1626604872000,0.0
1626604902000,0.0
1626604932000,0.0
1626604962000,0.0
1626604992000,0.0
1626605022000,0.0
1626605052000,0.0
1626605082000,0.0
1626605112000,0.0
1626605142000,0.0
1626605172000,0.0
1626605202000,0.0
1626605232000,0.0
1626605262000,0.0
1626605292000,0.0
1626605322000,0.0
1626605352000,0.0
1626605382000,0.0
1626605412000,0.0
1626605442000,0.0
1626605472000,0.0
1626605502000,0.0
1626605532000,0.0
1626605562000,0.0
1626605592000,0.0
1626605622000,0.0
1626605652000,0.0
1626605682000,0.0
1626605712000,0.0
1626605742000,0.0
1626605772000,0.0
1626605802000,0.0
1626605832000,0.0
1626605862000,0.0
1626605892000,0.0
1626605922000,0.0
1626605952000,0.0
1626605982000,0.0
1626606012000,0.0
1626606042000,0.0
1626606072000,0.0
1626606102000,0.0
1626606132000,0.0
1626606162000,0.0
1626606192000,0.0
1626606222000,0.0
1626606252000,0.0
1626606282000,0.0
1626606312000,0.0
1626606342000,0.0
1626606372000,0.0
1626606402000,0.0
1626606432000,0.0
1626606462000,0.0
1626606492000,0.0
1626606522000,0.0
1626606552000,0.0
1626606582000,0.0
1626606612000,0.0
1626606642000,0.0
1626606672000,0.0
1626606702000,0.0
1626606732000,0.0
1626606762000,0.0
1626606792000,0.0
1626606822000,0.0
1626606852000,0.0
1626606882000,0.0
1626606912000,0.0
1626606942000,0.0
1626606972000,0.0
1626607002000,0.0
1626607032000,0.0
1626607062000,0.0
1626607092000,0.0
1626607122000,0.0
1626607152000,0.0
1626607182000,0.0
1626607212000,0.0
1626607242000,0.0
1626607272000,0.0
1626607302000,0.0
1626607332000,0.0
1626607362000,0.0
1626607392000,0.0
1626607422000,0.0
1626607452000,0.0
1626607482000,0.0
1626607512000,0.0
1626607542000,0.0
1626607572000,0.0
1626607602000,0.0
1626607632000,0.0
1626607662000,0.0
1626607692000,0.0
1626607722000,0.0
1626607752000,0.0
1626607782000,0.0
1626607812000,0.0
1626607842000,0.0
1626607872000,0.0
1626607902000,0.0
1626607932000,0.0
1626607962000,0.0
1626607992000,0.0
1626608022000,0.0
1626608052000,0.0
1626608082000,0.0
1626608112000,0.0
1626608142000,0.0
1626608172000,0.0
1626608202000,0.0
1626608232000,0.0
1626608262000,0.0
1626608292000,0.0
1626608322000,0.0
1626608352000,0.0
1626608382000,0.0
1626608412000,0.0
1626608442000,0.0
1626608472000,0.0
1626608502000,0.0
1626608532000,0.0
1626608562000,0.0
1626608592000,0.0
1626608622000,0.0
1626608652000,0.0
1626608682000,0.0
1626608712000,0.0
1626608742000,0.0
1626608772000,0.0
1626608802000,0.0
1626608832000,0.0
1626608862000,0.0
1626608892000,0.0
1626608922000,0.0
1626608952000,0.0
1626608982000,0.0
1626609012000,0.0
1626609042000,0.0
1626609072000,0.0
1626609102000,0.0
1626609132000,0.0
1626609162000,0.0
1626609192000,0.0
1626609222000,0.0
1626609252000,0.0
1626609282000,0.0
1626609312000,0.0
1626609342000,0.0
1626609372000,0.0
1626609402000,0.0
1626609432000,0.0
1626609462000,0.0
1626609492000,0.0
1626609522000,0.0
1626609552000,0.0
1626609582000,0.0
1626609612000,0.0
1626609642000,0.0
1626609672000,0.0
1626609702000,0.0
1626609732000,0.0
1626609762000,0.0
1626609792000,0.0
1626609822000,0.0
1626609852000,0.0
1626609882000,0.0
1626609912000,0.0
1626609942000,0.0
1626609972000,0.0
1626610002000,0.0
1626610032000,0.0
1626610062000,0.0
1626610092000,0.0
1626610122000,0.0
1626610152000,0.0
1626610182000,0.0
1626610212000,0.0
1626610242000,0.0
1626610272000,0.0
1626610302000,0.0
1626610332000,0.0
1626610362000,0.0
1626610392000,0.0
1626610422000,0.0
1626610452000,0.0
1626610482000,0.0
1626610512000,0.0
1626610542000,0.0
1626610572000,0.0
1626610602000,0.0
1626610632000,0.0
1626610662000,0.0
1626610692000,0.0
1626610722000,0.0
1626610752000,0.0
1626610782000,0.0
1626610812000,0.0
1626610842000,0.0
1626610872000,0.0
1626610902000,0.0
1626610932000,0.0
1626610962000,0.0
1626610992000,0.0
1626611022000,0.0
1626611052000,0.0
1626611082000,0.0
1626611112000,0.0
1626611142000,0.0
1626611172000,0.0
1626611202000,0.0
1626611232000,0.0
1626611262000,0.0
1626611292000,0.0
1626611322000,0.0
1626611352000,0.0
1626611382000,0.0
1626611412000,0.0
1626611442000,0.0
1626611472000,0.0
1626611502000,0.0
1626611532000,0.0
1626611562000,0.0
1626611592000,0.0
1626611622000,0.0
1626611652000,0.0
1626611682000,0.0
1626611712000,0.0
1626611742000,0.0
1626611772000,0.0
1626611802000,0.0
1626611832000,0.0
1626611862000,0.0
1626611892000,0.0
1626611922000,0.0
1626611952000,0.0
1626611982000,0.0
1626612012000,0.0
1626612042000,0.0
1626612072000,0.0
1626612102000,0.0
1626612132000,0.0
1626612162000,0.0
1626612192000,0.0
1626612222000,0.0
1626612252000,0.0
1626612282000,0.0
1626612312000,0.0
1626612342000,0.0
1626612372000,0.0
1626612402000,0.0
1626612432000,0.0
1626612462000,0.0
1626612492000,0.0
1626612522000,0.0
1626612552000,0.0
1626612582000,0.0
1626612612000,0.0
1626612642000,0.0
1626612672000,0.0
1626612702000,0.0
1626612732000,0.0
1626612762000,0.0
1626612792000,0.0
1626612822000,0.0
1626612852000,0.0
1626612882000,0.0
1626612912000,0.0
1626612942000,0.0
1626612972000,0.0
1626613002000,0.0
1626613032000,0.0
1626613062000,0.0
1626613092000,0.0
1626613122000,0.0
1626613152000,0.0003950775956284153
1626613182000,0.0
1626613212000,0.0
1626613242000,0.0
1626613272000,0.0
1626613302000,0.0
1626613332000,0.0
1626613362000,0.0
1626613392000,0.0
1626613422000,0.0
1626613452000,0.0
1626613482000,0.0
1626613512000,0.0
1626613542000,0.0
1626613572000,0.0
1626613602000,0.0
1626613632000,0.0
1626613662000,0.0
1626613692000,0.0
1626613722000,0.0
1626613752000,0.0
1626613782000,0.0
1626613812000,0.0
1626613842000,0.0
1626613872000,0.0
1626613902000,0.0
1626613932000,0.0
1626613962000,0.0
1626613992000,0.0
1626614022000,0.0
1626614052000,0.0
1626614082000,0.0
1626614112000,0.0
1626614142000,0.0
1626614172000,0.0
1626614202000,0.0
1626614232000,0.0
1626614262000,0.0
1626614292000,0.0
1626614322000,0.0
1626614352000,0.0
1626614382000,0.0
1626614412000,0.0
1626614442000,0.0
1626614472000,0.0
1626614502000,0.0
1626614532000,0.0
1626614562000,0.0
1626614592000,0.0
1626614622000,0.0
1626614652000,0.0
1626614682000,0.0
1626614712000,0.0
1626614742000,0.0
1626614772000,0.0
1626614802000,0.0
1626614832000,0.0
1626614862000,0.0
1626614892000,0.0
1626614922000,0.0
1626614952000,0.0
1626614982000,0.0
1626615012000,0.0
1626615042000,0.0
1626615072000,0.0
1626615102000,0.0
1626615132000,0.0
1626615162000,0.0
1626615192000,0.0
1626615222000,0.0
1626615252000,0.0
1626615282000,0.0
1626615312000,0.0
1626615342000,0.0
1626615372000,0.0
1626615402000,0.0
1626615432000,0.0
1626615462000,0.0
1626615492000,0.0
1626615522000,0.0
1626615552000,0.0
1626615582000,0.0
1626615612000,0.0
1626615642000,0.0
1626615672000,0.0
1626615702000,0.0
1626615732000,0.0
1626615762000,0.0
1626615792000,0.0
1626615822000,0.0
1626615852000,0.0
1626615882000,0.0
1626615912000,0.0
1626615942000,0.0
1626615972000,0.0
1626616002000,0.0
1626616032000,0.0
1626616062000,0.0
1626616092000,0.0
1626616122000,0.0
1626616152000,0.0
1626616182000,0.0
1626616212000,0.0
1626616242000,0.0
1626616272000,0.0
1626616302000,0.0
1626616332000,0.0
1626616362000,0.0
1626616392000,0.0
1626616422000,0.0
1626616452000,0.0
1626616482000,0.0
1626616512000,0.0
1626616542000,0.0
1626616572000,0.0
1626616602000,0.0
1626616632000,0.0
1626616662000,0.0
1626616692000,0.0
1626616722000,0.0
1626616752000,0.0
1626616782000,0.0
1626616812000,0.0
1626616842000,0.0
1626616872000,0.0
1626616902000,0.0
1626616932000,0.0
1626616962000,0.0
1626616992000,0.0
1626617022000,0.0
1626617052000,0.0
1626617082000,0.0
1626617112000,0.0
1626617142000,0.0
1626617172000,0.0
1626617202000,0.0
1626617232000,0.0
1626617262000,0.0
1626617292000,0.0
1626617322000,0.0
1626617352000,0.0
1626617382000,0.0
1626617412000,0.0
1626617442000,0.0
1626617472000,0.0
1626617502000,0.0
1626617532000,0.0
1626617562000,0.0
1626617592000,0.0
1626617622000,0.0
1626617652000,0.0
1626617682000,0.0
1626617712000,0.0
1626617742000,0.0
1626617772000,0.0
1626617802000,0.0
1626617832000,0.0
1626617862000,0.0
1626617892000,0.0
1626617922000,0.0
1626617952000,0.0
1626617982000,0.0
1626618012000,0.0
1626618042000,0.0
1626618072000,0.0
1626618102000,0.0
1626618132000,0.0
1626618162000,0.0
1626618192000,0.0
1626618222000,0.0
1626618252000,0.0
1626618282000,0.0
1626618312000,0.0
1626618342000,0.0
1626618372000,0.0
1626618402000,0.0
1626618432000,0.0
1626618462000,0.0
1626618492000,0.0
1626618522000,0.0
1626618552000,0.0
1626618582000,0.0
1626618612000,0.0
1626618642000,0.0
1626618672000,0.0
1626618702000,0.0
1626618732000,0.0
1626618762000,0.0
1626618792000,0.0
1626618822000,0.0
1626618852000,0.0
1626618882000,0.0
1626618912000,0.0
1626618942000,0.0
1626618972000,0.0
1626619002000,0.0
1626619032000,0.0
1626619062000,0.0
1626619092000,0.0
1626619122000,0.0
1626619152000,0.0
1626619182000,0.0
1626619212000,0.0
1626619242000,0.0
1626619272000,0.0
1626619302000,0.0
1626619332000,0.0
1626619362000,0.0
1626619392000,0.0
1626619422000,0.0
1626619452000,0.0
1626619482000,0.0
1626619512000,0.0
1626619542000,0.0
1626619572000,0.0
1626619602000,0.0
1626619632000,0.0
1626619662000,0.0
1626619692000,0.0
1626619722000,0.0
1626619752000,0.0
1626619782000,0.0
1626619812000,0.0001244916717325228
1626619842000,0.0
1626619872000,0.0
1626619902000,0.0
1626619932000,0.0
1626619962000,0.0
1626619992000,0.0
1626620022000,0.0
1626620052000,0.0
1626620082000,0.0
1626620112000,0.0
1626620142000,0.0
1626620172000,0.0
1626620202000,0.0
1626620232000,0.0
1626620262000,0.0
1626620292000,0.0
1626620322000,0.0
1626620352000,0.0
1626620382000,0.0
1626620412000,0.0
1626620442000,0.0
1626620472000,0.0
1626620502000,0.0
1626620532000,0.0
1626620562000,0.0
1626620592000,0.0
1626620622000,0.0
1626620652000,0.0
1626620682000,0.0
1626620712000,0.0
1626620742000,0.0
1626620772000,0.0
1626620802000,0.0
1626620832000,0.0
1626620862000,0.0
1626620892000,0.0
1626620922000,0.0
1626620952000,0.0
1626620982000,0.0
1626621012000,0.0
1626621042000,0.0
1626621072000,0.0
1626621102000,0.0
1626621132000,0.0
1626621162000,0.0
1626621192000,0.0
1626621222000,0.0
1626621252000,0.0
1626621282000,0.0
1626621312000,0.0
1626621342000,0.0
1626621372000,0.0
1626621402000,0.0
1626621432000,0.0
1626621462000,0.0
1626621492000,0.0
1626621522000,0.0
1626621552000,0.0
1626621582000,0.0
1626621612000,0.0
1626621642000,0.0
1626621672000,0.0
1626621702000,0.0
1626621732000,0.0
1626621762000,0.0
1626621792000,0.0
1626621822000,0.0
1626621852000,0.0
1626621882000,0.0
1626621912000,0.0
1626621942000,0.0
1626621972000,0.0
1626622002000,0.0
1626622032000,0.0
1626622062000,0.0
1626622092000,0.0
1626622122000,0.0
1626622152000,0.0
1626622182000,0.0
1626622212000,0.0
1626622242000,0.0
1626622272000,0.0
1626622302000,0.0
1626622332000,0.0
1626622362000,0.0
1626622392000,0.0
1626622422000,0.0
1626622452000,0.0
1626622482000,0.0
1626622512000,0.0
1626622542000,0.0
1626622572000,0.0
1626622602000,0.0
1626622632000,0.0
1626622662000,0.0
1626622692000,0.0
1626622722000,0.0
1626622752000,0.0
1626622782000,0.0
1626622812000,0.0
1626622842000,0.0
1626622872000,0.0
1626622902000,0.0
1626622932000,0.0
1626622962000,0.0
1626622992000,0.0
1626623022000,0.0
1626623052000,0.0
1626623082000,0.0
1626623112000,0.0
1626623142000,0.0
1626623172000,0.0
1626623202000,0.0
1626623232000,0.0
1626623262000,0.0
1626623292000,0.0
1626623322000,0.0
1626623352000,0.0
1626623382000,0.0
1626623412000,0.0
1626623442000,0.0
1626623472000,0.0
1626623502000,0.0
1626623532000,0.0
1626623562000,0.0
1626623592000,0.0
1626623622000,0.0
1626623652000,0.0
1626623682000,0.0
1626623712000,0.0
1626623742000,0.0
1626623772000,0.0
1626623802000,0.0
1626623832000,0.0
1626623862000,0.0
1626623892000,0.0
1626623922000,0.0
1626623952000,0.0
1626623982000,0.0
1626624012000,0.0
1626624042000,0.0
1626624072000,0.0
1626624102000,0.0
1626624132000,0.0
1626624162000,0.0
1626624192000,0.0
1626624222000,0.0
1626624252000,0.0
1626624282000,0.0
1626624312000,0.0
1626624342000,0.0
1626624372000,0.0
1626624402000,0.0
1626624432000,0.0
1626624462000,0.0
1626624492000,0.0
1626624522000,0.0
1626624552000,0.0
1626624582000,0.0
1626624612000,0.0
1626624642000,0.0
1626624672000,0.0
1626624702000,0.0
1626624732000,0.0
1626624762000,0.0
1626624792000,0.0
1626624822000,0.0
1626624852000,0.0
1626624882000,0.0
1626624912000,0.0
1626624942000,0.0
1626624972000,0.0
1626625002000,0.0
1626625032000,0.0
1626625062000,0.0
1626625092000,0.0
1626625122000,0.0
1626625152000,0.0
1626625182000,0.0
1626625212000,0.0
1626625242000,0.0
1626625272000,0.0
1626625302000,0.0
1626625332000,0.0
1626625362000,0.0
1626625392000,0.0
1626625422000,0.0
1626625452000,0.0
1626625482000,0.0
1626625512000,0.0
1626625542000,0.0
1626625572000,0.0
1626625602000,0.0
1626625632000,0.0
1626625662000,0.0
1626625692000,0.0
1626625722000,0.0
1626625752000,0.0
1626625782000,0.0
1626625812000,0.0
1626625842000,0.0
1626625872000,0.0
1626625902000,0.0
1626625932000,0.0
1626625962000,0.0
1626625992000,0.0
1626626022000,0.0
1626626052000,0.0
1626626082000,0.0
1626626112000,0.0
1626626142000,0.0
1626626172000,0.0
1626626202000,0.0
1626626232000,0.0
1626626262000,0.0
1626626292000,0.0
1626626322000,0.0
1626626352000,0.0
1626626382000,0.0
1626626412000,0.0
1626626442000,0.0
1626626472000,0.0
1626626502000,0.0
1626626532000,0.0
1626626562000,0.0
1626626592000,0.0
1626626622000,0.0
1626626652000,0.0
1626626682000,0.0
1626626712000,0.0
1626626742000,0.0
1626626772000,0.0
1626626802000,0.0
1626626832000,0.0
1626626862000,0.0
1626626892000,0.0
1626626922000,0.0
1626626952000,0.0
1626626982000,0.0
1626627012000,0.0
1626627042000,0.0
1626627072000,0.0
1626627102000,0.0
1626627132000,0.0
1626627162000,0.0
1626627192000,0.0
1626627222000,0.0
1626627252000,0.0
1626627282000,0.0
1626627312000,0.0
1626627342000,0.0
1626627372000,0.0
1626627402000,0.0
1626627432000,0.0
1626627462000,0.0
1626627492000,0.0
1626627522000,0.0
1626627552000,0.0
1626627582000,0.0
1626627612000,0.0
1626627642000,0.0
1626627672000,0.0
1626627702000,0.0
1626627732000,0.0
1626627762000,0.0
1626627792000,0.0
1626627822000,0.0
1626627852000,0.0
1626627882000,0.0
1626627912000,0.0
1626627942000,0.0
1626627972000,0.0
1626628002000,0.0
1626628032000,0.0
1626628062000,0.0
1626628092000,6.305543345543345e-05
1626628122000,0.0
1626628152000,0.0
1626628182000,0.0
1626628212000,0.0
1626628242000,0.0
1626628272000,0.0
1626628302000,0.0
1626628332000,0.0
1626628362000,0.0
1626628392000,0.0
1626628422000,0.0
1626628452000,0.0
1626628482000,0.0
1626628512000,0.0
1626628542000,0.00011402386634844868
1626628572000,0.0
1626628602000,0.0
1626628632000,0.0
1626628662000,0.0
1626628692000,0.0
1626628722000,0.0
1626628752000,0.0
1626628782000,0.0
1626628812000,0.0
1626628842000,0.0
1626628872000,0.0
1626628902000,0.0
1626628932000,0.0
1626628962000,0.0
1626628992000,0.0
1626629022000,0.0
1626629052000,0.0
1626629082000,0.0
1626629112000,0.0
1626629142000,0.0
1626629172000,0.0
1626629202000,0.0
1626629232000,0.0
1626629262000,0.0
1626629292000,0.0
1626629322000,0.0
1626629352000,0.0
1626629382000,0.0
1626629412000,0.0
1626629442000,0.0
1626629472000,0.0
1626629502000,3.4343529411764704e-06
1626629532000,0.0
1626629562000,0.0
1626629592000,0.0
1626629622000,0.0
1626629652000,0.0
1626629682000,0.0
1626629712000,0.0
1626629742000,0.0
1626629772000,0.0
1626629802000,0.0
1626629832000,0.0
1626629862000,0.0
1626629892000,0.0
1626629922000,0.0
1626629952000,0.0
1626629982000,0.0
1626630012000,0.0
1626630042000,0.0
1626630072000,0.0
1626630102000,0.0
1626630132000,0.0
1626630162000,0.0
1626630192000,0.0
1626630222000,0.0
1626630252000,0.0
1626630282000,0.0
1626630312000,0.0
1626630342000,0.0
1626630372000,0.0
1626630402000,0.0
1626630432000,0.0
1626630462000,0.0
1626630492000,0.0
1626630522000,0.0
1626630552000,0.0
1626630582000,0.0
1626630612000,0.0
1626630642000,0.0
1626630672000,0.0
1626630702000,0.0
1626630732000,0.0
1626630762000,0.0
1626630792000,0.0
1626630822000,0.0
1626630852000,0.0
1626630882000,0.0
1626630912000,0.0
1626630942000,0.0
1626630972000,0.0
1626631002000,0.0
1626631032000,0.0
1626631062000,0.0
1626631092000,0.0
1626631122000,0.0
1626631152000,0.0
1626631182000,0.0
1626631212000,0.0
1626631242000,0.0
1626631272000,0.0
1626631302000,0.0
1626631332000,0.0
1626631362000,0.0
1626631392000,0.0
1626631422000,0.0
1626631452000,0.0
1626631482000,0.0
1626631512000,0.0
1626631542000,0.0
1626631572000,0.0
1626631602000,0.0
1626631632000,0.0
1626631662000,0.0
1626631692000,0.0
1626631722000,0.0
1626631752000,0.0
1626631782000,0.0
1626631812000,0.0
1626631842000,0.0
1626631872000,0.0
1626631902000,0.0
1626631932000,0.0
1626631962000,0.0
1626631992000,0.0
1626632022000,0.0
1626632052000,0.0
1626632082000,0.0
1626632112000,0.0
1626632142000,0.0
1626632172000,0.0
1626632202000,0.0
1626632232000,0.0
1626632262000,0.0
1626632292000,0.0
1626632322000,0.0
1626632352000,0.0
1626632382000,0.0
1626632412000,0.0
1626632442000,0.0
1626632472000,0.0
1626632502000,0.0
1626632532000,0.0
1626632562000,0.0
1626632592000,0.0
1626632622000,0.0
1626632652000,0.0
1626632682000,0.0
1626632712000,0.0
1626632742000,0.0
1626632772000,0.0
1626632802000,0.0
1626632832000,0.0
1626632862000,0.0
1626632892000,0.0
1626632922000,0.0
1626632952000,0.0
1626632982000,0.0
1626633012000,0.0
1626633042000,0.0
1626633072000,0.0
1626633102000,0.0
1626633132000,0.0
1626633162000,0.0
1626633192000,0.0
1626633222000,0.0
1626633252000,0.0
1626633282000,0.0
1626633312000,0.0
1626633342000,0.0
1626633372000,0.0
1626633402000,0.0
1626633432000,0.0
1626633462000,0.0
1626633492000,0.0
1626633522000,0.0
1626633552000,0.0
1626633582000,0.0
1626633612000,0.0
1626633642000,0.0
1626633672000,0.0
1626633702000,0.0
1626633732000,0.0
1626633762000,0.0
1626633792000,0.0
1626633822000,0.0
1626633852000,0.0
1626633882000,0.0
1626633912000,0.0
1626633942000,0.0
1626633972000,0.0
1626634002000,0.0
1626634032000,0.0
1626634062000,0.0
1626634092000,0.0
1626634122000,0.0
1626634152000,0.0
1626634182000,0.0
1626634212000,0.0
1626634242000,0.0
1626634272000,0.0
1626634302000,0.0
1626634332000,0.0
1626634362000,0.0
1626634392000,0.0
1626634422000,0.0
1626634452000,0.0
1626634482000,0.0
1626634512000,0.0
1626634542000,0.0
1626634572000,0.0
1626634602000,0.0
1626634632000,0.0
1626634662000,0.0
1626634692000,0.0
1626634722000,0.0
1626634752000,0.0
1626634782000,0.0
1626634812000,0.0
1626634842000,0.0
1626634872000,0.0
1626634902000,0.0
1626634932000,0.0
1626634962000,0.0
1626634992000,0.0
1626635022000,0.0
1626635052000,0.0
1626635082000,0.0
1626635112000,0.0
1626635142000,0.0
1626635172000,0.0
1626635202000,0.0
1626635232000,0.0
1626635262000,0.0
1626635292000,0.0
1626635322000,0.0
1626635352000,0.0
1626635382000,0.0
1626635412000,0.0
1626635442000,0.0
1626635472000,0.0
1626635502000,0.0
1626635532000,0.0
1626635562000,0.0
1626635592000,0.0
1626635622000,0.0
1626635652000,0.0
1626635682000,0.0
1626635712000,0.0
1626635742000,0.0
1626635772000,0.0
1626635802000,0.0
1626635832000,0.0
1626635862000,0.0
1626635892000,0.0
1626635922000,0.0
1626635952000,0.0
1626635982000,0.0
1626636012000,0.0
1626636042000,0.0
1626636072000,0.0
1626636102000,0.0
1626636132000,0.0
1626636162000,0.0
1626636192000,0.0
1626636222000,0.0
1626636252000,0.0
1626636282000,0.0
1626636312000,0.0
1626636342000,0.0
1626636372000,0.0
1626636402000,0.0
1626636432000,0.0
1626636462000,0.0
1626636492000,0.0
1626636522000,0.0
1626636552000,0.0
1626636582000,0.0
1626636612000,0.0
1626636642000,0.0
1626636672000,0.0
1626636702000,0.0
1626636732000,0.0
1626636762000,0.0
1626636792000,0.0
1626636822000,0.0
1626636852000,0.0
1626636882000,0.0
1626636912000,0.0
1626636942000,0.0
1626636972000,6.157938650306748e-05
1626637002000,0.0
1626637032000,0.0
1626637062000,0.0
1626637092000,0.0
1626637122000,0.0
1626637152000,0.0
1626637182000,0.0
1626637212000,0.0
1626637242000,0.0
1626637272000,0.0
1626637302000,0.0
1626637332000,0.0
1626637362000,0.0
1626637392000,0.0
1626637422000,0.0
1626637452000,0.0
1626637482000,0.0
1626637512000,0.0
1626637542000,0.0
1626637572000,0.0
1626637602000,0.0
1626637632000,0.0
1626637662000,0.0
1626637692000,0.0
1626637722000,0.0
1626637752000,0.0
1626637782000,0.0
1626637812000,0.0
1626637842000,0.0
1626637872000,0.0
1626637902000,0.0
1626637932000,0.0
1626637962000,0.0
1626637992000,0.0
1626638022000,0.0
1626638052000,0.0
1626638082000,0.0
1626638112000,0.0
1626638142000,0.0
1626638172000,0.0
1626638202000,0.0
1626638232000,0.0
1626638262000,0.0
1626638292000,0.0
1626638322000,0.0
1626638352000,0.0
1626638382000,0.0
1626638412000,0.0
1626638442000,0.0
1626638472000,0.0
1626638502000,0.0
1626638532000,0.0
1626638562000,0.0
1626638592000,0.0
1626638622000,0.0
1626638652000,0.0
1626638682000,0.0
1626638712000,0.0
1626638742000,0.0
1626638772000,0.0
1626638802000,0.0
1626638832000,0.0
1626638862000,0.0
1626638892000,0.0
1626638922000,0.0
1626638952000,0.0
1626638982000,0.0
1626639012000,0.0
1626639042000,0.0
1626639072000,0.0
1626639102000,0.0
1626639132000,0.0
1626639162000,0.0
1626639192000,0.0
1626639222000,0.0
1626639252000,0.0
1626639282000,0.0
1626639312000,0.0
1626639342000,0.0
1626639372000,0.0
1626639402000,0.0
1626639432000,0.0
1626639462000,0.0
1626639492000,0.0
1626639522000,0.0
1626639552000,0.0
1626639582000,0.0
1626639612000,0.0
1626639642000,0.0
1626639672000,0.0
1626639702000,0.0
1626639732000,0.0
1626639762000,0.0
1626639792000,0.0
1626639822000,0.0
1626639852000,0.0
1626639882000,0.0
1626639912000,0.0
1626639942000,0.0
1626639972000,0.0
1626640002000,0.0
1626640032000,0.0
1626640062000,0.0
1626640092000,0.0
1626640122000,0.0
1626640152000,0.0
1626640182000,0.0
1626640212000,0.0
1626640242000,0.0
1626640272000,0.0
1626640302000,0.0
1626640332000,0.0
1626640362000,0.0
1626640392000,0.0
1626640422000,0.0
1626640452000,0.0
1626640482000,0.0
1626640512000,0.0
1626640542000,0.0
1626640572000,0.0
1626640602000,0.0
1626640632000,0.0
1626640662000,0.0
1626640692000,0.0
1626640722000,0.0
1626640752000,0.0
1626640782000,0.0
1626640812000,0.0
1626640842000,0.0
1626640872000,0.0
1626640902000,0.0
1626640932000,0.0
1626640962000,0.0
1626640992000,0.0
1626641022000,0.0
1626641052000,0.0
1626641082000,0.0
1626641112000,0.0
1626641142000,0.0
1626641172000,0.0
1626641202000,0.0
1626641232000,0.0
1626641262000,0.0
1626641292000,0.0
1626641322000,0.0
1626641352000,0.0
1626641382000,0.0
1626641412000,0.0
1626641442000,0.0
1626641472000,0.0
1626641502000,0.0
1626641532000,0.0
1626641562000,0.0
1626641592000,0.0
1626641622000,0.0
1626641652000,0.0
1626641682000,0.0
1626641712000,0.0
1626641742000,0.0
1626641772000,0.0
1626641802000,0.0
1626641832000,0.0
1626641862000,0.0
1626641892000,0.0
1626641922000,0.0
1626641952000,0.0
1626641982000,0.0
1626642012000,0.0
1626642042000,0.0
1626642072000,0.0
1626642102000,0.0
1626642132000,0.0
1626642162000,0.0
1626642192000,0.0
1626642222000,0.0
1626642252000,0.0
1626642282000,0.0
1626642312000,0.0
1626642342000,0.0
1626642372000,0.0
1626642402000,0.0
1626642432000,0.0
1626642462000,0.0
1626642492000,0.0
1626642522000,0.00023265356265356264
1626642552000,0.00013010648878107944
1626642582000,0.0
1626642612000,0.0
1626642642000,0.0
1626642672000,0.0
1626642702000,0.0
1626642732000,0.0001244506298740252
1626642762000,0.0
1626642792000,0.0
1626642822000,0.0
1626642852000,0.0
1626642882000,0.0
1626642912000,0.0
1626642942000,0.0
1626642972000,0.0
1626643002000,0.0
1626643032000,0.0
1626643062000,0.0
1626643092000,0.0
1626643122000,0.0
1626643152000,0.0
1626643182000,0.0
1626643212000,0.0
1626643242000,0.0
1626643272000,0.00023370356926799758
1626643302000,7.048517846339988e-06
1626643332000,0.0
1626643362000,0.0
1626643392000,0.0
1626643422000,0.0
1626643452000,0.0
1626643482000,0.0
1626643512000,0.0
1626643542000,0.0
1626643572000,0.0
1626643602000,0.0
1626643632000,0.0
1626643662000,0.0
1626643692000,0.0
1626643722000,0.0
1626643752000,0.0
1626643782000,0.0
1626643812000,0.0
1626643842000,0.0
1626643872000,0.0
1626643902000,0.0
1626643932000,0.0
1626643962000,0.0
1626643992000,0.0
1626644022000,0.0
1626644052000,0.0
1626644082000,0.0
1626644112000,0.0
1626644142000,0.0
1626644172000,0.0
1626644202000,0.0
1626644232000,0.0
1626644262000,0.0
1626644292000,0.0
1626644322000,0.0
1626644352000,0.0
1626644382000,0.0
1626644412000,0.0
1626644442000,0.0
1626644472000,0.0
1626644502000,0.0
1626644532000,0.0
1626644562000,0.0
1626644592000,0.0
1626644622000,0.0
1626644652000,0.0003944367593712213
1626644682000,0.0
1626644712000,0.0
1626644742000,0.0
1626644772000,0.0
1626644802000,0.0
1626644832000,0.0
1626644862000,0.0
1626644892000,0.0
1626644922000,0.0
1626644952000,0.0
1626644982000,0.0
1626645012000,0.0
1626645042000,0.0
1626645072000,0.0
1626645102000,0.0
1626645132000,0.0
1626645162000,0.0
1626645192000,0.0
1626645222000,0.0
1626645252000,0.0
1626645282000,0.0
1626645312000,0.0
1626645342000,0.0
1626645372000,0.0
1626645402000,0.0
1626645432000,0.0
1626645462000,0.0
1626645492000,0.0
1626645522000,0.0
1626645552000,0.0
1626645582000,0.0
1626645612000,0.0
1626645642000,0.0
1626645672000,0.0
1626645702000,0.0
1626645732000,0.0
1626645762000,0.0
1626645792000,0.0
1626645822000,0.0
1626645852000,0.0
1626645882000,0.0
1626645912000,0.0
1626645942000,0.0
1626645972000,0.0
1626646002000,0.0
1626646032000,0.0
1626646062000,0.0
1626646092000,0.0
1626646122000,0.0
1626646152000,0.0
1626646182000,0.0
1626646212000,0.0
1626646242000,0.0
1626646272000,0.0
1626646302000,0.0
1626646332000,0.0
1626646362000,0.0
1626646392000,0.0
1626646422000,0.0
1626646452000,0.0
1626646482000,0.0
1626646512000,0.0
1626646542000,0.0
1626646572000,0.0
1626646602000,0.0
1626646632000,0.0
1626646662000,0.0
1626646692000,0.0
1626646722000,0.0
1626646752000,0.0
1626646782000,0.0
1626646812000,0.0
1626646842000,0.0
1626646872000,0.0
1626646902000,0.0
1626646932000,0.0
1626646962000,0.0
1626646992000,0.0
1626647022000,0.0
1626647052000,0.0
1626647082000,0.0
1626647112000,0.0
1626647142000,0.0
1626647172000,0.0
1626647202000,0.0
1626647232000,0.0
1626647262000,0.0
1626647292000,0.0
1626647322000,0.0
1626647352000,0.0
1626647382000,0.0
1626647412000,0.0
1626647442000,0.0
1626647472000,0.0
1626647502000,0.0
1626647532000,0.0
1626647562000,0.0
1626647592000,0.0
1626647622000,0.0
1626647652000,0.0
1626647682000,0.0
1626647712000,0.0
1626647742000,0.0
1626647772000,0.0
1626647802000,0.0
1626647832000,0.0
1626647862000,0.0
1626647892000,0.0
1626647922000,0.0
1626647952000,0.0
1626647982000,0.0
1626648012000,0.0
1626648042000,0.0
1626648072000,0.0
1626648102000,0.0
1626648132000,0.0
1626648162000,0.0
1626648192000,0.0
1626648222000,0.0
1626648252000,0.0
1626648282000,0.0
1626648312000,0.0
1626648342000,0.0
1626648372000,0.0
1626648402000,0.0
1626648432000,0.0
1626648462000,0.0
1626648492000,0.0
1626648522000,0.0
1626648552000,0.0
1626648582000,0.0
1626648612000,0.0
1626648642000,0.0
1626648672000,0.0
1626648702000,0.0
1626648732000,0.0
1626648762000,0.0
1626648792000,0.0
1626648822000,0.0
1626648852000,0.0
1626648882000,0.0
1626648912000,0.0
1626648942000,0.0
1626648972000,0.0
1626649002000,0.0
1626649032000,0.0
1626649062000,0.0
1626649092000,0.0
1626649122000,0.0
1626649152000,0.0
1626649182000,0.0
1626649212000,0.0
1626649242000,0.0
1626649272000,0.0
1626649302000,0.0
1626649332000,0.0
1626649362000,0.0
1626649392000,0.0
1626649422000,0.0
1626649452000,0.0
1626649482000,0.0
1626649512000,0.0
1626649542000,0.0
1626649572000,0.0
1626649602000,0.0
1626649632000,0.0
1626649662000,0.0
1626649692000,0.0
1626649722000,0.0
1626649752000,0.0
1626649782000,0.0
1626649812000,0.0
1626649842000,0.0
1626649872000,0.0
1626649902000,0.0
1626649932000,0.0
1626649962000,0.0
1626649992000,0.0
1626650022000,0.0
1626650052000,0.0
1626650082000,0.0
1626650112000,0.0
1626650142000,0.0
1626650172000,0.0
1626650202000,0.0
1626650232000,0.0
1626650262000,0.0
1626650292000,0.0
1626650322000,0.0
1626650352000,0.0
1626650382000,0.0
1626650412000,0.0
1626650442000,0.0
1626650472000,0.0
1626650502000,0.0
1626650532000,0.0
1626650562000,0.0
1626650592000,0.0
1626650622000,0.0
1626650652000,0.0
1626650682000,0.0
1626650712000,0.0
1626650742000,0.0
1626650772000,0.0
1626650802000,0.0
1626650832000,0.0
1626650862000,0.0
1626650892000,0.0
1626650922000,0.0
1626650952000,0.0
1626650982000,0.0
1626651012000,0.0
1626651042000,0.0
1626651072000,0.0
1626651102000,0.0
1626651132000,0.0
1626651162000,0.0
1626651192000,0.0
1626651222000,0.0
1626651252000,0.0
1626651282000,0.0
1626651312000,0.0
1626651342000,0.0
1626651372000,0.0
1626651402000,0.0
1626651432000,0.0
1626651462000,0.0
1626651492000,0.0
1626651522000,0.0
1626651552000,0.0
1626651582000,0.0
1626651612000,0.0
1626651642000,0.0
1626651672000,0.0
1626651702000,0.0
1626651732000,0.0
1626651762000,0.0
1626651792000,0.0
1626651822000,0.0
1626651852000,0.0
1626651882000,0.0
1626651912000,0.0
1626651942000,0.0
1626651972000,0.0
1626652002000,0.0
1626652032000,0.0
1626652062000,0.0
1626652092000,0.0
1626652122000,0.0
1626652152000,0.0
1626652182000,0.0
1626652212000,0.0
1626652242000,0.0
1626652272000,0.0
1626652302000,0.0
1626652332000,0.0
1626652362000,0.0
1626652392000,0.0
1626652422000,0.0
1626652452000,0.0
1626652482000,0.0
1626652512000,0.0
1626652542000,0.0
1626652572000,0.0
1626652602000,0.0
1626652632000,0.0
1626652662000,0.0
1626652692000,0.0
1626652722000,0.0
1626652752000,0.0
1626652782000,0.0
1626652812000,0.0
1626652842000,0.0
1626652872000,0.0
1626652902000,0.0
1626652932000,0.0
1626652962000,0.0
1626652992000,0.0
1626653022000,0.0
1626653052000,0.0
1626653082000,0.0
1626653112000,0.0
1626653142000,0.0
1626653172000,0.0
1626653202000,0.0
1626653232000,0.0
1626653262000,0.0
1626653292000,0.0
1626653322000,0.0
1626653352000,0.0
1626653382000,0.0
1626653412000,0.0
1626653442000,0.0
1626653472000,0.0
1626653502000,0.0
1626653532000,0.0
1626653562000,0.0
1626653592000,0.0
1626653622000,0.0
1626653652000,0.0
1626653682000,0.0
1626653712000,0.0
1626653742000,0.0
1626653772000,0.0
1626653802000,0.0
1626653832000,0.0
1626653862000,0.0
1626653892000,0.0
1626653922000,0.0
1626653952000,0.0
1626653982000,0.0
1626654012000,0.0
1626654042000,0.0
1626654072000,0.0
1626654102000,0.0
1626654132000,0.0
1626654162000,0.0
1626654192000,0.0
1626654222000,0.0
1626654252000,0.0
1626654282000,0.0
1626654312000,0.0
1626654342000,0.0
1626654372000,0.0
1626654402000,0.0
1626654432000,0.0
1626654462000,0.0
1626654492000,0.0
1626654522000,0.0
1626654552000,0.0
1626654582000,0.0
1626654612000,0.0
1626654642000,0.0
1626654672000,0.0
1626654702000,0.0
1626654732000,0.0
1626654762000,0.0
1626654792000,0.0
1626654822000,0.0
1626654852000,0.0
1626654882000,0.0
1626654912000,0.0
1626654942000,0.0
1626654972000,0.0
1626655002000,0.0
1626655032000,0.00015737400854179377
1626655062000,0.0
1626655092000,0.0
1626655122000,0.0
1626655152000,0.0
1626655182000,0.0
1626655212000,0.0
1626655242000,0.0
1626655272000,0.0
1626655302000,0.0
1626655332000,0.0
1626655362000,0.0
1626655392000,0.0
1626655422000,0.0
1626655452000,0.0
1626655482000,0.0
1626655512000,0.0
1626655542000,0.0
1626655572000,0.0
1626655602000,0.0
1626655632000,0.0
1626655662000,0.0
1626655692000,0.0
1626655722000,0.0
1626655752000,0.0
1626655782000,0.0
1626655812000,0.0
1626655842000,0.0
1626655872000,0.0
1626655902000,0.0
1626655932000,0.0
1626655962000,0.0
1626655992000,0.0
1626656022000,0.0
1626656052000,0.0
1626656082000,0.0
1626656112000,0.0
1626656142000,0.0
1626656172000,0.0
1626656202000,0.0
1626656232000,0.0
1626656262000,0.0
1626656292000,0.0
1626656322000,0.0
1626656352000,0.0
1626656382000,0.0
1626656412000,0.0
1626656442000,0.0
1626656472000,0.0
1626656502000,0.0
1626656532000,0.0
1626656562000,0.0
1626656592000,0.0
1626656622000,0.0
1626656652000,0.0
1626656682000,0.0
1626656712000,0.0
1626656742000,0.0
1626656772000,0.0
1626656802000,0.0
1626656832000,0.0
1626656862000,0.0
1626656892000,0.0
1626656922000,0.0
1626656952000,0.0
1626656982000,0.0
1626657012000,0.0
1626657042000,0.0
1626657072000,0.0
1626657102000,0.0
1626657132000,0.0
1626657162000,0.0
1626657192000,0.0
1626657222000,0.0
1626657252000,0.0
1626657282000,0.0
1626657312000,0.0
1626657342000,0.0
1626657372000,0.0
1626657402000,0.0
1626657432000,0.0
1626657462000,0.0
1626657492000,0.0
1626657522000,0.0
1626657552000,0.0
1626657582000,0.0
1626657612000,0.0
1626657642000,0.0
1626657672000,0.0
1626657702000,0.0
1626657732000,0.0
1626657762000,0.0
1626657792000,0.0
1626657822000,0.0
1626657852000,0.0
1626657882000,0.0
1626657912000,0.0
1626657942000,0.0
1626657972000,0.0
1626658002000,0.0
1626658032000,0.0
1626658062000,0.0
1626658092000,0.0
1626658122000,0.0
1626658152000,0.0
1626658182000,0.0
1626658212000,0.0
1626658242000,0.0
1626658272000,0.0
1626658302000,0.0
1626658332000,0.0
1626658362000,0.0
1626658392000,0.0
1626658422000,0.0
1626658452000,0.0
1626658482000,0.0
1626658512000,0.0
1626658542000,0.0
1626658572000,0.0
1626658602000,0.0
1626658632000,0.0
1626658662000,0.0
1626658692000,0.0
1626658722000,0.0
1626658752000,0.0
1626658782000,0.0
1626658812000,0.0
1626658842000,0.0
1626658872000,0.0
1626658902000,0.0
1626658932000,0.0
1626658962000,0.0
1626658992000,0.0
1626659022000,0.0
1626659052000,0.0
1626659082000,0.0
1626659112000,0.0
1626659142000,0.0
1626659172000,0.0
1626659202000,0.0
1626659232000,0.0
1626659262000,0.0
1626659292000,0.0
1626659322000,0.0
1626659352000,0.0
1626659382000,0.0
1626659412000,0.0
1626659442000,0.0
1626659472000,0.0
1626659502000,0.0
1626659532000,0.0
1626659562000,0.0
1626659592000,0.0
1626659622000,0.0
1626659652000,0.0
1626659682000,0.0
1626659712000,0.0
1626659742000,0.0
1626659772000,0.0
1626659802000,0.0
1626659832000,0.0
1626659862000,0.0
1626659892000,0.0
1626659922000,0.0
1626659952000,0.0
1626659982000,0.0
1626660012000,0.0
1626660042000,0.0
1626660072000,0.0
1626660102000,0.0
1626660132000,0.0
1626660162000,0.0
1626660192000,0.0
1626660222000,0.0
1626660252000,0.0
1626660282000,0.0
1626660312000,0.0
1626660342000,0.0
1626660372000,0.0
1626660402000,0.0
1626660432000,0.0
1626660462000,0.0
1626660492000,0.0
1626660522000,0.0
1626660552000,0.0
1626660582000,0.0
1626660612000,0.0
1626660642000,0.0
1626660672000,0.0
1626660702000,0.0
1626660732000,0.0
1626660762000,0.0
1626660792000,0.0
1626660822000,0.0
1626660852000,0.0
1626660882000,0.0
1626660912000,0.0
1626660942000,0.0
1626660972000,0.0
1626661002000,0.0
1626661032000,0.0
1626661062000,0.0
1626661092000,0.0
1626661122000,0.0
1626661152000,0.0
1626661182000,0.0
1626661212000,0.0
1626661242000,0.0
1626661272000,0.0
1626661302000,0.0
1626661332000,0.0
1626661362000,0.0
1626661392000,0.0
1626661422000,0.0
1626661452000,0.0
1626661482000,0.0
1626661512000,0.0
1626661542000,0.0
1626661572000,0.0
1626661602000,0.0
1626661632000,0.0
1626661662000,0.0
1626661692000,0.0
1626661722000,0.0
1626661752000,0.0
1626661782000,0.0
1626661812000,0.0
1626661842000,0.0
1626661872000,0.0
1626661902000,0.0
1626661932000,0.0
1626661962000,0.0
1626661992000,0.0
1626662022000,0.0
1626662052000,0.0
1626662082000,0.0
1626662112000,0.0
1626662142000,0.0
1626662172000,0.0
1626662202000,0.0
1626662232000,0.0
1626662262000,0.0
1626662292000,0.0
1626662322000,0.0
1626662352000,0.0
1626662382000,0.0
1626662412000,0.0
1626662442000,0.0
1626662472000,0.0
1626662502000,0.0
1626662532000,0.0
1626662562000,0.0
1626662592000,0.0
1626662622000,0.0
1626662652000,0.0
1626662682000,0.0
1626662712000,0.0
1626662742000,0.0
1626662772000,0.0
1626662802000,0.0
1626662832000,0.0
1626662862000,0.0
1626662892000,0.0
1626662922000,0.0
1626662952000,0.0
1626662982000,0.0
1626663012000,0.0
1626663042000,0.0
1626663072000,0.0
1626663102000,0.0
1626663132000,0.0
1626663162000,0.0
1626663192000,0.0
1626663222000,0.0
1626663252000,0.0
1626663282000,0.0
1626663312000,0.0
1626663342000,0.0
1626663372000,0.0
1626663402000,0.0
1626663432000,0.0
1626663462000,0.0
1626663492000,0.0
1626663522000,0.0
1626663552000,0.0
1626663582000,0.0
1626663612000,0.0
1626663642000,0.0
1626663672000,0.0
1626663702000,0.0
1626663732000,0.0
1626663762000,0.0
1626663792000,0.0
1626663822000,0.0
1626663852000,0.0
1626663882000,0.0
1626663912000,0.0
1626663942000,0.0
1626663972000,0.0
1626664002000,0.0003067843137254902
1626664032000,0.0
1626664062000,0.0
1626664092000,0.0
1626664122000,0.0
1626664152000,0.0
1626664182000,0.0
1626664212000,0.0
1626664242000,0.0
1626664272000,0.0
1626664302000,0.0
1626664332000,0.0
1626664362000,0.0
1626664392000,0.0
1626664422000,0.0
1626664452000,0.0
1626664482000,0.0
1626664512000,0.0
1626664542000,0.0
1626664572000,0.0
1626664602000,0.0
1626664632000,0.0
1626664662000,0.0
1626664692000,0.0
1626664722000,0.0
1626664752000,0.0
1626664782000,0.0
1626664812000,0.0
1626664842000,0.0
1626664872000,0.0
1626664902000,0.0
1626664932000,0.0
1626664962000,0.0
1626664992000,0.0
1626665022000,0.0
1626665052000,0.0
1626665082000,0.0
1626665112000,0.0
1626665142000,0.0
1626665172000,0.0
1626665202000,0.0
1626665232000,0.0
1626665262000,0.0
1626665292000,0.0
1626665322000,0.0
1626665352000,0.0
1626665382000,0.0
1626665412000,0.0
1626665442000,0.0
1626665472000,0.0
1626665502000,2.3086401925391094e-05
1626665532000,0.0
1626665562000,0.0
1626665592000,0.0
1626665622000,0.0
1626665652000,0.0
1626665682000,0.0
1626665712000,0.0
1626665742000,0.0
1626665772000,0.0
1626665802000,0.0
1626665832000,0.0
1626665862000,0.0
1626665892000,0.0
1626665922000,0.0
1626665952000,0.0
1626665982000,0.0
1626666012000,0.0
1626666042000,0.0
1626666072000,0.0
1626666102000,0.0
1626666132000,0.0
1626666162000,0.0
1626666192000,0.0
1626666222000,0.0
1626666252000,0.0
1626666282000,0.0
1626666312000,0.0
1626666342000,0.0
1626666372000,0.0
1626666402000,0.0
1626666432000,0.0
1626666462000,0.0
1626666492000,0.0
1626666522000,0.0
1626666552000,0.0
1626666582000,0.0
1626666612000,0.0
1626666642000,0.0
1626666672000,0.0
1626666702000,0.0
1626666732000,0.0
1626666762000,0.0
1626666792000,0.0
1626666822000,0.0
1626666852000,0.0
1626666882000,0.0
1626666912000,0.0
1626666942000,0.0
1626666972000,0.0
1626667002000,0.0
1626667032000,0.0
1626667062000,0.0
1626667092000,0.0
1626667122000,0.0
1626667152000,0.0
1626667182000,0.0
1626667212000,0.0
1626667242000,0.0
1626667272000,0.0
1626667302000,0.0
1626667332000,0.0
1626667362000,0.0
1626667392000,0.0
1626667422000,0.0
1626667452000,0.0
1626667482000,0.0
1626667512000,0.0
1626667542000,0.0
1626667572000,0.0
1626667602000,0.0
1626667632000,0.0
1626667662000,0.0
1626667692000,0.0
1626667722000,0.0
1626667752000,0.0
1626667782000,0.0
1626667812000,0.0
1626667842000,0.0
1626667872000,0.0
1626667902000,0.0
1626667932000,0.0
1626667962000,0.0
1626667992000,0.0
1626668022000,0.0
1626668052000,0.0
1626668082000,0.0
1626668112000,0.0
1626668142000,0.0
1626668172000,0.0
1626668202000,0.0
1626668232000,0.0
1626668262000,0.0
1626668292000,0.0
1626668322000,0.0
1626668352000,0.0
1626668382000,0.0
1626668412000,0.0
1626668442000,0.0
1626668472000,0.0
1626668502000,0.0
1626668532000,0.0
1626668562000,0.0
1626668592000,0.0
1626668622000,0.0
1626668652000,0.0
1626668682000,0.0
1626668712000,0.0
1626668742000,0.0
1626668772000,0.0
1626668802000,0.0
1626668832000,0.0
1626668862000,0.0
1626668892000,0.0
1626668922000,0.0
1626668952000,0.0
1626668982000,0.0
1626669012000,0.0
1626669042000,0.0
1626669072000,0.0
1626669102000,0.0
1626669132000,0.0
1626669162000,0.0
1626669192000,0.0
1626669222000,0.0
1626669252000,0.0
1626669282000,0.0
1626669312000,0.0
1626669342000,0.0
1626669372000,0.0
1626669402000,0.0
1626669432000,0.0
1626669462000,0.0
1626669492000,0.0
1626669522000,0.0
1626669552000,0.0
1626669582000,0.0
1626669612000,0.0
1626669642000,0.0
1626669672000,0.0
1626669702000,0.0
1626669732000,0.0
1626669762000,0.0
1626669792000,0.0
1626669822000,0.0
1626669852000,0.0
1626669882000,0.0
1626669912000,0.0
1626669942000,0.0
1626669972000,0.0
1626670002000,0.0
1626670032000,0.0
1626670062000,0.0
1626670092000,0.0
1626670122000,0.0
1626670152000,0.0
1626670182000,0.0
1626670212000,0.0
1626670242000,0.0
1626670272000,0.0
1626670302000,0.0
1626670332000,0.0
1626670362000,0.0
1626670392000,0.0
1626670422000,0.0
1626670452000,0.0
1626670482000,0.0
1626670512000,0.0
1626670542000,0.0
1626670572000,0.0
1626670602000,0.0
1626670632000,0.0
1626670662000,0.0
1626670692000,0.0
1626670722000,0.0
1626670752000,0.0
1626670782000,0.0
1626670812000,0.0
1626670842000,0.0
1626670872000,0.0
1626670902000,0.0
1626670932000,0.0
1626670962000,0.0
1626670992000,0.0
1626671022000,0.0
1626671052000,0.0
1626671082000,0.0
1626671112000,0.0
1626671142000,0.0
1626671172000,0.0
1626671202000,0.0
1626671232000,0.0
1626671262000,0.0
1626671292000,0.0
1626671322000,0.0
1626671352000,0.0
1626671382000,0.0
1626671412000,0.0
1626671442000,0.0
1626671472000,0.0
1626671502000,0.0
1626671532000,0.0
1626671562000,0.0
1626671592000,0.0
1626671622000,0.0
1626671652000,0.0
1626671682000,0.0
1626671712000,0.0
1626671742000,0.0
1626671772000,0.0
1626671802000,0.0
1626671832000,0.0
1626671862000,0.0
1626671892000,0.0
1626671922000,0.0
1626671952000,0.0
1626671982000,0.0
1626672012000,0.0
1626672042000,0.0
1626672072000,0.0
1626672102000,0.0
1626672132000,0.0
1626672162000,0.0
1626672192000,0.0
1626672222000,0.0
1626672252000,0.00018363534430225473
1626672282000,0.0
1626672312000,0.0
1626672342000,0.0
1626672372000,0.0
1626672402000,0.0
1626672432000,0.0
1626672462000,0.0
1626672492000,0.0
1626672522000,0.0
1626672552000,0.0
1626672582000,0.0
1626672612000,0.0
1626672642000,0.0
1626672672000,0.0
1626672702000,0.0
1626672732000,0.0
1626672762000,0.0
1626672792000,0.0
1626672822000,0.0
1626672852000,0.0
1626672882000,0.0
1626672912000,0.0
1626672942000,0.0
1626672972000,0.0
1626673002000,0.0
1626673032000,0.0
1626673062000,0.0
1626673092000,0.0
1626673122000,0.0
1626673152000,0.0
1626673182000,0.0
1626673212000,0.0
1626673242000,0.0
1626673272000,0.0
1626673302000,0.0
1626673332000,0.0
1626673362000,0.0
1626673392000,0.0
1626673422000,0.0
1626673452000,0.0
1626673482000,0.0
1626673512000,0.0
1626673542000,0.0
1626673572000,0.0
1626673602000,0.0
1626673632000,0.0
1626673662000,0.0
1626673692000,0.0
1626673722000,0.0
1626673752000,0.0
1626673782000,0.0
1626673812000,0.0
1626673842000,0.0
1626673872000,0.0
1626673902000,0.0
1626673932000,0.0
1626673962000,0.0
1626673992000,0.0
1626674022000,0.0
1626674052000,0.0
1626674082000,0.0
1626674112000,0.0
1626674142000,0.0
1626674172000,0.0
1626674202000,0.0
1626674232000,0.0
1626674262000,0.0
1626674292000,0.0
1626674322000,0.0
1626674352000,0.0
1626674382000,0.0
1626674412000,0.0
1626674442000,0.0
1626674472000,0.0
1626674502000,0.0
1626674532000,0.0
1626674562000,0.0
1626674592000,0.0
1626674622000,0.0
1626674652000,0.0
1626674682000,0.0
1626674712000,0.0
1626674742000,0.0
1626674772000,0.0
1626674802000,0.0
1626674832000,0.0
1626674862000,0.0
1626674892000,0.0
1626674922000,0.0
1626674952000,0.0
1626674982000,0.0
1626675012000,0.0
1626675042000,0.0
1626675072000,0.0
1626675102000,0.0
1626675132000,0.0
1626675162000,0.0
1626675192000,0.0
1626675222000,0.0
1626675252000,0.0
1626675282000,0.0
1626675312000,0.0
1626675342000,0.0
1626675372000,0.0
1626675402000,0.0
1626675432000,0.0
1626675462000,0.0
1626675492000,0.0
1626675522000,0.0
1626675552000,0.0
1626675582000,0.0
1626675612000,0.0
1626675642000,0.0
1626675672000,0.0
1626675702000,0.0
1626675732000,0.0
1626675762000,0.0
1626675792000,0.0
1626675822000,0.0
1626675852000,0.0
1626675882000,0.0
1626675912000,0.0
1626675942000,0.0
1626675972000,0.0
1626676002000,0.0
1626676032000,0.0
1626676062000,0.0
1626676092000,0.0
1626676122000,0.0
1626676152000,0.0
1626676182000,0.0
1626676212000,0.0
1626676242000,0.0
1626676272000,0.0
1626676302000,0.0
1626676332000,0.0
1626676362000,0.0
1626676392000,0.0
1626676422000,0.0
1626676452000,0.0
1626676482000,0.0
1626676512000,0.0
1626676542000,0.0
1626676572000,0.0
1626676602000,0.0
1626676632000,0.0
1626676662000,0.0
1626676692000,0.0
1626676722000,0.0
1626676752000,0.0
1626676782000,0.0
1626676812000,0.0
1626676842000,0.0
1626676872000,0.0
1626676902000,0.0
1626676932000,0.0
1626676962000,0.0
1626676992000,0.0
1626677022000,0.0
1626677052000,0.0
1626677082000,0.0
1626677112000,0.0
1626677142000,0.0
1626677172000,0.0
1626677202000,0.0
1626677232000,0.0
1626677262000,0.0
1626677292000,0.0
1626677322000,0.0
1626677352000,0.0
1626677382000,0.0
1626677412000,0.0
1626677442000,0.0
1626677472000,0.0
1626677502000,0.0
1626677532000,0.0
1626677562000,0.0
1626677592000,0.0
1626677622000,0.0
1626677652000,0.0
1626677682000,0.0
1626677712000,0.0
1626677742000,0.0
1626677772000,0.00037777745454545454
1626677802000,0.0
1626677832000,0.0
1626677862000,0.0
1626677892000,0.0
1626677922000,0.0
1626677952000,0.000285559975293391
1626677982000,0.0
1626678012000,0.0
1626678042000,0.0
1626678072000,0.0
1626678102000,0.0
1626678132000,0.0
1626678162000,0.0
1626678192000,0.0005309861482381531
1626678222000,0.0
1626678252000,0.00028880586797066013
1626678282000,0.0
1626678312000,0.0
1626678342000,0.0
1626678372000,0.0
1626678402000,0.0
1626678432000,0.0
1626678462000,0.0
1626678492000,0.0
1626678522000,0.0
1626678552000,0.0
1626678582000,0.0
1626678612000,0.0
1626678642000,0.0
1626678672000,0.0
1626678702000,0.0
1626678732000,0.0
1626678762000,0.0
1626678792000,0.0
1626678822000,0.0
1626678852000,0.0
1626678882000,0.0
1626678912000,0.0
1626678942000,0.0
1626678972000,0.0
1626679002000,0.0
1626679032000,0.0
1626679062000,0.0
1626679092000,0.0
1626679122000,0.0
1626679152000,0.0
1626679182000,0.0
1626679212000,0.0
1626679242000,0.0
1626679272000,0.0
1626679302000,0.0
1626679332000,0.0
1626679362000,0.0
1626679392000,0.0
1626679422000,0.0
1626679452000,0.0
1626679482000,0.0
1626679512000,0.0
1626679542000,0.0
1626679572000,0.0
1626679602000,0.0
1626679632000,0.0
1626679662000,0.0
1626679692000,0.0
1626679722000,0.0
1626679752000,0.0
1626679782000,0.0
1626679812000,0.0
1626679842000,0.0
1626679872000,0.0
1626679902000,0.0
1626679932000,0.0
1626679962000,0.0
1626679992000,0.0
1626680022000,0.0
1626680052000,0.0
1626680082000,0.0
1626680112000,0.0
1626680142000,0.0
1626680172000,0.0
1626680202000,0.0
1626680232000,0.0
1626680262000,0.0
1626680292000,0.0
1626680322000,0.0
1626680352000,0.0
1626680382000,0.0
1626680412000,0.0
1626680442000,0.0
1626680472000,0.0
1626680502000,0.0
1626680532000,0.0
1626680562000,0.0
1626680592000,0.0
1626680622000,0.0
1626680652000,0.0
1626680682000,0.0
1626680712000,0.0
1626680742000,0.0
1626680772000,0.0
1626680802000,0.0
1626680832000,0.0
1626680862000,0.0
1626680892000,0.0
1626680922000,0.0
1626680952000,0.0
1626680982000,0.0
1626681012000,0.0
1626681042000,0.0
1626681072000,0.0
1626681102000,0.0
1626681132000,0.0
1626681162000,0.0
1626681192000,0.0
1626681222000,0.0
1626681252000,0.0
1626681282000,0.0
1626681312000,0.0
1626681342000,0.0
1626681372000,0.0
1626681402000,0.0
1626681432000,0.0
1626681462000,0.0
1626681492000,0.0
1626681522000,0.0
1626681552000,0.0
1626681582000,0.0
1626681612000,0.0
1626681642000,0.0
1626681672000,0.0
1626681702000,0.0
1626681732000,0.0
1626681762000,0.0
1626681792000,0.0
1626681822000,0.0
1626681852000,0.0
1626681882000,0.0
1626681912000,0.0
1626681942000,0.0
1626681972000,0.0
1626682002000,0.0
1626682032000,0.0
1626682062000,0.0
1626682092000,0.0
1626682122000,0.0
1626682152000,0.0
1626682182000,0.0
1626682212000,0.0
1626682242000,0.0
1626682272000,0.0
1626682302000,0.0
1626682332000,0.0
1626682362000,0.0
1626682392000,0.0
1626682422000,0.0
1626682452000,0.0
1626682482000,0.0
1626682512000,0.0
1626682542000,0.0
1626682572000,0.0
1626682602000,0.0
1626682632000,0.0
1626682662000,0.0
1626682692000,0.0
1626682722000,0.0
1626682752000,0.0
1626682782000,0.0
1626682812000,0.0
1626682842000,0.0
1626682872000,0.0
1626682902000,0.0
1626682932000,0.0
1626682962000,0.0
1626682992000,0.0
1626683022000,0.0
1626683052000,0.0
1626683082000,0.0
1626683112000,0.0
1626683142000,0.0
1626683172000,0.0
1626683202000,0.0
1626683232000,0.0
1626683262000,0.0
1626683292000,0.0
1626683322000,0.0
1626683352000,0.0
1626683382000,0.0
1626683412000,0.0
1626683442000,0.0
1626683472000,0.0
1626683502000,0.0
1626683532000,0.0
1626683562000,0.0
1626683592000,0.0
1626683622000,0.0
1626683652000,0.0
1626683682000,0.0
1626683712000,0.0
1626683742000,0.0
1626683772000,0.0
1626683802000,0.0
1626683832000,0.0
1626683862000,0.0
1626683892000,0.0
1626683922000,0.0
1626683952000,0.0
1626683982000,0.0
1626684012000,0.0
1626684042000,0.0
1626684072000,0.0
1626684102000,0.0
1626684132000,0.0
1626684162000,0.0
1626684192000,4.253753026634382e-06
1626684222000,0.0
1626684252000,0.0
1626684282000,0.0
1626684312000,0.0
1626684342000,0.0
1626684372000,0.0
1626684402000,0.0
1626684432000,0.0
1626684462000,0.0
1626684492000,0.0
1626684522000,0.0
1626684552000,0.0
1626684582000,0.0
1626684612000,0.00030058679471788713
1626684642000,0.0
1626684672000,0.0
1626684702000,0.0
1626684732000,0.0
1626684762000,0.0
1626684792000,0.0007049460869565218
1626684822000,0.00014569446135118686
1626684852000,0.0
1626684882000,0.0
1626684912000,0.0
1626684942000,0.0
1626684972000,0.0
1626685002000,0.0
1626685032000,0.0
1626685062000,0.0
1626685092000,0.0
1626685122000,0.0
1626685152000,0.0
1626685182000,0.00016760739827373613
1626685212000,0.0
1626685242000,0.0
1626685272000,0.0
1626685302000,0.0
1626685332000,0.0
1626685362000,0.0
1626685392000,0.0
1626685422000,0.0
1626685452000,0.0
1626685482000,0.0
1626685512000,0.0
1626685542000,0.0
1626685572000,0.0
1626685602000,0.0
1626685632000,0.0
1626685662000,0.0
1626685692000,0.0
1626685722000,0.0
1626685752000,0.0
1626685782000,0.0
1626685812000,0.0
1626685842000,0.0
1626685872000,0.0
1626685902000,0.0
1626685932000,0.0
1626685962000,0.0
1626685992000,0.0
1626686022000,0.0
1626686052000,0.0
1626686082000,0.0
1626686112000,0.0
1626686142000,0.0
1626686172000,0.0
1626686202000,0.0
1626686232000,0.0
1626686262000,0.0
1626686292000,0.0
1626686322000,0.0
1626686352000,0.0
1626686382000,0.0
1626686412000,0.0
1626686442000,0.0
1626686472000,0.0
1626686502000,0.0
1626686532000,0.0
1626686562000,0.0
1626686592000,0.0
1626686622000,0.0
1626686652000,0.0
1626686682000,0.0
1626686712000,0.0
1626686742000,0.0
1626686772000,0.0
1626686802000,0.0
1626686832000,0.0
1626686862000,0.0
1626686892000,0.0
1626686922000,0.0
1626686952000,0.0
1626686982000,0.0
1626687012000,0.0
1626687042000,0.0
1626687072000,0.0
1626687102000,0.0
1626687132000,0.0
1626687162000,0.0
1626687192000,0.0
1626687222000,0.0
1626687252000,0.0
1626687282000,0.0
1626687312000,0.0
1626687342000,0.0
1626687372000,0.0
1626687402000,0.0
1626687432000,0.0
1626687462000,0.0
1626687492000,0.0
1626687522000,0.0
1626687552000,0.0
1626687582000,0.0
1626687612000,0.0
1626687642000,0.0
1626687672000,0.0
1626687702000,0.0
1626687732000,0.0
1626687762000,0.0
1626687792000,0.0
1626687822000,0.0
1626687852000,0.0
1626687882000,0.0
1626687912000,0.0
1626687942000,0.0
1626687972000,0.0
1626688002000,0.0
1626688032000,0.0
1626688062000,0.0
1626688092000,0.0
1626688122000,0.0
1626688152000,0.0
1626688182000,0.0
1626688212000,0.0
1626688242000,0.0
1626688272000,0.0
1626688302000,0.0
1626688332000,0.0
1626688362000,0.0
1626688392000,0.0
1626688422000,0.0
1626688452000,0.0
1626688482000,0.0
1626688512000,0.0
1626688542000,0.0
1626688572000,0.0
1626688602000,0.0
1626688632000,0.0
1626688662000,0.0
1626688692000,0.0
1626688722000,0.0
1626688752000,0.0
1626688782000,0.0
1626688812000,0.0
1626688842000,0.0
1626688872000,0.0
1626688902000,0.0
1626688932000,0.0
1626688962000,0.0
1626688992000,0.0
1626689022000,0.0
1626689052000,0.0
1626689082000,0.0
1626689112000,0.0
1626689142000,0.0
1626689172000,0.0
1626689202000,0.0
1626689232000,0.0
1626689262000,0.0
1626689292000,0.0
1626689322000,0.0
1626689352000,0.0
1626689382000,0.0
1626689412000,0.0
1626689442000,0.0
1626689472000,0.0
1626689502000,0.0
1626689532000,0.0
1626689562000,0.0
1626689592000,0.0
1626689622000,0.0
1626689652000,0.0
1626689682000,0.0
1626689712000,0.0
1626689742000,0.0
1626689772000,0.0
1626689802000,0.0
1626689832000,0.0
1626689862000,0.0
1626689892000,0.0
1626689922000,0.0
1626689952000,0.0
1626689982000,0.0
1626690012000,0.0
1626690042000,0.0
1626690072000,0.0
1626690102000,0.0
1626690132000,0.0
1626690162000,0.0
1626690192000,0.0
1626690222000,0.0
1626690252000,0.0
1626690282000,0.0
1626690282000,0.0
1626690312000,0.0
1626690312000,0.0
1626690312000,0.0
1626690312000,0.0
1626690312000,0.0
1626690312000,0.0
1626690342000,0.0
1626690372000,0.0
1626690372000,0.0
1626690372000,0.0
1626690402000,0.0
1626690432000,0.0
1626690462000,0.0
1626690492000,0.0
1626690522000,0.0
1626690522000,0.0
1626690522000,0.0
1626690522000,0.0
1626690522000,0.0
1626690522000,0.0
1626690522000,0.0
1626690552000,0.0
1626690552000,0.0
1626690552000,0.0
1626690582000,0.0
1626690582000,0.0
1626690612000,0.0
1626690642000,0.0
1626690672000,0.0
1626690702000,0.0
1626690732000,0.0
1626690762000,0.0
1626690792000,0.0
1626690822000,0.0
1626690852000,0.0
1626690882000,0.0
1626690912000,0.0
1626690942000,0.0
1626690972000,0.0
1626690972000,0.0
1626690972000,0.0
1626690972000,0.0
1626690972000,0.0
1626690972000,0.0
1626690972000,0.0
1626690972000,0.0
1626690972000,0.0
1626690972000,0.0
1626690972000,0.0
1626691002000,0.0
1626691002000,0.0
1626691002000,0.0
1626691002000,0.0
1626691002000,0.0
1626691002000,0.0
1626691002000,0.0
1626691002000,0.0
1626691002000,0.0
1626691032000,0.0
1626691032000,0.0
1626691032000,0.0
1626691032000,0.0
1626691032000,0.0
1626691032000,0.0
1626691032000,0.0
1626691032000,0.0
1626691032000,0.0
1626691062000,0.0
1626691062000,0.0
1626691062000,0.0
1626691062000,0.0
1626691062000,0.0
1626691062000,0.0
1626691062000,0.0
1626691062000,0.0
1626691092000,0.0
1626691092000,0.0
1626691092000,0.0
1626691092000,0.0
1626691092000,0.0
1626691092000,0.0
1626691092000,0.0
1626691122000,0.0
1626691122000,0.0
1626691122000,0.0
1626691122000,0.0
1626691122000,0.0
1626691122000,0.0
1626691122000,0.0
1626691152000,0.0
1626691152000,0.0
1626691152000,0.0
1626691152000,0.0
1626691182000,0.0
1626691212000,0.0
1626691242000,0.0
1626691272000,0.0
1626691302000,0.0
1626691332000,0.0
1626691362000,0.0
1626691392000,0.0
1626691422000,0.0
1626691452000,0.0
1626691482000,0.0
1626691512000,0.0
1626691542000,0.0
1626691542000,0.0
1626691542000,0.0
1626691542000,0.0
1626691542000,0.0
1626691542000,0.0
1626691572000,0.0
1626691572000,0.0
1626691572000,0.0
1626691572000,0.0
1626691572000,0.0
1626691572000,0.0
1626691572000,0.0
1626691572000,0.0
1626691572000,0.0
1626691572000,0.0
1626691572000,0.0
1626691572000,0.0
1626691572000,0.0
1626691602000,0.0
1626691632000,0.0
1626691632000,0.0
1626691632000,0.0
1626691632000,0.0
1626691632000,0.0
1626691632000,0.0
1626691632000,0.0
1626691632000,0.0
1626691632000,0.0
1626691632000,0.0
1626691662000,0.0
1626691662000,0.0
1626691662000,0.0
1626691662000,0.0
1626691662000,0.0
1626691662000,0.0
1626691662000,0.0
1626691662000,0.0
1626691662000,0.0
1626691662000,0.0
1626691662000,0.0
1626691662000,0.0
1626691662000,0.0
1626691662000,0.0
1626691662000,0.0
1626691692000,0.0
1626691692000,0.0
1626691692000,0.0
1626691692000,0.0
1626691692000,0.0
1626691692000,0.0
1626691692000,0.0
1626691692000,0.0
1626691692000,0.0
1626691722000,0.0
1626691752000,0.0
1626691752000,0.0
1626691752000,0.0
1626691752000,0.0
1626691752000,0.0
1626691752000,0.0
1626691752000,0.0
1626691752000,0.0
1626691752000,0.0
1626691752000,0.0
1626691752000,0.0
1626691752000,0.0
1626691752000,0.0
1626691752000,0.0
1626691782000,0.0
1626691812000,0.0
1626691812000,0.0
1626691842000,0.0
1626691842000,0.0
1626691842000,0.0
1626691842000,0.0
1626691842000,0.0
1626691842000,0.0
1626691842000,0.0
1626691842000,0.0
1626691842000,0.0
1626691842000,0.0
1626691842000,0.0
1626691842000,0.0
1626691842000,0.0
1626691842000,0.0
1626691872000,0.0
1626691872000,0.0
1626691872000,0.0
1626691872000,0.0
1626691902000,0.0
1626691902000,0.0
1626691902000,0.0
1626691902000,0.0
1626691902000,0.0
1626691902000,0.0
1626691902000,0.0
1626691902000,0.0
1626691902000,0.0
1626691902000,0.0
1626691932000,0.0
1626691932000,0.0
1626691932000,0.0
1626691932000,0.0
1626691932000,0.0
1626691932000,0.0
1626691962000,0.0
1626691962000,0.0
1626691962000,0.0
1626691962000,0.0
1626691962000,0.0
1626691962000,0.0
1626691992000,0.0
1626691992000,0.0
1626691992000,0.0
1626691992000,0.0
1626691992000,0.0
1626691992000,0.0
1626691992000,0.0
1626692022000,0.0
1626692052000,0.0
1626692052000,0.0
1626692052000,0.0
1626692052000,0.0
1626692082000,0.0
1626692082000,0.0
1626692082000,0.0
1626692082000,0.0
1626692112000,0.0
1626692112000,0.0
1626692112000,0.0
1626692112000,0.0
1626692142000,0.0
1626692142000,0.0
1626692142000,0.0
1626692142000,0.0
1626692172000,0.0
1626692202000,0.0
1626692232000,0.0
1626692262000,0.0
1626692262000,0.0
1626692262000,0.0
1626692262000,0.0
1626692292000,0.0
1626692292000,0.0
1626692292000,0.0
1626692292000,0.0
1626692322000,0.0
1626692322000,0.0
1626692322000,0.0
1626692322000,0.0
1626692352000,0.0
1626692352000,0.0
1626692352000,0.0
1626692352000,0.0
1626692382000,0.0
1626692382000,0.0
1626692382000,0.0
1626692382000,0.0
1626692382000,0.0
1626692412000,0.0
1626692442000,0.0
1626692472000,0.0
1626692502000,0.0
1626692532000,0.0
1626692532000,0.0
1626692532000,0.0
1626692532000,0.0
1626692532000,0.0
1626692532000,0.0
1626692562000,0.0
1626692562000,0.0
1626692562000,0.0
1626692562000,0.0
1626692562000,0.0
1626692562000,0.0
1626692592000,0.0
1626692592000,0.0
1626692592000,0.0
1626692592000,0.0
1626692592000,0.0
1626692592000,0.0
1626692592000,0.0
1626692592000,0.0
1626692592000,0.0
1626692592000,0.0
1626692592000,0.0
1626692592000,0.0
1626692592000,0.0
1626692592000,0.0
1626692622000,0.0
1626692622000,0.0
1626692652000,0.0
1626692682000,0.0
1626692712000,0.0
1626692742000,0.0
1626692772000,0.0
1626692772000,0.0
1626692772000,0.0
1626692772000,0.0
1626692772000,0.0
1626692772000,0.0
1626692772000,0.0
1626692772000,0.0
1626692772000,0.0
1626692772000,0.0
1626692772000,0.0
1626692802000,0.0
1626692802000,0.0
1626692802000,0.0
1626692802000,0.0
1626692802000,0.0
1626692802000,0.0
1626692802000,0.0
1626692802000,0.0
1626692802000,0.0
1626692802000,0.0
1626692832000,0.0
1626692832000,0.0
1626692832000,0.0
1626692862000,0.0
1626692862000,0.0
1626692892000,0.0
1626692892000,0.0
1626692892000,0.0
1626692892000,0.0
1626692892000,0.0
1626692892000,0.0
1626692892000,0.0
1626692892000,0.0
1626692892000,0.0
1626692892000,0.0
1626692892000,0.0
1626692892000,0.0
1626692892000,0.0
1626692922000,0.0
1626692922000,0.0
1626692922000,0.0
1626692922000,0.0
1626692922000,0.0
1626692922000,0.0
1626692922000,0.0
1626692922000,0.0
1626692922000,0.0
1626692952000,0.0
1626692952000,0.0
1626692952000,0.0
1626692952000,0.0
1626692952000,0.0
1626692952000,0.0
1626692952000,0.0
1626692952000,0.0
1626692952000,0.0
1626692952000,0.0
1626692952000,0.0
1626692952000,0.0
1626692982000,0.0
1626692982000,0.0
1626692982000,0.0
1626692982000,0.0
1626692982000,0.0
1626692982000,0.0
1626692982000,0.0
1626692982000,0.0
1626692982000,0.0
1626693012000,0.0
1626693012000,0.0
1626693012000,0.0
1626693012000,0.0
1626693012000,0.0
1626693012000,0.0
1626693012000,0.0
1626693042000,0.0
1626693042000,0.0
1626693042000,0.0
1626693042000,0.0
1626693042000,0.0
1626693072000,0.0
1626693102000,0.0
1626693102000,0.0
1626693102000,0.0
1626693102000,0.0
1626693102000,0.0
1626693132000,0.0
1626693132000,0.0
1626693132000,0.0
1626693132000,0.0
1626693132000,0.0
1626693132000,0.0
1626693132000,0.0
1626693162000,0.0
1626693162000,0.0
1626693162000,0.0
1626693162000,0.0
1626693162000,0.0
1626693162000,0.0
1626748122000,0.0
1626748152000,0.0
1626748182000,0.0
1626748212000,0.0
1626748242000,0.0
1626748272000,0.0
1626748302000,0.0
1626748332000,0.0
1626748362000,0.0
1626748392000,0.0
1626748422000,0.0
1626748452000,0.0
1626748482000,0.0
1626748512000,0.0
1626748542000,0.0
1626748572000,0.0
1626748602000,0.0
1626748632000,0.0
1626748662000,0.0
1626748692000,0.0
1626748722000,0.0
1626748752000,0.0
1626748782000,0.0
1626748812000,0.0
1626748842000,0.0
1626748872000,0.0
1626748902000,0.0
1626748932000,0.0
1626748962000,0.0
1626748992000,0.0
1626749022000,0.0
1626749052000,0.0
1626749082000,0.0
1626749112000,0.0
1626749142000,0.0
1626749172000,0.0
1626749202000,0.0
1626749232000,0.0
1626749262000,0.0
1626749292000,0.0
1626749322000,0.0
1626749352000,0.0
1626749382000,0.0
1626749412000,0.0
1626749442000,0.0
1626749472000,0.0
1626749502000,0.0
1626749532000,0.0
1626749562000,0.0
1626749592000,0.0
1626749622000,0.0
1626749652000,0.0
1626749682000,0.0
1626749712000,0.0
1626749742000,0.0
1626749772000,0.0
1626749802000,0.0
1626749832000,0.0
1626749862000,0.0
1626749892000,0.0
1626749922000,0.0
1626749952000,0.0
1626749982000,0.0
1626750012000,0.0
1626750042000,0.0
1626750072000,0.0
1626750102000,0.0
1626750132000,0.0
1626750162000,0.0
1626750192000,0.0
1626750222000,0.0
1626750252000,0.0
1626750282000,0.0
1626750312000,0.0
1626750342000,0.0
1626750372000,0.0
1626750402000,0.0
1626750432000,0.0
1626750462000,0.0
1626750492000,0.0
1626750522000,0.0
1626750552000,0.0
1626750582000,0.0
1626750612000,0.0
1626750642000,0.0
1626750672000,0.0
1626750702000,0.0
1626750732000,0.0
1626750762000,0.0
1626750792000,0.0
1626750822000,0.0
1626750852000,0.0
1626750882000,0.0
1626750912000,0.0
1626750942000,0.0
1626750972000,0.0
1626751002000,0.0
1626751032000,0.0
1626751062000,0.0
1626751092000,0.0
1626751122000,0.0
1626751152000,0.0
1626751182000,0.0
1626751212000,0.0
1626751242000,0.0
1626751272000,0.0
1626751302000,0.0
1626751332000,0.0
1626751362000,0.0
1626751392000,0.0
1626751422000,0.0
1626751452000,0.0
1626751482000,0.0
1626751512000,0.0
1626751542000,0.0
1626751572000,0.0
1626751602000,0.0
1626751632000,0.0
1626751662000,0.0
1626751692000,0.0
1626751722000,0.0
1626751752000,0.0
1626751782000,0.0
1626751812000,0.0
1626751842000,0.0
1626751872000,0.0
1626751902000,0.0
1626751932000,0.0
1626751962000,0.0
1626751992000,0.0
1626752022000,0.0
1626752052000,0.0
1626752082000,0.0
1626752112000,0.0
1626752142000,0.0
1626752172000,0.0
1626752202000,0.0
1626752232000,0.0
1626752262000,0.0
1626752292000,0.0
1626752322000,0.0
1626752352000,0.0
1626752382000,0.0
1626752412000,0.0
1626752442000,0.0
1626752472000,0.0
1626752502000,0.0
1626752532000,0.0
1626752562000,0.0
1626752592000,0.0
1626752622000,0.0
1626752652000,0.0
1626752682000,0.0
1626752712000,0.0
1626752742000,0.0
1626752772000,0.0
1626752802000,0.0
1626752832000,0.0
1626752862000,0.0
1626752892000,0.0
1626752922000,0.0
1626752952000,0.0
1626752982000,0.0
1626753012000,0.0
1626753042000,0.0
1626753072000,0.0
1626753102000,0.0
1626753132000,0.0
1626753162000,0.0
1626753192000,0.0
1626753222000,0.0
1626753252000,0.0
1626753282000,0.0
1626753312000,0.0
1626753342000,0.0
1626753372000,0.0
1626753402000,0.0
1626753432000,0.0
1626753462000,0.0
1626753492000,0.0
1626753522000,0.0
1626753552000,0.0
1626753582000,0.0
1626753612000,0.0
1626753642000,0.00044939880239520957
1626753672000,0.0
1626753702000,0.0
1626753732000,0.0
1626753762000,0.0
1626753792000,0.0
1626753822000,0.0
1626753852000,0.0
1626753882000,0.0
1626753912000,0.0
1626753942000,0.0
1626753972000,0.0
1626754002000,0.0
1626754032000,0.0
1626754062000,0.0
1626754092000,0.0
1626754122000,0.0
1626754152000,0.0
1626754182000,0.0
1626754212000,0.0
1626754242000,0.0
1626754272000,0.0
1626754302000,0.0
1626754332000,0.0
1626754362000,0.0
1626754392000,0.0
1626754422000,0.0
1626754452000,0.0
1626754482000,0.0
1626754512000,0.0
1626754542000,0.0
1626754572000,0.0
1626754602000,0.0
1626754632000,0.0
1626754662000,0.0
1626754692000,0.0
1626754722000,0.0
1626754752000,0.0
1626754782000,0.0
1626754812000,0.0
1626754842000,0.0
1626754872000,0.0
1626754902000,0.0
1626754932000,0.0
1626754962000,0.0
1626754992000,0.0
1626755022000,0.00047311503579952266
1626755052000,0.0
1626755082000,0.0
1626755112000,0.0
1626755142000,0.0
1626755172000,0.0
1626755202000,0.0
1626755232000,0.0
1626755262000,0.0
1626755292000,0.0
1626755322000,0.0
1626755352000,0.0
1626755382000,0.0
1626755412000,0.0
1626755442000,0.0
1626755472000,0.0
1626755502000,0.0
1626755532000,0.0
1626755562000,0.0
1626755592000,0.0
1626755622000,0.0
1626755652000,0.0
1626755682000,0.0
1626755712000,0.0
1626755742000,0.0
1626755772000,0.0
1626755802000,0.0
1626755832000,0.0
1626755862000,0.0
1626755892000,0.0
1626755922000,0.0
1626755952000,0.0
1626755982000,0.0
1626756012000,0.0
1626756042000,0.0
1626756072000,0.0
1626756102000,0.0
1626756132000,0.0
1626756162000,0.0
1626756192000,0.0
1626756222000,0.0
1626756252000,0.0
1626756282000,0.0
1626756312000,0.0
1626756342000,0.0
1626756372000,0.0
1626756402000,0.0
1626756432000,0.0
1626756462000,0.0
1626756492000,0.0
1626756522000,0.0
1626756552000,0.0
1626756582000,0.0
1626756612000,0.0
1626756642000,0.0
1626756672000,0.0
1626756702000,0.0
1626756732000,0.0
1626756762000,0.0
1626756792000,0.0
1626756822000,0.0
1626756852000,0.0
1626756882000,0.0
1626756912000,0.0
1626756942000,0.0
1626756972000,0.0
1626757002000,0.0
1626757032000,0.0
1626757062000,0.0
1626757092000,0.0
1626757122000,0.0
1626757152000,0.0
1626757182000,0.0
1626757212000,0.0
1626757242000,0.0
1626757272000,0.0
1626757302000,0.0
1626757332000,0.0
1626757362000,0.0
1626757392000,0.0
1626757422000,0.0
1626757452000,0.0
1626757482000,0.0
1626757512000,0.0
1626757542000,0.0
1626757572000,0.0
1626757602000,0.0
1626757632000,0.0
1626757662000,0.0
1626757692000,0.0
1626757722000,0.0
1626757752000,0.0
1626757782000,0.0
1626757812000,0.0
1626757842000,0.0
1626757872000,0.0
1626757902000,0.0
1626757932000,0.0
1626757962000,0.0
1626757992000,0.0
1626758022000,0.0
1626758052000,0.0
1626758082000,0.0
1626758112000,0.0
1626758142000,0.0
1626758172000,0.0
1626758202000,0.0
1626758232000,0.0
1626758262000,0.0
1626758292000,0.0
1626758322000,0.0
1626758352000,0.0
1626758382000,0.0
1626758412000,0.0
1626758442000,0.0
1626758472000,0.0
1626758502000,0.0
1626758532000,0.0
1626758562000,0.0
1626758592000,0.0
1626758622000,0.0
1626758652000,0.0
1626758682000,0.0
1626758712000,0.0
1626758742000,0.0
1626758772000,0.0
1626758802000,0.0
1626758832000,0.0
1626758862000,0.0
1626758892000,0.0
1626758922000,0.0
1626758952000,0.0
1626758982000,0.0
1626759012000,0.0
1626759042000,0.0
1626759072000,0.0
1626759102000,0.0
1626759132000,0.0
1626759162000,0.0
1626759192000,0.0
1626759222000,0.0
1626759252000,0.0
1626759282000,0.0
1626759312000,0.0
1626759342000,0.0
1626759372000,0.0
1626759402000,0.0
1626759432000,0.0
1626759462000,0.0
1626759492000,0.0
1626759522000,0.0
1626759552000,0.0
1626759582000,0.0
1626759612000,0.0
1626759642000,0.0
1626759672000,0.0
1626759702000,0.0
1626759732000,0.0
1626759762000,0.0
1626759792000,0.0
1626759822000,0.0
1626759852000,0.0
1626759882000,0.0
1626759912000,0.0
1626759942000,0.0
1626759972000,0.0
1626760002000,0.0
1626760032000,0.0
1626760062000,0.0
1626760092000,0.0
1626760122000,0.0
1626760152000,0.0
1626760182000,0.0
1626760212000,0.0
1626760242000,0.0
1626760272000,0.0
1626760302000,0.0
1626760332000,0.0
1626760362000,0.0
1626760392000,0.0
1626760422000,0.0
1626760452000,0.0
1626760482000,0.0
1626760512000,0.0
1626760542000,0.0
1626760572000,0.0
1626760602000,0.0
1626760632000,0.0
1626760662000,0.0
1626760692000,0.0
1626760722000,0.0
1626760752000,0.0
1626760782000,0.0
1626760812000,0.0
1626760842000,0.0
1626760872000,0.0
1626760902000,0.0
1626760932000,0.0
1626760962000,0.0
1626760992000,0.0
1626761022000,0.0
1626761052000,0.0
1626761082000,0.0
1626761112000,0.0
1626761142000,4.16815039417829e-05
1626761172000,0.0
1626761202000,0.0
1626761232000,0.0
1626761262000,0.0
1626761292000,0.0
1626761322000,0.0
1626761352000,0.0
1626761382000,0.0
1626761412000,0.0
1626761442000,0.0
1626761472000,0.0
1626761502000,0.0
1626761532000,0.0
1626761562000,0.0
1626761592000,0.0
1626761622000,0.0
1626761652000,0.0
1626761682000,0.0
1626761712000,0.0
1626761742000,0.0
1626761772000,0.0
1626761802000,0.0
1626761832000,0.0
1626761862000,0.0
1626761892000,0.0
1626761922000,0.0
1626761952000,0.0
1626761982000,0.0
1626762012000,0.0
1626762042000,0.0
1626762072000,0.0
1626762102000,0.0
1626762132000,0.0
1626762162000,0.0
1626762192000,0.0
1626762222000,0.0
1626762252000,0.0
1626762282000,0.0
1626762312000,0.0
1626762342000,0.0
1626762372000,0.0
1626762402000,0.0
1626762432000,0.0
1626762462000,0.0
1626762492000,0.0
1626762522000,0.0
1626762552000,0.0
1626762582000,0.0
1626762612000,0.0
1626762642000,0.0
1626762672000,0.0
1626762702000,0.0
1626762732000,0.0
1626762762000,0.0
1626762792000,0.0
1626762822000,0.0
1626762852000,0.0
1626762882000,0.0
1626762912000,0.0
1626762942000,0.0
1626762972000,0.0
1626763002000,0.0
1626763032000,0.0
1626763062000,0.0
1626763092000,0.0
1626763122000,0.0
1626763152000,0.0
1626763182000,0.0
1626763212000,0.0
1626763242000,0.0
1626763272000,0.0
1626763302000,0.0
1626763332000,0.0
1626763362000,0.0
1626763392000,0.0
1626763422000,0.0
1626763452000,0.0
1626763482000,0.0
1626763512000,0.0
1626763542000,0.0
1626763572000,0.0
1626763602000,0.0
1626763632000,0.0
1626763662000,0.0
1626763692000,0.0
1626763722000,0.0
1626763752000,0.0
1626763782000,0.0
1626763812000,0.0
1626763842000,0.0
1626763872000,0.0
1626763902000,0.0
1626763932000,0.0
1626763962000,0.0
1626763992000,0.0
1626764022000,0.0
1626764052000,0.0
1626764082000,0.0
1626764112000,0.0
1626764142000,0.0
1626764172000,0.0
1626764202000,5.353191489361702e-06
1626764232000,0.0
1626764262000,0.0
1626764292000,0.0
1626764322000,0.0
1626764352000,0.0
1626764382000,0.0
1626764412000,0.0
1626764442000,0.0
1626764472000,0.0
1626764502000,0.0
1626764532000,0.0
1626764562000,0.0
1626764592000,0.0
1626764622000,0.0
1626764652000,0.0
1626764682000,0.0
1626764712000,0.0
1626764742000,0.0
1626764772000,0.0
1626764802000,0.0
1626764832000,0.0
1626764862000,0.0
1626764892000,0.0
1626764922000,0.0
1626764952000,0.0
1626764982000,0.0
1626765012000,0.0
1626765042000,0.0
1626765072000,0.0
1626765102000,0.0
1626765132000,0.0
1626765162000,0.0
1626765192000,0.0
1626765222000,0.0
1626765252000,0.0
1626765282000,0.0
1626765312000,0.0
1626765342000,0.0
1626765372000,0.0
1626765402000,0.0
1626765432000,0.0
1626765462000,0.0
1626765492000,0.0
1626765522000,0.0
1626765552000,0.0
1626765582000,0.0
1626765612000,0.0
1626765642000,0.0
1626765672000,0.0
1626765702000,0.0
1626765732000,0.0
1626765762000,0.0
1626765792000,0.0
1626765822000,0.0
1626765852000,0.0
1626765882000,0.0
1626765912000,0.0
1626765942000,0.0
1626765972000,0.0
1626766002000,0.0
1626766032000,0.0002996861768368618
1626766062000,0.0
1626766092000,0.0
1626766122000,0.0
1626766152000,0.0
1626766182000,0.0
1626766212000,0.0
1626766242000,0.0
1626766272000,0.0
1626766302000,0.0
1626766332000,0.0
1626766362000,0.0
1626766392000,0.0
1626766422000,0.0
1626766452000,0.0
1626766482000,0.0
1626766512000,0.0
1626766542000,0.0
1626766572000,0.0
1626766602000,0.0
1626766632000,0.0
1626766662000,0.0
1626766692000,0.0
1626766722000,0.0
1626766752000,0.0
1626766782000,0.0
1626766812000,0.0
1626766842000,0.0
1626766872000,0.0
1626766902000,0.0
1626766932000,0.0
1626766962000,0.0
1626766992000,0.0
1626767022000,0.0
1626767052000,0.0
1626767082000,0.0
1626767112000,0.0
1626767142000,0.0
1626767172000,0.0
1626767202000,0.0
1626767232000,0.0
1626767262000,0.0
1626767292000,0.0
1626767322000,0.0
1626767352000,0.0
1626767382000,0.0
1626767412000,0.0
1626767442000,0.0
1626767472000,0.0
1626767502000,0.0
1626767532000,0.0
1626767562000,0.0
1626767592000,0.0
1626767622000,0.0
1626767652000,0.0
1626767682000,0.0
1626767712000,0.00029842656826568263
1626767742000,0.0
1626767772000,0.0
1626767802000,0.0
1626767832000,0.0
1626767862000,0.0
1626767892000,0.0
1626767922000,0.0
1626767952000,0.0
1626767982000,0.0
1626768012000,0.0
1626768042000,0.0
1626768072000,0.0
1626768102000,0.0
1626768132000,0.0
1626768162000,0.0
1626768192000,0.0
1626768222000,0.0
1626768252000,0.0
1626768282000,0.0
1626768312000,0.0
1626768342000,0.0
1626768372000,0.0
1626768402000,0.0
1626768432000,0.0
1626768462000,0.0
1626768492000,0.0
1626768522000,0.0
1626768552000,0.0
1626768582000,0.0
1626768612000,0.0
1626768642000,0.0
1626768672000,0.0
1626768702000,0.0
1626768732000,0.0
1626768762000,0.0
1626768792000,0.0
1626768822000,0.0
1626768852000,0.0
1626768882000,0.0
1626768912000,0.0
1626768942000,0.0
1626768972000,0.0
1626769002000,0.0
1626769032000,0.0
1626769062000,0.0
1626769092000,0.0
1626769122000,0.0
1626769152000,0.0
1626769182000,0.0
1626769212000,0.0
1626769242000,0.0
1626769272000,0.0
1626769302000,0.0
1626769332000,0.0
1626769362000,0.0
1626769392000,0.0
1626769422000,0.0
1626769452000,0.0003831975742874469
1626769482000,0.0
1626769512000,0.0
1626769542000,0.0
1626769572000,0.0
1626769602000,0.0
1626769632000,0.0
1626769662000,0.0
1626769692000,0.0
1626769722000,0.0
1626769752000,0.0
1626769782000,0.0
1626769812000,0.0
1626769842000,0.0
1626769872000,0.0
1626769902000,0.0
1626769932000,0.0
1626769962000,0.0
1626769992000,0.0
1626770022000,0.0
1626770052000,0.0
1626770082000,0.0
1626770112000,0.0
1626770142000,0.0
1626770172000,0.0
1626770202000,0.0
1626770232000,0.0
1626770262000,0.0
1626770292000,0.0
1626770322000,0.0
1626770352000,0.0
1626770382000,0.0
1626770412000,0.0
1626770442000,0.0
1626770472000,0.0
1626770502000,0.0
1626770532000,0.0
1626770562000,0.0
1626770592000,0.0
1626770622000,0.0
1626770652000,0.0
1626770682000,0.0
1626770712000,0.0
1626770742000,0.0
1626770772000,0.0
1626770802000,0.0
1626770832000,0.0
1626770862000,0.0
1626770892000,0.0
1626770922000,0.0
1626770952000,0.0
1626770982000,0.0
1626771012000,0.0
1626771042000,0.0
1626771072000,0.0
1626771102000,0.0
1626771132000,0.0
1626771162000,0.0
1626771192000,0.0
1626771222000,0.0
1626771252000,0.0
1626771282000,0.0
1626771312000,0.0
1626771342000,0.0
1626771372000,0.0
1626771402000,0.0
1626771432000,0.0
1626771462000,0.0
1626771492000,0.0
1626771522000,0.0
1626771552000,0.0
1626771582000,0.0
1626771612000,0.0
1626771642000,0.0
1626771672000,0.0
1626771702000,0.0
1626771732000,0.0
1626771762000,0.0
1626771792000,0.0
1626771822000,0.0
1626771852000,0.0
1626771882000,0.0
1626771912000,0.0
1626771942000,0.0
1626771972000,0.0
1626772002000,0.0
1626772032000,0.0
1626772062000,0.0
1626772092000,0.0
1626772122000,0.0
1626772152000,0.00013075818731117826
1626772182000,0.0
1626772212000,0.0
1626772242000,0.0
1626772272000,0.0
1626772302000,0.0
1626772332000,0.0
1626772362000,0.0
1626772392000,0.0
1626772422000,0.0
1626772452000,0.0
1626772482000,0.0
1626772512000,0.00018265361077111382
1626772542000,0.0
1626772572000,0.0
1626772602000,0.0
1626772632000,0.0
1626772662000,0.0
1626772692000,0.0
1626772722000,0.0
1626772752000,0.0
1626772782000,0.0
1626772812000,0.0
1626772842000,0.0
1626772872000,0.0
1626772902000,0.0
1626772932000,0.0
1626772962000,0.0
1626772992000,0.0
1626773022000,0.0
1626773052000,0.0
1626773082000,0.0
1626773112000,0.0
1626773142000,0.0
1626773172000,0.0
1626773202000,0.0
1626773232000,0.0
1626773262000,0.0
1626773292000,0.0
1626773322000,0.0
1626773352000,0.0
1626773382000,0.0
1626773412000,0.0
1626773442000,0.0
1626773472000,0.0
1626773502000,0.0
1626773532000,0.0
1626773562000,0.0
1626773592000,0.0
1626773622000,0.0
1626773652000,0.0
1626773682000,0.0
1626773712000,0.0
1626773742000,0.0
1626773772000,0.0
1626773802000,0.0
1626773832000,0.0
1626773862000,0.0
1626773892000,0.0
1626773922000,0.0001515595061728395
1626773952000,0.0
1626773982000,0.0
1626774012000,0.0
1626774042000,0.0
1626774072000,0.0
1626774102000,0.0
1626774132000,0.0
1626774162000,0.0
1626774192000,0.0
1626774222000,0.0
1626774252000,0.0
1626774282000,0.0
1626774312000,0.0
1626774342000,0.0
1626774372000,0.0
1626774402000,0.0
1626774432000,0.0
1626774462000,0.0
1626774492000,0.0
1626774522000,0.0
1626774552000,0.0
1626774582000,0.0
1626774612000,0.0
1626774642000,0.0
1626774672000,0.0
1626774702000,0.0
1626774732000,0.0
1626774762000,0.0
1626774792000,0.0
1626774822000,0.0
1626774852000,0.0
1626774882000,0.0
1626774912000,0.0
1626774942000,0.0
1626774972000,0.0
1626775002000,0.0
1626775032000,0.0
1626775062000,0.0
1626775092000,0.0
1626775122000,0.0
1626775152000,8.69889025893958e-05
1626775182000,0.0
1626775212000,0.0
1626775242000,0.0
1626775272000,0.0
1626775302000,0.0
1626775332000,0.0
1626775362000,0.0
1626775392000,0.0
1626775422000,0.0
1626775452000,0.0
1626775482000,0.0
1626775512000,0.0
1626775542000,0.0
1626775572000,0.0
1626775602000,0.0
1626775632000,0.0
1626775662000,0.0
1626775692000,0.0
1626775722000,0.0
1626775752000,0.0
1626775782000,0.0
1626775812000,0.0
1626775842000,0.0
1626775872000,0.0
1626775902000,0.0
1626775932000,0.0
1626775962000,0.0
1626775992000,0.0
1626776022000,0.0
1626776052000,0.0
1626776082000,0.0
1626776112000,0.0
1626776142000,0.0
1626776172000,0.0
1626776202000,0.0
1626776232000,0.0
1626776262000,0.00012511577684463107
1626776292000,0.0
1626776322000,0.0
1626776352000,0.0
1626776382000,0.0
1626776412000,0.0
1626776442000,0.0
1626776472000,0.0
1626776502000,0.0
1626776532000,0.0
1626776562000,0.0
1626776592000,0.0
1626776622000,0.0
1626776652000,0.0
1626776682000,0.0
1626776712000,0.0
1626776742000,0.0
1626776772000,0.0
1626776802000,0.0
1626776832000,0.0
1626776862000,0.0
1626776892000,0.0
1626776922000,0.0
1626776952000,0.0
1626776982000,0.0
1626777012000,0.0
1626777042000,0.0
1626777072000,0.0
1626777102000,0.00015402007343941248
1626777132000,0.0
1626777162000,7.027239263803681e-06
1626777192000,0.0
1626777222000,0.0
1626777252000,0.0
1626777282000,0.0
1626777312000,0.0
1626777342000,0.0
1626777372000,0.0
1626777402000,0.0
1626777432000,0.0
1626777462000,0.0
1626777492000,0.0
1626777522000,0.0
1626777552000,0.0
1626777582000,0.0
1626777612000,0.0
1626777642000,0.0
1626777672000,0.0
1626777702000,0.0
1626777732000,0.0
1626777762000,0.0
1626777792000,0.0
1626777822000,0.0
1626777852000,0.0
1626777882000,0.0
1626777912000,0.0
1626777942000,0.0
1626777972000,0.0
1626778002000,0.0
1626778032000,0.0
1626778062000,0.0
1626778092000,0.0
1626778122000,0.0
1626778152000,0.0
1626778182000,0.0
1626778212000,0.0
1626778242000,0.0
1626778272000,0.0
1626778302000,0.0
1626778332000,0.0
1626778362000,0.0
1626778392000,0.0
1626778422000,0.0
1626778452000,0.0
1626778482000,0.0
1626778512000,0.0
1626778542000,0.0
1626778572000,0.0
1626778602000,0.0
1626778632000,0.0
1626778662000,0.0
1626778692000,0.0
1626778722000,0.0
1626778752000,0.0
1626778782000,0.0
1626778812000,0.0
1626778842000,0.0
1626778872000,0.0
1626778902000,0.0
1626778932000,0.0
1626778962000,0.0
1626778992000,0.0
1626779022000,0.0
1626779052000,0.0
1626779082000,0.0
1626779112000,0.0
1626779142000,0.0
1626779172000,0.0
1626779202000,0.0
1626779232000,0.0
1626779262000,0.0
1626779292000,0.0
1626779322000,0.0
1626779352000,0.0
1626779382000,0.0
1626779412000,0.0
1626779442000,0.0
1626779472000,0.0
1626779502000,0.0
1626779532000,0.0
1626779562000,0.0
1626779592000,0.0
1626779622000,0.0
1626779652000,0.0
1626779682000,0.0
1626779712000,0.0
1626779742000,0.0
1626779772000,0.0
1626779802000,0.0
1626779832000,0.0
1626779862000,0.0
1626779892000,0.0
1626779922000,0.0
1626779952000,0.0
1626779982000,0.0
1626780012000,0.0
1626780042000,0.0
1626780072000,0.0
1626780102000,0.0
1626780132000,0.0
1626780162000,0.0
1626780192000,0.0
1626780222000,0.0
1626780252000,0.0
1626780282000,0.0
1626780312000,0.0
1626780342000,0.0
1626780372000,0.0
1626780402000,0.0
1626780432000,0.0
1626780462000,0.0
1626780492000,0.0
1626780522000,0.0
1626780552000,0.0
1626780582000,0.0
1626780612000,0.0
1626780642000,0.0
1626780672000,0.0
1626780702000,0.0
1626780732000,0.0
1626780762000,0.0
1626780792000,0.0
1626780822000,0.0
1626780852000,0.0
1626780882000,0.0
1626780912000,0.0
1626780942000,0.0
1626780972000,0.0
1626781002000,0.0
1626781032000,0.0
1626781062000,0.0
1626781092000,0.0
1626781122000,0.0
1626781152000,0.0
1626781182000,0.0
1626781212000,0.0
1626781242000,0.0
1626781272000,0.0
1626781302000,0.0
1626781332000,0.0
1626781362000,0.0
1626781392000,0.0
1626781422000,0.0
1626781452000,0.0
1626781482000,0.0
1626781512000,0.0
1626781542000,0.0
1626781572000,0.0
1626781602000,0.0
1626781632000,0.0
1626781662000,0.0
1626781692000,0.0
1626781722000,0.0
1626781752000,0.0
1626781782000,0.0
1626781812000,0.0
1626781842000,0.0
1626781872000,0.0
1626781902000,0.0
1626781932000,0.0
1626781962000,0.0
1626781992000,0.0
1626782022000,0.0
1626782052000,0.0
1626782082000,0.0
1626782112000,0.0
1626782142000,0.0
1626782172000,0.0
1626782202000,0.0
1626782232000,0.0
1626782262000,0.0
1626782292000,0.0
1626782322000,0.0
1626782352000,0.0
1626782382000,0.0
1626782412000,0.0
1626782442000,0.0
1626782472000,0.0
1626782502000,0.0
1626782532000,0.0
1626782562000,0.0
1626782592000,0.0
1626782622000,0.0
1626782652000,0.0
1626782682000,0.0
1626782712000,0.0
1626782742000,0.0
1626782772000,0.0
1626782802000,0.0
1626782832000,0.0
1626782862000,0.0
1626782892000,0.0
1626782922000,0.0
1626782952000,0.0
1626782982000,0.0
1626783012000,0.0
1626783042000,0.0
1626783072000,0.0
1626783102000,0.0
1626783132000,0.0
1626783162000,0.0
1626783192000,0.0
1626783222000,0.0
1626783252000,0.0
1626783282000,0.0
1626783312000,0.0
1626783342000,0.0
1626783372000,0.0
1626783402000,0.0
1626783432000,0.0
1626783462000,0.0
1626783492000,0.0
1626783522000,0.0
1626783552000,0.0
1626783582000,0.0
1626783612000,0.0
1626783642000,0.0
1626783672000,0.0
1626783702000,0.0
1626783732000,0.00011611669770328989
1626783762000,0.0
1626783792000,0.0
1626783822000,0.0
1626783852000,0.0
1626783882000,0.0
1626783912000,0.0
1626783942000,0.0
1626783972000,0.0
1626784002000,0.0
1626784032000,0.0
1626784062000,0.0
1626784092000,0.0
1626784122000,0.0
1626784152000,0.0
1626784182000,0.0
1626784212000,0.0
1626784242000,0.0
1626784272000,0.0
1626784302000,0.0
1626784332000,0.0
1626784362000,0.0
1626784392000,0.0
1626784422000,0.0
1626784452000,0.0
1626784482000,0.0
1626784512000,0.0
1626784542000,0.0
1626784572000,0.0
1626784602000,0.0
1626784632000,0.0
1626784662000,0.0
1626784692000,0.0
1626784722000,0.0
1626784752000,0.0
1626784782000,0.0
1626784812000,0.0
1626784842000,0.0
1626784872000,0.0
1626784902000,0.0
1626784932000,0.0
1626784962000,0.0
1626784992000,0.0
1626785022000,0.0
1626785052000,0.0
1626785082000,0.0
1626785112000,0.0
1626785142000,0.0
1626785172000,0.0
1626785202000,0.0
1626785232000,0.0
1626785262000,0.0
1626785292000,0.0
1626785322000,0.0
1626785352000,0.0
1626785382000,0.0
1626785412000,0.0
1626785442000,0.0
1626785472000,0.0
1626785502000,0.0
1626785532000,0.0
1626785562000,0.0
1626785592000,0.0
1626785622000,0.0
1626785652000,0.0
1626785682000,0.0
1626785712000,0.0
1626785742000,0.0
1626785772000,0.0
1626785802000,0.0
1626785832000,0.0
1626785862000,0.0
1626785892000,0.0
1626785922000,0.0
1626785952000,0.0
1626785982000,0.0
1626786012000,0.0
1626786042000,0.0
1626786072000,0.0
1626786102000,0.0
1626786132000,0.0
1626786162000,0.0
1626786192000,0.0
1626786222000,0.0
1626786252000,0.0
1626786282000,0.0
1626786312000,0.0
1626786342000,0.0
1626786372000,0.0
1626786402000,0.0
1626786432000,0.0
1626786462000,0.0
1626786492000,0.0
1626786522000,0.0
1626786552000,0.0
1626786582000,0.0
1626786612000,0.0
1626786642000,0.0
1626786672000,0.0
1626786702000,0.0
1626786732000,0.0
1626786762000,0.0
1626786792000,0.0
1626786822000,0.0
1626786852000,0.0
1626786882000,0.0
1626786912000,0.0
1626786942000,0.0
1626786972000,0.0
1626787002000,0.0
1626787032000,0.0
1626787062000,0.0
1626787092000,0.0
1626787122000,0.0
1626787152000,0.0
1626787182000,0.0
1626787212000,0.0
1626787242000,0.0
1626787272000,0.0
1626787302000,0.0
1626787332000,0.0
1626787362000,0.0
1626787392000,0.0
1626787422000,0.0
1626787452000,0.0
1626787482000,0.0
1626787512000,0.0
1626787542000,0.0
1626787572000,0.0
1626787602000,0.0
1626787632000,0.0
1626787662000,0.0
1626787692000,0.0
1626787722000,0.0
1626787752000,0.0
1626787782000,0.0
1626787812000,0.0
1626787842000,0.0
1626787872000,0.0
1626787902000,0.0
1626787932000,0.0
1626787962000,0.0
1626787992000,0.0
1626788022000,0.0
1626788052000,0.0
1626788082000,0.0
1626788112000,0.0
1626788142000,0.0
1626788172000,0.0
1626788202000,0.0
1626788232000,0.0
1626788262000,0.0
1626788292000,0.0
1626788322000,0.0
1626788352000,0.000181475150060024
1626788382000,0.0
1626788412000,0.0
1626788442000,0.0
1626788472000,0.0
1626788502000,0.0
1626788532000,0.0
1626788562000,0.0
1626788592000,0.0
1626788622000,0.0
1626788652000,0.0
1626788682000,0.0
1626788712000,0.0
1626788742000,0.0
1626788772000,0.0
1626788802000,0.0
1626788832000,0.0
1626788862000,0.0
1626788892000,0.0
1626788922000,0.0
1626788952000,0.0
1626788982000,0.0
1626789012000,0.0
1626789042000,0.0
1626789072000,0.0
1626789102000,0.0
1626789132000,0.0
1626789162000,0.0
1626789192000,0.0
1626789222000,0.0
1626789252000,0.0
1626789282000,0.0
1626789312000,0.0
1626789342000,0.0
1626789372000,0.0
1626789402000,0.0
1626789432000,0.0
1626789462000,0.0
1626789492000,0.0
1626789522000,0.0
1626789552000,0.0
1626789582000,0.0
1626789612000,0.0
1626789642000,0.0
1626789672000,0.0
1626789702000,0.0
1626789732000,0.0
1626789762000,0.0
1626789792000,0.0
1626789822000,0.0
1626789852000,0.0
1626789882000,0.0
1626789912000,0.0
1626789942000,0.0
1626789972000,0.0
1626790002000,0.0
1626790032000,0.0
1626790062000,0.0
1626790092000,0.0
1626790122000,0.0
1626790152000,0.0
1626790182000,0.0
1626790212000,0.0
1626790242000,0.0
1626790272000,0.0
1626790302000,0.0
1626790332000,0.0
1626790362000,0.0
1626790392000,0.0
1626790422000,0.0
1626790452000,0.0
1626790482000,0.0
1626790512000,0.0
1626790542000,0.0
1626790572000,0.0
1626790602000,0.0
1626790632000,0.0
1626790662000,0.0
1626790692000,0.0
1626790722000,0.0
1626790752000,0.0
1626790782000,0.0
1626790812000,0.0
1626790842000,0.0
1626790872000,0.0
1626790902000,0.0
1626790932000,0.0
1626790962000,0.0
1626790992000,0.0
1626791022000,0.0
1626791052000,0.0
1626791082000,0.0
1626791112000,0.0
1626791142000,0.0
1626791172000,0.0
1626791202000,0.0
1626791232000,0.0
1626791262000,0.0
1626791292000,0.0
1626791322000,0.0
1626791352000,0.0
1626791382000,0.0
1626791412000,0.0
1626791442000,0.0
1626791472000,0.0
1626791502000,0.0
1626791532000,0.0
1626791562000,0.0
1626791592000,0.0
1626791622000,0.0
1626791652000,0.0
1626791682000,0.0
1626791712000,0.0
1626791742000,0.0
1626791772000,0.0
1626791802000,0.0
1626791832000,0.0
1626791862000,0.0
1626791892000,0.0
1626791922000,0.0
1626791952000,0.0
1626791982000,0.0
1626792012000,0.0
1626792042000,0.0
1626792072000,0.0
1626792102000,0.0
1626792132000,0.0
1626792162000,0.0
1626792192000,0.0
1626792222000,0.0
1626792252000,0.0
1626792282000,0.0
1626792312000,0.0
1626792342000,0.0
1626792372000,0.0
1626792402000,0.0
1626792432000,0.0
1626792462000,0.0
1626792492000,0.0
1626792522000,0.0
1626792552000,0.0
1626792582000,0.0
1626792612000,0.0
1626792642000,0.0
1626792672000,0.0
1626792702000,0.0
1626792732000,0.0
1626792762000,0.0
1626792792000,0.0
1626792822000,0.0
1626792852000,0.0
1626792882000,0.0
1626792912000,0.0
1626792942000,0.0
1626792972000,0.0
1626793002000,0.0
1626793032000,0.0
1626793062000,0.0
1626793092000,0.0
1626793122000,0.0
1626793152000,0.0
1626793182000,0.0
1626793212000,0.0
1626793242000,0.0001309094430992736
1626793272000,0.0
1626793302000,0.0
1626793332000,0.0
1626793362000,0.0
1626793392000,0.0
1626793422000,0.0
1626793452000,0.0
1626793482000,0.0
1626793512000,0.0
1626793542000,0.0
1626793572000,0.0
1626793602000,0.0
1626793632000,0.0
1626793662000,0.0
1626793692000,0.0
1626793722000,0.0
1626793752000,0.0
1626793782000,0.0
1626793812000,0.0
1626793842000,0.0
1626793872000,0.0
1626793902000,0.0
1626793932000,0.0
1626793962000,0.0
1626793992000,0.0
1626794022000,0.0
1626794052000,0.0
1626794082000,0.0
1626794112000,0.0
1626794142000,0.0
1626794172000,0.0
1626794202000,0.0
1626794232000,0.0
1626794262000,0.0
1626794292000,0.0
1626794322000,0.0
1626794352000,0.0
1626794382000,0.0
1626794412000,0.0
1626794442000,0.0
1626794472000,0.0
1626794502000,0.0
1626794532000,0.0
1626794562000,0.0
1626794592000,0.0
1626794622000,0.0
1626794652000,0.0
1626794682000,0.0
1626794712000,0.0
1626794742000,0.0
1626794772000,0.0
1626794802000,0.0
1626794832000,0.0
1626794862000,0.0
1626794892000,0.0
1626794922000,0.0
1626794952000,0.0
1626794982000,2.6486758538046733e-05
1626795012000,0.0
1626795042000,0.0
1626795072000,0.0
1626795102000,0.0
1626795132000,0.0
1626795162000,0.0
1626795192000,0.0
1626795222000,0.0
1626795252000,0.0
1626795282000,0.0
1626795312000,0.0
1626795342000,0.0
1626795372000,0.0
1626795402000,0.0
1626795432000,0.0
1626795462000,0.0
1626795492000,0.0
1626795522000,0.0
1626795552000,0.0
1626795582000,0.0
1626795612000,0.0
1626795642000,0.0
1626795672000,0.0
1626795702000,0.0
1626795732000,0.0
1626795762000,0.0
1626795792000,0.0
1626795822000,0.0
1626795852000,0.0
1626795882000,0.0
1626795912000,0.0
1626795942000,0.0
1626795972000,0.0
1626796002000,0.0
1626796032000,0.0
1626796062000,0.0
1626796092000,0.0
1626796122000,0.0
1626796152000,0.0
1626796182000,0.0
1626796212000,0.0
1626796242000,0.0
1626796272000,0.0
1626796302000,0.0
1626796332000,0.0
1626796362000,0.0
1626796392000,0.0
1626796422000,0.0
1626796452000,0.0
1626796482000,0.0
1626796512000,0.0
1626796542000,0.0
1626796572000,0.0
1626796602000,0.0
1626796632000,0.0
1626796662000,0.0
1626796692000,0.0
1626796722000,0.0
1626796752000,0.0
1626796782000,0.0
1626796812000,0.0
1626796842000,0.0
1626796872000,0.0
1626796902000,0.0
1626796932000,0.0
1626796962000,0.0
1626796992000,0.0
1626797022000,0.0
1626797052000,0.0
1626797082000,0.0
1626797112000,0.0
1626797142000,0.0
1626797172000,0.0
1626797202000,0.0
1626797232000,0.0
1626797262000,0.0
1626797292000,0.0
1626797322000,0.0
1626797352000,0.0
1626797382000,0.0
1626797412000,0.0
1626797442000,0.0
1626797472000,0.0
1626797502000,0.0
1626797532000,0.0
1626797562000,0.0
1626797592000,0.0
1626797622000,0.0
1626797652000,0.0
1626797682000,0.0
1626797712000,0.0
1626797742000,0.0
1626797772000,0.0
1626797802000,0.0
1626797832000,0.0
1626797862000,0.0
1626797892000,0.0
1626797922000,0.0
1626797952000,0.0
1626797982000,0.0
1626798012000,0.0
1626798042000,0.0
1626798072000,0.0
1626798102000,0.0
1626798132000,0.0
1626798162000,0.0
1626798192000,0.0
1626798222000,0.0
1626798252000,0.0
1626798282000,0.0
1626798312000,0.0
1626798342000,0.0
1626798372000,0.0
1626798402000,0.0
1626798432000,0.0
1626798462000,0.0
1626798492000,0.0
1626798522000,0.0
1626798552000,0.0
1626798582000,0.0
1626798612000,0.0
1626798642000,0.0
1626798672000,0.0
1626798702000,0.0
1626798732000,0.0
1626798762000,0.0
1626798792000,0.0
1626798822000,0.0
1626798852000,0.0
1626798882000,0.0
1626798912000,0.0
1626798942000,0.0
1626798972000,0.0
1626799002000,0.0
1626799032000,0.0
1626799062000,0.0
1626799092000,0.0
1626799122000,0.0
1626799152000,0.0
1626799182000,0.0
1626799212000,0.0
1626799242000,0.0
1626799272000,0.0
1626799302000,0.0
1626799332000,0.0
1626799362000,0.0
1626799392000,0.0
1626799422000,0.0
1626799452000,0.0
1626799482000,0.0
1626799512000,0.0
1626799542000,0.0
1626799572000,0.0
1626799602000,0.0
1626799632000,0.0
1626799662000,0.0
1626799692000,0.0
1626799722000,0.0
1626799752000,0.0
1626799782000,0.0
1626799812000,0.0
1626799842000,0.0
1626799872000,0.0
1626799902000,0.0
1626799932000,0.0
1626799962000,0.0
1626799992000,0.0
1626800022000,0.0
1626800052000,0.0
1626800082000,0.0
1626800112000,0.0
1626800142000,0.0
1626800172000,0.0
1626800202000,0.0
1626800232000,0.0
1626800262000,0.0
1626800292000,0.0
1626800322000,0.0
1626800352000,0.0
1626800382000,0.0
1626800412000,0.0
1626800442000,0.0
1626800472000,0.0
1626800502000,0.0
1626800532000,0.0
1626800562000,0.0
1626800592000,0.0
1626800622000,0.0
1626800652000,0.0
1626800682000,0.0
1626800712000,0.0
1626800742000,0.0
1626800772000,0.0
1626800802000,0.0
1626800832000,0.0
1626800862000,0.0
1626800892000,0.0
1626800922000,0.0
1626800952000,0.0
1626800982000,0.0
1626801012000,0.0
1626801042000,0.0
1626801072000,0.0
1626801102000,0.0
1626801132000,0.0
1626801162000,0.0
1626801192000,0.0
1626801222000,0.0
1626801252000,0.0
1626801282000,0.0
1626801312000,0.0
1626801342000,0.0
1626801372000,0.0
1626801402000,0.0
1626801432000,0.0
1626801462000,0.0
1626801492000,0.0
1626801522000,0.0
1626801552000,0.0
1626801582000,0.0
1626801612000,0.0
1626801642000,0.0
1626801672000,0.0
1626801702000,0.0
1626801732000,0.0
1626801762000,0.0
1626801792000,0.0
1626801822000,0.0
1626801852000,0.0
1626801882000,0.0
1626801912000,0.0
1626801942000,0.0
1626801972000,0.0
1626802002000,0.0
1626802032000,0.0
1626802062000,0.0
1626802092000,0.0
1626802122000,0.0
1626802152000,0.0
1626802182000,0.0
1626802212000,0.0
1626802242000,0.0
1626802272000,0.0
1626802302000,0.0
1626802332000,0.0
1626802362000,0.0
1626802392000,0.0
1626802422000,0.0
1626802452000,0.0
1626802482000,0.0
1626802512000,0.0
1626802542000,0.0
1626802572000,0.0
1626802602000,0.0
1626802632000,0.0
1626802662000,0.0
1626802692000,0.0
1626802722000,0.0
1626802752000,0.0
1626802782000,0.0
1626802812000,0.0
1626802842000,0.0
1626802872000,0.0
1626802902000,0.0
1626802932000,0.0
1626802962000,0.0
1626802992000,0.0
1626803022000,0.0
1626803052000,0.0
1626803082000,0.0
1626803112000,0.0
1626803142000,0.0
1626803172000,0.0
1626803202000,0.0
1626803232000,0.0
1626803262000,0.0
1626803292000,0.0
1626803322000,0.0
1626803352000,0.0
1626803382000,0.0
1626803412000,0.0
1626803442000,0.0
1626803472000,0.0
1626803502000,0.0
1626803532000,0.0
1626803562000,0.0
1626803592000,0.0
1626803622000,0.0
1626803652000,0.0
1626803682000,0.0
1626803712000,0.0
1626803742000,0.0
1626803772000,0.0
1626803802000,0.0
1626803832000,0.0
1626803862000,0.0
1626803892000,0.0
1626803922000,0.0
1626803952000,0.0
1626803982000,0.0
1626804012000,0.0
1626804042000,0.0
1626804072000,0.0
1626804102000,0.0
1626804132000,0.0
1626804162000,0.0
1626804192000,0.0
1626804222000,0.0
1626804252000,0.0
1626804282000,0.0
1626804312000,0.0
1626804342000,0.0
1626804372000,0.0
1626804402000,0.0
1626804432000,0.0
1626804462000,0.0
1626804492000,0.0
1626804522000,0.0
1626804552000,0.0
1626804582000,0.0
1626804612000,0.0
1626804642000,0.0
1626804672000,0.0
1626804702000,0.0
1626804732000,0.0
1626804762000,0.0
1626804792000,0.0
1626804822000,0.0
1626804852000,0.0
1626804882000,0.0
1626804912000,0.0
1626804942000,0.0
1626804972000,0.0
1626805002000,0.0
1626805032000,0.0
1626805062000,0.0
1626805092000,0.0
1626805122000,0.0
1626805152000,0.0
1626805182000,0.0
1626805212000,0.0
1626805242000,0.0
1626805272000,0.0
1626805302000,0.0
1626805332000,0.0
1626805362000,0.0
1626805392000,0.0
1626805422000,0.0
1626805452000,0.0
1626805482000,0.0
1626805512000,0.0
1626805542000,0.0
1626805572000,0.0
1626805602000,0.0
1626805632000,0.0
1626805662000,0.0
1626805692000,0.0
1626805722000,0.0
1626805752000,4.400194410692588e-05
1626805782000,0.0
1626805812000,0.0
1626805842000,0.0
1626805872000,0.0
1626805902000,0.0
1626805932000,0.0003793212996389892
1626805962000,0.0
1626805992000,0.0
1626806022000,0.0
1626806052000,0.0
1626806082000,0.0
1626806112000,0.0
1626806142000,0.0
1626806172000,0.0
1626806202000,0.0
1626806232000,0.0
1626806262000,0.0
1626806292000,0.0
1626806322000,0.0
1626806352000,0.0
1626806382000,0.0
1626806412000,0.0
1626806442000,0.0
1626806472000,0.0
1626806502000,0.0
1626806532000,0.0
1626806562000,0.0
1626806592000,0.0
1626806622000,0.0
1626806652000,0.0
1626806682000,0.0
1626806712000,0.0
1626806742000,0.0
1626806772000,0.0
1626806802000,0.0
1626806832000,0.0
1626806862000,0.0
1626806892000,0.0
1626806922000,0.0
1626806952000,0.0
1626806982000,0.0
1626807012000,0.0
1626807042000,0.0
1626807072000,0.0
1626807102000,0.0
1626807132000,0.0
1626807162000,0.0
1626807192000,0.0
1626807222000,0.0
1626807252000,0.0
1626807282000,0.0
1626807312000,0.0
1626807342000,0.0
1626807372000,0.0
1626807402000,0.0
1626807432000,0.0
1626807462000,0.0
1626807492000,0.0
1626807522000,0.0
1626807552000,0.0
1626807582000,0.0
1626807612000,0.0
1626807642000,0.0
1626807672000,0.0
1626807702000,0.0
1626807732000,0.0
1626807762000,0.0
1626807792000,0.0
1626807822000,0.0
1626807852000,0.0
1626807882000,0.0
1626807912000,0.0
1626807942000,0.0
1626807972000,0.0
1626808002000,0.0
1626808032000,0.0
1626808062000,0.0
1626808092000,0.0
1626808122000,0.0
1626808152000,0.0
1626808182000,0.0
1626808212000,0.0
1626808242000,0.0
1626808272000,0.0
1626808302000,0.0
1626808332000,0.0
1626808362000,0.0
1626808392000,0.0
1626808422000,0.0
1626808452000,0.0
1626808482000,0.0
1626808512000,0.0
1626808542000,0.0
1626808572000,0.0
1626808602000,0.0
1626808632000,0.0
1626808662000,0.0
1626808692000,0.0
1626808722000,0.0
1626808752000,0.0
1626808782000,0.0
1626808812000,0.0
1626808842000,0.0
1626808872000,0.0
1626808902000,0.0
1626808932000,0.0
1626808962000,0.0
1626808992000,0.0
1626809022000,0.0
1626809052000,0.0
1626809082000,0.0
1626809112000,0.0
1626809142000,0.0
1626809172000,0.0
1626809202000,0.0
1626809232000,0.0
1626809262000,0.0
1626809292000,0.0
1626809322000,0.0
1626809352000,0.0
1626809382000,0.0
1626809412000,0.0
1626809442000,0.0
1626809472000,0.0
1626809502000,0.0
1626809532000,0.0
1626809562000,0.0
1626809592000,0.0
1626809622000,0.0
1626809652000,0.0
1626809682000,0.0
1626809712000,0.0
1626809742000,0.0
1626809772000,0.0
1626809802000,0.0
1626809832000,0.0
1626809862000,0.0
1626809892000,0.0
1626809922000,0.0
1626809952000,0.0
1626809982000,0.0
1626810012000,0.0
1626810042000,0.0
1626810072000,0.0
1626810102000,0.0
1626810132000,0.0
1626810162000,0.0
1626810192000,0.0
1626810222000,0.0
1626810252000,0.0
1626810282000,0.0
1626810312000,0.0
1626810342000,0.0
1626810372000,0.0
1626810402000,0.0
1626810432000,0.0
1626810462000,0.0
1626810492000,0.0
1626810522000,0.0
1626810552000,0.0
1626810582000,0.0
1626810612000,0.0
1626810642000,0.0
1626810672000,0.0
1626810702000,0.0
1626810732000,0.0
1626810762000,0.0
1626810792000,0.0
1626810822000,0.0
1626810852000,0.0
1626810882000,0.0
1626810912000,0.0
1626810942000,0.0
1626810972000,0.0
1626811002000,0.0
1626811032000,0.0
1626811062000,0.0
1626811092000,0.0
1626811122000,0.0
1626811152000,0.0
1626811182000,0.0
1626811212000,0.0
1626811242000,0.0
1626811272000,0.0
1626811302000,0.0
1626811332000,0.0
1626811362000,0.0
1626811392000,0.0
1626811422000,0.0
1626811452000,0.0
1626811482000,0.0
1626811512000,0.0
1626811542000,0.0
1626811572000,0.0
1626811602000,0.0
1626811632000,0.0
1626811662000,0.0
1626811692000,0.0
1626811722000,0.0
1626811752000,0.0
1626811782000,0.0
1626811812000,0.0
1626811842000,0.0
1626811872000,0.0
1626811902000,0.0
1626811932000,0.0
1626811962000,0.0
1626811992000,0.0
1626812022000,0.0
1626812052000,0.0
1626812082000,0.0
1626812112000,0.0
1626812142000,0.0
1626812172000,0.0
1626812202000,0.0
1626812232000,0.0
1626812262000,0.0
1626812292000,0.0
1626812322000,0.0
1626812352000,0.0
1626812382000,0.0
1626812412000,0.0
1626812442000,0.0
1626812472000,0.0
1626812502000,0.0
1626812532000,0.0
1626812562000,0.0
1626812592000,0.0
1626812622000,0.0
1626812652000,0.0
1626812682000,0.0
1626812712000,0.0
1626812742000,0.0
1626812772000,0.0
1626812802000,0.0
1626812832000,0.0
1626812862000,0.0
1626812892000,0.0
1626812922000,0.0
1626812952000,0.0
1626812982000,0.0
1626813012000,0.0
1626813042000,0.0
1626813072000,0.0
1626813102000,0.0
1626813132000,0.0
1626813162000,0.0
1626813192000,0.0
1626813222000,0.0
1626813252000,0.0
1626813282000,0.0
1626813312000,0.0
1626813342000,0.0
1626813372000,0.0
1626813402000,0.0
1626813432000,0.0
1626813462000,0.0
1626813492000,0.0
1626813522000,0.0
1626813552000,0.0
1626813582000,0.0
1626813612000,0.0
1626813642000,0.0
1626813672000,0.0
1626813702000,0.0
1626813732000,0.0
1626813762000,0.0
1626813792000,0.0
1626813822000,0.0
1626813852000,0.0
1626813882000,0.0
1626813912000,0.0
1626813942000,0.0
1626813972000,0.0
1626814002000,0.0
1626814032000,0.0
1626814062000,0.0
1626814092000,0.0
1626814122000,0.0
1626814152000,0.0
1626814182000,0.0
1626814212000,0.0
1626814242000,0.0
1626814272000,0.0
1626814302000,0.0
1626814332000,0.0
1626814362000,0.0
1626814392000,0.0
1626814422000,0.0
1626814452000,0.0
1626814482000,0.0
1626814512000,0.0
1626814542000,0.0
1626814572000,0.0
1626814602000,0.0
1626814632000,0.0
1626814662000,0.0
1626814692000,0.0
1626814722000,0.0
1626814752000,0.0
1626814782000,0.0
1626814812000,0.0
1626814842000,0.0
1626814872000,0.0
1626814902000,0.0
1626814932000,0.0
1626814962000,0.0
1626814992000,0.0
1626815022000,0.0
1626815052000,0.0
1626815082000,0.0
1626815112000,0.0
1626815142000,0.0
1626815172000,0.0
1626815202000,0.0
1626815232000,0.0
1626815262000,0.0
1626815292000,0.0
1626815322000,0.0
1626815352000,0.0
1626815382000,0.0
1626815412000,0.0
1626815442000,0.0
1626815472000,0.0
1626815502000,0.0
1626815532000,0.0
1626815562000,0.0
1626815592000,0.0
1626815622000,0.0
1626815652000,0.0
1626815682000,0.0
1626815712000,0.0
1626815742000,0.0
1626815772000,0.0
1626815802000,0.0
1626815832000,0.0
1626815862000,0.0
1626815892000,0.0
1626815922000,0.0
1626815952000,0.0
1626815982000,0.0
1626816012000,0.0
1626816042000,0.0
1626816072000,0.0
1626816102000,0.0
1626816132000,0.0
1626816162000,0.0
1626816192000,0.0
1626816222000,0.0
1626816252000,0.0
1626816282000,0.0
1626816312000,0.0
1626816342000,0.0
1626816372000,0.0
1626816402000,0.0
1626816432000,0.0
1626816462000,0.0
1626816492000,0.0
1626816522000,0.0
1626816552000,0.0
1626816582000,0.0
1626816612000,0.0
1626816642000,0.0
1626816672000,0.0
1626816702000,0.0
1626816732000,0.0
1626816762000,0.0
1626816792000,0.0
1626816822000,0.0
1626816852000,0.0
1626816882000,0.0
1626816912000,0.0
1626816942000,0.0
1626816972000,0.0
1626817002000,0.0
1626817032000,0.0
1626817062000,0.0
1626817092000,0.0
1626817122000,0.0
1626817152000,0.0
1626817182000,0.0
1626817212000,0.0
1626817242000,0.0
1626817272000,0.0
1626817302000,0.0
1626817332000,0.0
1626817362000,0.0
1626817392000,0.0
1626817422000,0.0
1626817452000,0.0
1626817482000,0.0
1626817512000,0.0
1626817542000,0.0
1626817572000,0.0
1626817602000,0.0
1626817632000,0.0
1626817662000,0.0
1626817692000,0.0
1626817722000,0.0
1626817752000,0.0
1626817782000,0.0
1626817812000,0.0
1626817842000,0.0
1626817872000,0.0
1626817902000,0.0
1626817932000,0.0
1626817962000,0.0
1626817992000,0.0
1626818022000,0.0
1626818052000,0.0
1626818082000,0.0
1626818112000,0.0
1626818142000,0.0
1626818172000,0.0
1626818202000,0.0
1626818232000,0.0
1626818262000,0.0
1626818292000,0.0
1626818322000,0.0
1626818352000,0.0
1626818382000,0.0
1626818412000,0.0
1626818442000,0.0
1626818472000,0.0
1626818502000,0.0
1626818532000,0.0
1626818562000,0.0
1626818592000,0.0
1626818622000,0.0
1626818652000,0.0
1626818682000,0.0
1626818712000,0.0
1626818742000,0.0
1626818772000,0.0
1626818802000,0.0
1626818832000,0.0
1626818862000,0.0
1626818892000,0.0
1626818922000,0.0
1626818952000,0.0
1626818982000,0.0
1626819012000,0.0
1626819042000,0.0
1626819072000,0.0
1626819102000,0.0
1626819132000,0.0
1626819162000,0.0
1626819192000,0.0
1626819222000,0.0
1626819252000,0.0
1626819282000,0.0
1626819312000,0.0
1626819342000,0.0
1626819372000,0.0
1626819402000,0.0
1626819432000,0.0
1626819462000,0.0
1626819492000,0.0
1626819522000,0.0
1626819552000,0.0
1626819582000,0.0
1626819612000,0.0
1626819642000,0.0
1626819672000,0.0
1626819702000,0.0
1626819732000,0.0
1626819762000,0.0
1626819792000,0.0
1626819822000,0.0
1626819852000,0.0
1626819882000,0.0
1626819912000,0.0
1626819942000,0.0
1626819972000,0.0
1626820002000,0.0
1626820032000,0.0
1626820062000,0.0
1626820092000,0.0
1626820122000,0.0
1626820152000,0.0
1626820182000,0.0
1626820212000,0.0
1626820242000,0.0
1626820272000,0.0
1626820302000,0.0
1626820332000,0.0
1626820362000,0.0
1626820392000,0.0
1626820422000,0.0
1626820452000,0.0
1626820482000,0.0
1626820512000,0.0
1626820542000,0.0
1626820572000,0.0
1626820602000,0.0
1626820632000,0.0
1626820662000,0.0
1626820692000,0.0
1626820722000,0.0
1626820752000,0.0
1626820782000,0.0
1626820812000,0.0
1626820842000,0.0
1626820872000,0.0
1626820902000,0.0
1626820932000,0.0
1626820962000,0.0
1626820992000,0.0
1626821022000,0.0
1626821052000,0.0
1626821082000,0.0
1626821112000,0.0
1626821142000,0.0
1626821172000,0.0
1626821202000,0.0
1626821232000,0.0
1626821262000,0.0
1626821292000,0.0
1626821322000,0.0
1626821352000,0.0
1626821382000,0.0
1626821412000,0.0
1626821442000,0.0
1626821472000,0.0
1626821502000,0.0
1626821532000,0.0
1626821562000,0.0
1626821592000,0.0
1626821622000,0.0
1626821652000,0.0
1626821682000,0.0
1626821712000,0.0
1626821742000,0.0
1626821772000,0.0
1626821802000,0.0
1626821832000,0.0
1626821862000,0.0
1626821892000,0.0
1626821922000,0.0
1626821952000,0.0
1626821982000,0.0
1626822012000,0.0
1626822042000,0.0
1626822072000,0.0
1626822102000,0.0
1626822132000,0.0
1626822162000,0.0
1626822192000,0.0
1626822222000,0.0
1626822252000,0.0
1626822282000,0.0
1626822312000,0.0
1626822342000,0.0
1626822372000,0.0
1626822402000,0.0
1626822432000,0.0
1626822462000,0.0
1626822492000,0.0
1626822522000,0.0
1626822552000,0.0
1626822582000,0.0
1626822612000,0.0
1626822642000,0.0
1626822672000,0.0
1626822702000,0.0
1626822732000,0.0
1626822762000,0.0
1626822792000,0.0
1626822822000,0.0
1626822852000,0.0
1626822882000,0.0
1626822912000,0.0
1626822942000,0.0
1626822972000,0.0
1626823002000,0.0
1626823032000,0.0
1626823062000,0.0
1626823092000,0.0
1626823122000,0.0
1626823152000,0.0
1626823182000,0.0
1626823212000,0.0
1626823242000,0.0
1626823272000,0.0
1626823302000,0.0
1626823332000,0.0
1626823362000,0.0
1626823392000,0.0
1626823422000,0.0
1626823452000,0.0
1626823482000,0.0
1626823512000,0.0
1626823542000,0.0
1626823572000,0.0
1626823602000,0.0
1626823632000,0.0
1626823662000,0.0
1626823692000,0.0
1626823722000,0.0
1626823752000,0.0
1626823782000,0.0
1626823812000,0.0
1626823842000,0.0
1626823872000,0.0
1626823902000,0.0
1626823932000,0.0
1626823962000,0.0
1626823992000,0.0
1626824022000,0.0
1626824052000,0.0
1626824082000,0.0
1626824112000,0.0
1626824142000,0.0
1626824172000,0.0
1626824202000,0.0
1626824232000,0.0
1626824262000,0.0
1626824292000,0.0
1626824322000,0.0
1626824352000,0.0
1626824382000,0.0
1626824412000,0.0
1626824442000,0.0
1626824472000,0.0
1626824502000,0.0
1626824532000,0.0
1626824562000,0.0
1626824592000,0.0
1626824622000,0.0
1626824652000,0.0
1626824682000,0.0
1626824712000,0.0
1626824742000,0.0
1626824772000,0.0
1626824802000,0.0
1626824832000,0.0
1626824862000,0.0
1626824892000,0.0
1626824922000,0.0
1626824952000,0.0
1626824982000,0.0
1626825012000,0.0
1626825042000,0.0
1626825072000,0.0
1626825102000,0.0
1626825132000,0.0
1626825162000,0.0
1626825192000,0.0
1626825222000,0.0
1626825252000,0.0
1626825282000,0.0
1626825312000,0.0
1626825342000,0.0
1626825372000,0.0
1626825402000,0.0
1626825432000,0.0
1626825462000,0.0
1626825492000,0.0
1626825522000,0.0
1626825552000,0.0
1626825582000,0.0
1626825612000,0.0
1626825642000,0.0
1626825672000,0.0
1626825702000,0.0
1626825732000,0.0
1626825762000,0.0
1626825792000,0.0
1626825822000,0.0
1626825852000,0.0
1626825882000,0.0
1626825912000,0.0
1626825942000,0.0
1626825972000,0.0
1626826002000,0.0
1626826032000,0.0
1626826062000,0.0
1626826092000,0.0
1626826122000,0.0
1626826152000,0.0
1626826182000,0.0
1626826212000,0.0
1626826242000,0.0
1626826272000,0.0
1626826302000,0.0
1626826332000,0.0
1626826362000,0.0
1626826392000,0.0
1626826422000,0.0
1626826452000,0.0
1626826482000,0.0
1626826512000,0.0
1626826542000,0.0
1626826572000,0.0
1626826602000,0.0
1626826632000,0.0
1626826662000,0.0
1626826692000,0.0
1626826722000,0.0
1626826752000,0.0
1626826782000,0.0
1626826812000,0.0
1626826842000,0.0
1626826872000,0.0
1626826902000,0.0
1626826932000,0.0
1626826962000,0.0
1626826992000,0.0
1626827022000,0.0
1626827052000,0.0
1626827082000,0.0
1626827112000,0.0
1626827142000,0.0
1626827172000,0.0
1626827202000,0.0
1626827232000,0.0
1626827262000,0.0
1626827292000,0.0
1626827322000,0.0
1626827352000,0.0
1626827382000,0.0
1626827412000,0.0
1626827442000,0.0
1626827472000,0.0
1626827502000,0.0
1626827532000,0.0
1626827562000,0.0
1626827592000,0.0
1626827622000,0.0
1626827652000,0.0
1626827682000,0.0
1626827712000,0.0
1626827742000,0.0
1626827772000,0.0
1626827802000,0.0
1626827832000,0.0
1626827862000,0.0
1626827892000,0.0
1626827922000,0.0
1626827952000,0.0
1626827982000,0.0
1626828012000,0.0
1626828042000,0.0
1626828072000,0.0
1626828102000,0.0
1626828132000,0.0
1626828162000,0.0
1626828192000,0.0
1626828222000,0.0
1626828252000,0.0
1626828282000,0.0
1626828312000,0.0
1626828342000,0.0
1626828372000,0.0
1626828402000,0.0
1626828432000,0.0
1626828462000,0.0
1626828492000,0.0
1626828522000,0.0
1626828552000,0.0
1626828582000,0.0
1626828612000,0.0
1626828642000,0.0
1626828672000,0.0
1626828702000,0.0
1626828732000,0.0
1626828762000,0.0
1626828792000,0.0
1626828822000,0.0
1626828852000,0.0
1626828882000,0.0
1626828912000,0.0
1626828942000,0.0
1626828972000,0.0
1626829002000,0.0
1626829032000,0.0
1626829062000,0.0
1626829092000,0.0
1626829122000,0.0
1626829152000,0.0
1626829182000,0.0
1626829212000,0.0
1626829242000,0.0
1626829272000,0.0
1626829302000,0.0
1626829332000,0.0
1626829362000,0.0
1626829392000,0.0
1626829422000,0.0
1626829452000,0.0
1626829482000,0.0
1626829512000,0.0
1626829542000,0.0
1626829572000,0.0
1626829602000,0.0
1626829632000,0.0
1626829662000,0.0
1626829692000,0.0
1626829722000,0.0
1626829752000,0.0
1626829782000,0.0
1626829812000,0.0
1626829842000,0.0
1626829872000,0.0
1626829902000,0.0
1626829932000,0.0
1626829962000,0.0
1626829992000,0.0
1626830022000,0.0
1626830052000,0.0
1626830082000,0.0
1626830112000,0.0
1626830142000,0.0
1626830172000,0.0
1626830202000,0.0
1626830232000,0.0
1626830262000,0.0
1626830292000,0.0
1626830322000,0.0
1626830352000,0.0
1626830382000,0.0
1626830412000,0.0
1626830442000,0.0
1626830472000,0.0
1626830502000,0.0
1626830532000,0.0
1626830562000,0.0
1626830592000,0.0
1626830622000,0.0
1626830652000,0.0
1626830682000,0.0
1626830712000,0.0
1626830742000,0.0
1626830772000,0.0
1626830802000,0.0
1626830832000,0.0
1626830862000,0.0
1626830892000,0.0
1626830922000,0.0
1626830952000,0.0
1626830982000,0.0
1626831012000,0.0
1626831042000,0.0
1626831072000,0.0
1626831102000,0.0
1626831132000,0.0
1626831162000,0.0
1626831192000,0.0
1626831222000,0.0
1626831252000,0.0
1626831282000,0.0
1626831312000,0.0
1626831342000,0.0
1626831372000,0.0
1626831402000,0.0
1626831432000,0.0
1626831462000,0.0
1626831492000,0.0
1626831522000,0.0
1626831552000,0.0
1626831582000,0.0
1626831612000,0.0
1626831642000,0.0
1626831672000,0.0
1626831702000,0.0
1626831732000,0.0
1626831762000,0.0
1626831792000,0.0
1626831822000,0.0
1626831852000,0.0
1626831882000,0.0
1626831912000,0.0
1626831942000,0.0
1626831972000,0.0
1626832002000,0.0
1626832032000,0.0
1626832062000,0.0
1626832092000,0.0
1626832122000,0.0
1626832152000,0.0
1626832182000,0.0
1626832212000,0.0
1626832242000,0.0
1626832272000,0.0
1626832302000,0.0
1626832332000,0.0
1626832362000,0.0
1626832392000,0.0
1626832422000,0.0
1626832452000,0.0
1626832482000,0.0
1626832512000,0.0
1626832542000,0.0
1626832572000,0.0
1626832602000,0.0
1626832632000,0.0
1626832662000,0.0
1626832692000,0.0
1626832722000,0.0
1626832752000,0.0
1626832782000,0.0
1626832812000,0.0
1626832842000,0.0
1626832872000,0.0
1626832902000,0.0
1626832932000,0.0
1626832962000,0.0
1626832992000,0.0
1626833022000,0.0
1626833052000,0.0
1626833082000,0.0
1626833112000,0.0
1626833142000,0.0
1626833172000,0.0
1626833202000,0.0
1626833232000,0.0
1626833262000,0.0
1626833292000,0.0
1626833322000,0.0
1626833352000,0.0
1626833382000,0.0
1626833412000,0.0
1626833442000,0.0
1626833472000,0.0
1626833502000,0.0
1626833532000,0.0
1626833562000,0.0
1626833592000,0.0
1626833622000,0.0
1626833652000,0.0
1626833682000,0.0
1626833712000,0.0
1626833742000,0.0
1626833772000,0.0
1626833802000,0.0
1626833832000,0.0
1626833862000,0.0
1626833892000,0.0
1626833922000,0.0
1626833952000,0.0
1626833982000,0.0
1626834012000,0.0
1626834042000,0.0
1626834072000,0.0
1626834102000,0.0
1626834132000,0.0
1626834162000,0.0
1626834192000,0.0
1626834222000,0.0
1626834252000,0.0
1626834282000,0.0
1626834312000,0.0
1626834342000,0.0
1626834372000,0.0
1626834402000,0.0
1626834432000,0.0
1626834462000,0.0
1626834492000,0.0
1626834522000,0.0
1626834552000,0.0
1626834582000,0.0
1626834612000,0.0
1626834642000,0.0
1626834672000,0.0
1626834702000,0.0
1626834732000,0.0
1626834762000,0.0
1626834792000,0.0
1626834822000,0.0
1626834852000,0.0
1626834882000,0.0
1626834912000,0.0
1626834942000,0.0
1626834972000,0.0
1626835002000,0.0
1626835032000,0.0
1626835062000,0.0
1626835092000,0.0
1626835122000,0.0
1626835152000,0.0
1626835182000,0.0
1626835212000,0.0
1626835242000,0.0
1626835272000,0.0
1626835302000,0.0
1626835332000,0.0
1626835362000,0.0
1626835392000,0.0
1626835422000,0.0
1626835452000,0.0
1626835482000,0.0
1626835512000,0.0
1626835542000,0.0
1626835572000,0.0
1626835602000,0.0
1626835632000,0.0
1626835662000,0.0
1626835692000,0.0
1626835722000,0.0
1626835752000,0.0
1626835782000,0.0
1626835812000,0.0
1626835842000,0.0
1626835872000,0.0
1626835902000,0.0
1626835932000,0.0
1626835962000,0.0
1626835992000,0.0
1626836022000,0.0
1626836052000,0.0
1626836082000,0.0
1626836112000,0.0
1626836142000,0.0
1626836172000,0.0
1626836202000,0.0
1626836232000,0.0
1626836262000,0.0
1626836292000,0.0
1626836322000,0.0
1626836352000,0.0
1626836382000,0.0
1626836412000,0.0
1626836442000,0.0
1626836472000,0.0
1626836502000,0.0
1626836532000,0.0
1626836562000,0.0
1626836592000,0.0
1626836622000,0.0
1626836652000,0.0
1626836682000,0.0
1626836712000,0.0
1626836742000,0.0
1626836772000,0.0
1626836802000,0.0
1626836832000,0.0
1626836862000,0.0
1626836892000,0.0
1626836922000,0.0
1626836952000,0.0
1626836982000,0.0
1626837012000,0.0
1626837042000,0.0
1626837072000,0.0
1626837102000,0.0
1626837132000,0.0
1626837162000,0.0
1626837192000,0.0
1626837222000,0.0
1626837252000,0.0
1626837282000,0.0
1626837312000,0.0
1626837342000,0.0
1626837372000,0.0
1626837402000,0.0
1626837432000,0.0
1626837462000,0.0
1626837492000,0.0
1626837522000,0.0
1626837552000,0.0
1626837582000,0.0
1626837612000,0.0
1626837642000,0.0
1626837672000,0.0
1626837702000,0.0
1626837732000,0.0
1626837762000,0.0
1626837792000,0.0
1626837822000,0.0
1626837852000,0.0
1626837882000,0.0
1626837912000,0.0
1626837942000,0.0
1626837972000,0.0
1626838002000,0.0
1626838032000,0.0
1626838062000,0.0
1626838092000,0.0
1626838122000,0.0
1626838152000,0.0
1626838182000,0.0
1626838212000,0.0
1626838242000,0.0
1626838272000,0.0
1626838302000,0.0
1626838332000,0.0
1626838362000,0.0
1626838392000,0.0
1626838422000,0.0
1626838452000,0.0
1626838482000,0.0
1626838512000,0.0
1626838542000,0.0
1626838572000,0.0
1626838602000,0.0
1626838632000,0.0
1626838662000,0.0
1626838692000,0.0
1626838722000,0.0
1626838752000,0.0
1626838782000,0.0
1626838812000,0.0
1626838842000,0.0
1626838872000,0.0
1626838902000,0.0
1626838932000,0.0
1626838962000,0.0
1626838992000,0.0
1626839022000,0.0
1626839052000,0.0
1626839082000,0.0
1626839112000,0.0
1626839142000,0.0
1626839172000,0.0
1626839202000,0.0
1626839232000,0.0
1626839262000,0.0
1626839292000,0.0
1626839322000,0.0
1626839352000,0.0
1626839382000,0.0
1626839412000,0.0
1626839442000,0.0
1626839472000,0.0
1626839502000,0.0
1626839532000,0.0
1626839562000,0.0
1626839592000,0.0
1626839622000,0.0
1626839652000,0.0
1626839682000,0.0
1626839712000,0.0
1626839742000,0.0
1626839772000,0.0
1626839802000,0.0
1626839832000,0.0
1626839862000,0.0
1626839892000,0.0
1626839922000,0.0
1626839952000,0.0
1626839982000,0.0
1626840012000,0.0
1626840042000,0.0
1626840072000,0.0
1626840102000,0.0
1626840132000,0.0
1626840162000,0.0
1626840192000,0.0
1626840222000,0.0
1626840252000,0.0
1626840282000,0.0
1626840312000,0.0
1626840342000,0.0
1626840372000,0.0
1626840402000,0.0
1626840432000,0.0
1626840462000,0.0
1626840492000,0.0
1626840522000,0.0
1626840552000,0.0
1626840582000,0.0
1626840612000,0.0
1626840642000,0.0
1626840672000,0.0
1626840702000,0.0
1626840732000,0.0
1626840762000,0.0
1626840792000,0.0
1626840822000,0.0
1626840852000,0.0
1626840882000,0.0
1626840912000,0.0
1626840942000,0.0
1626840972000,0.0
1626841002000,0.0
1626841032000,0.0
1626841062000,0.0
1626841092000,0.0
1626841122000,0.0
1626841152000,0.0
1626841182000,0.0
1626841212000,0.0
1626841242000,0.0
1626841272000,0.0
1626841302000,0.0
1626841332000,0.0
1626841362000,0.0
1626841392000,0.0
1626841422000,0.0
1626841452000,0.0
1626841482000,0.0
1626841512000,0.0
1626841542000,0.0
1626841572000,0.0
1626841602000,0.0
1626841632000,0.0
1626841662000,0.0
1626841692000,0.0
1626841722000,0.0
1626841752000,0.0
1626841782000,0.0
1626841812000,0.0
1626841842000,0.0
1626841872000,0.0
1626841902000,0.0
1626841932000,0.0
1626841962000,0.0
1626841992000,0.0
1626842022000,0.0
1626842052000,0.0
1626842082000,0.0
1626842112000,0.0
1626842142000,0.0
1626842172000,0.0
1626842202000,0.0
1626842232000,0.0
1626842262000,0.0
1626842292000,0.0
1626842322000,0.0
1626842352000,0.0
1626842382000,0.0
1626842412000,0.0
1626842442000,0.0
1626842472000,0.0
1626842502000,0.0
1626842532000,0.0
1626842562000,0.0
1626842592000,0.0
1626842622000,0.0
1626842652000,0.0
1626842682000,0.0
1626842712000,0.0
1626842742000,0.0
1626842772000,0.0
1626842802000,0.0
1626842832000,0.0
1626842862000,0.0
1626842892000,0.0
1626842922000,0.0
1626842952000,0.0
1626842982000,0.0
1626843012000,0.0
1626843042000,0.0
1626843072000,0.0
1626843102000,0.0
1626843132000,0.0
1626843162000,0.0
1626843192000,0.0
1626843222000,0.0
1626843252000,0.0
1626843282000,0.0
1626843312000,0.0
1626843342000,0.0
1626843372000,0.0
1626843402000,0.0
1626843432000,0.0
1626843462000,0.0
1626843492000,0.0
1626843522000,0.0
1626843552000,0.0
1626843582000,0.0
1626843612000,0.0
1626843642000,0.0
1626843672000,0.0
1626843702000,0.0
1626843732000,0.0
1626843762000,0.0
1626843792000,0.0
1626843822000,0.0
1626843852000,0.0
1626843882000,0.0
1626843912000,0.0
1626843942000,0.0
1626843972000,0.0
1626844002000,0.0
1626844032000,0.0
1626844062000,0.0
1626844092000,0.0
1626844122000,0.0
1626844152000,0.0
1626844182000,0.0
1626844212000,0.0
1626844242000,0.0
1626844272000,0.0
1626844302000,0.0
1626844332000,0.0
1626844362000,0.0
1626844392000,0.0
1626844422000,0.0
1626844452000,0.0
1626844482000,0.0
1626844512000,0.0
1626844542000,0.0
1626844572000,0.0
1626844602000,0.0
1626844632000,0.0
1626844662000,0.0
1626844692000,0.0
1626844722000,0.0
1626844752000,0.0
1626844782000,0.0
1626844812000,0.0
1626844842000,0.0
1626844872000,0.0
1626844902000,0.0
1626844932000,0.0
1626844962000,0.0
1626844992000,0.0
1626845022000,0.0
1626845052000,0.0
1626845082000,0.0
1626845112000,0.0
1626845142000,0.0
1626845172000,0.0
1626845202000,0.0
1626845232000,0.0
1626845262000,0.0
1626845292000,0.0
1626845322000,0.0
1626845352000,0.0
1626845382000,0.0
1626845412000,0.0
1626845442000,0.0
1626845472000,0.0
1626845502000,0.0
1626845532000,0.0
1626845562000,0.0
1626845592000,0.0
1626845622000,0.0
1626845652000,0.0
1626845682000,0.0
1626845712000,0.0
1626845742000,0.0
1626845772000,0.0
1626845802000,0.0
1626845832000,0.0
1626845862000,0.0
1626845892000,0.0
1626845922000,0.0
1626845952000,0.0
1626845982000,0.0
1626846012000,0.0
1626846042000,0.0
1626846072000,0.0
1626846102000,0.0
1626846132000,0.0
1626846162000,0.0
1626846192000,0.0
1626846222000,0.0
1626846252000,0.0
1626846282000,0.0
1626846312000,0.0
1626846342000,0.0
1626846372000,0.0
1626846402000,0.0
1626846432000,0.0
1626846462000,0.0
1626846492000,0.0
1626846522000,0.0
1626846552000,0.0
1626846582000,0.0
1626846612000,0.0
1626846642000,0.0
1626846672000,0.0
1626846702000,0.0
1626846732000,0.0
1626846762000,0.0
1626846792000,0.0
1626846822000,0.0
1626846852000,0.0
1626846882000,0.0
1626846912000,0.0
1626846942000,0.0
1626846972000,0.0
1626847002000,0.0
1626847032000,0.0
1626847062000,0.0
1626847092000,0.0
1626847122000,0.0
1626847152000,0.0
1626847182000,0.0
1626847212000,0.0
1626847242000,0.0
1626847272000,0.0
1626847302000,0.0
1626847332000,0.0
1626847362000,0.0
1626847392000,0.0
1626847422000,0.0
1626847452000,0.0
1626847482000,0.0
1626847512000,0.0
1626847542000,0.0
1626847572000,0.0
1626847602000,0.0
1626847632000,0.0
1626847662000,0.0
1626847692000,0.0
1626847722000,0.0
1626847752000,0.0
1626847782000,0.0
1626847812000,0.0
1626847842000,0.0
1626847872000,0.0
1626847902000,0.0
1626847932000,0.0
1626847962000,0.0
1626847992000,0.0
1626848022000,0.0
1626848052000,0.0
1626848082000,0.0
1626848112000,0.0
1626848142000,0.0
1626848172000,0.0
1626848202000,0.0
1626848232000,0.0
1626848262000,0.0
1626848292000,0.0
1626848322000,0.0
1626848352000,0.0
1626848382000,0.0
1626848412000,0.0
1626848442000,0.0
1626848472000,0.0
1626848502000,0.0
1626848532000,0.0
1626848562000,0.0
1626848592000,0.0
1626848622000,0.0
1626848652000,0.0
1626848682000,0.0
1626848712000,0.0
1626848742000,0.0
1626848772000,0.0
1626848802000,0.0
1626848832000,0.0
1626848862000,0.0
1626848892000,0.0
1626848922000,0.0
1626848952000,0.0
1626848982000,0.0
1626849012000,0.0
1626849042000,0.0
1626849072000,0.0
1626849102000,0.0
1626849132000,0.0
1626849162000,0.0
1626849192000,0.0
1626849222000,0.0
1626849252000,0.0
1626849282000,0.0
1626849312000,0.0
1626849342000,0.0
1626849372000,0.0
1626849402000,0.0
1626849432000,4.55549364021805e-05
1626849462000,0.0
1626849492000,0.0
1626849522000,0.0
1626849552000,0.0
1626849582000,0.0
1626849612000,0.0
1626849642000,0.0
1626849672000,0.0
1626849702000,0.0
1626849732000,0.0
1626849762000,0.0
1626849792000,0.0
1626849822000,0.0
1626849852000,0.0
1626849882000,0.0
1626849912000,0.0
1626849942000,0.0
1626849972000,0.0
1626850002000,0.0
1626850032000,0.0
1626850062000,0.0
1626850092000,0.0
1626850122000,0.0
1626850152000,0.0
1626850182000,0.0
1626850212000,0.0
1626850242000,0.0
1626850272000,0.0
1626850302000,0.0
1626850332000,0.0
1626850362000,0.0
1626850392000,0.0
1626850422000,0.0
1626850452000,0.0
1626850482000,0.0
1626850512000,0.0
1626850542000,0.0
1626850572000,0.0
1626850602000,0.0
1626850632000,0.0
1626850662000,0.0
1626850692000,0.0
1626850722000,0.0
1626850752000,0.0
1626850782000,0.0
1626850812000,0.0
1626850842000,0.0
1626850872000,0.0
1626850902000,0.0
1626850932000,0.0
1626850962000,0.0
1626850992000,0.0
1626851022000,0.0
1626851052000,0.0
1626851082000,0.0
1626851112000,0.0
1626851142000,0.0
1626851172000,0.0
1626851202000,0.0
1626851232000,0.0
1626851262000,0.0
1626851292000,0.0
1626851322000,0.0
1626851352000,0.0
1626851382000,0.0
1626851412000,0.0
1626851442000,0.0
1626851472000,0.0
1626851502000,0.0
1626851532000,0.0
1626851562000,0.0
1626851592000,0.0
1626851622000,0.0
1626851652000,0.0
1626851682000,0.0
1626851712000,0.0
1626851742000,0.0
1626851772000,0.0
1626851802000,0.0
1626851832000,0.0
1626851862000,0.0
1626851892000,0.0
1626851922000,0.0
1626851952000,0.0
1626851982000,0.0
1626852012000,0.0
1626852042000,0.0
1626852072000,0.0
1626852102000,0.0
1626852132000,0.0
1626852162000,0.00033065476477683956
1626852192000,0.0
1626852222000,0.0
1626852252000,0.0
1626852282000,0.0
1626852312000,0.0
1626852342000,0.0
1626852372000,0.0
1626852402000,0.0
1626852432000,0.0
1626852462000,0.0
1626852492000,0.0
1626852522000,0.0
1626852552000,0.0
1626852582000,0.0
1626852612000,0.0
1626852642000,0.0
1626852672000,0.0
1626852702000,0.0
1626852732000,0.0
1626852762000,0.0
1626852792000,0.0
1626852822000,0.0
1626852852000,0.0
1626852882000,0.0
1626852912000,0.0
1626852942000,0.0
1626852972000,0.0
1626853002000,0.0
1626853032000,0.0
1626853062000,0.0
1626853092000,0.0
1626853122000,0.0
1626853152000,0.0
1626853182000,0.0
1626853212000,0.0
1626853242000,0.0
1626853272000,0.0
1626853302000,0.0
1626853332000,0.0
1626853362000,0.0
1626853392000,0.0
1626853422000,0.0
1626853452000,0.0
1626853482000,0.0
1626853512000,0.0
1626853542000,0.0
1626853572000,0.0
1626853602000,0.0
1626853632000,0.0
1626853662000,0.0
1626853692000,0.0
1626853722000,0.0
1626853752000,0.0
1626853782000,0.0
1626853812000,0.0
1626853842000,0.0
1626853872000,0.0
1626853902000,0.0
1626853932000,0.0
1626853962000,0.0
1626853992000,0.0
1626854022000,0.0
1626854052000,0.0
1626854082000,0.0
1626854112000,0.0
1626854142000,0.0
1626854172000,0.0
1626854202000,0.0
1626854232000,0.0
1626854262000,0.0
1626854292000,0.0
1626854322000,0.0
1626854352000,0.0
1626854382000,0.0
1626854412000,0.0
1626854442000,0.0
1626854472000,0.0
1626854502000,0.0
1626854532000,0.0
1626854562000,0.0
1626854592000,0.0
1626854622000,0.0
1626854652000,0.0
1626854682000,0.0
1626854712000,0.0
1626854742000,0.0
1626854772000,0.0
1626854802000,0.0
1626854832000,0.0
1626854862000,0.0
1626854892000,0.0
1626854922000,0.0
1626854952000,0.0
1626854982000,0.0
1626855012000,0.0
1626855042000,0.0
1626855072000,0.0
1626855102000,0.0
1626855132000,0.0
1626855162000,0.0
1626855192000,0.0
1626855222000,0.0
1626855252000,0.0
1626855282000,0.0
1626855312000,0.0
1626855342000,0.0
1626855372000,0.0
1626855402000,0.0
1626855432000,0.0
1626855462000,0.0
1626855492000,0.0
1626855522000,0.0
1626855552000,0.0
1626855582000,0.0
1626855612000,0.0
1626855642000,0.0
1626855672000,0.0
1626855702000,0.0
1626855732000,0.0
1626855762000,0.0
1626855792000,0.0
1626855822000,0.0
1626855852000,0.0
1626855882000,0.0
1626855912000,0.0
1626855942000,9.027368421052631e-06
1626855972000,0.0
1626856002000,0.0
1626856032000,0.0
1626856062000,0.0
1626856092000,0.0
1626856122000,0.0
1626856152000,0.0
1626856182000,0.0
1626856212000,0.0
1626856242000,0.0
1626856272000,0.0
1626856302000,0.0
1626856332000,0.0
1626856362000,0.0
1626856392000,0.0
1626856422000,0.0
1626856452000,0.0
1626856482000,0.0
1626856512000,0.0
1626856542000,0.0
1626856572000,0.0
1626856602000,0.0
1626856632000,0.0
1626856662000,0.0
1626856692000,0.0
1626856722000,0.0
1626856752000,0.0
1626856782000,0.0
1626856812000,0.0
1626856842000,0.0
1626856872000,0.0
1626856902000,0.0
1626856932000,0.0
1626856962000,0.0
1626856992000,2.5311138310893512e-05
1626857022000,0.0
1626857052000,0.0
1626857082000,0.0
1626857112000,0.0
1626857142000,0.0
1626857172000,0.0
1626857202000,0.0
1626857232000,0.0
1626857262000,0.0
1626857292000,0.0
1626857322000,0.0
1626857352000,0.0
1626857382000,0.0
1626857412000,0.0
1626857442000,0.0
1626857472000,0.0
1626857502000,0.0
1626857532000,0.0
1626857562000,0.0
1626857592000,0.0
1626857622000,0.0
1626857652000,0.0
1626857682000,0.0
1626857712000,0.0
1626857742000,0.0
1626857772000,0.0
1626857802000,0.0
1626857832000,0.0
1626857862000,0.0
1626857892000,0.0
1626857922000,0.0
1626857952000,0.0
1626857982000,0.0
1626858012000,0.0
1626858042000,0.0
1626858072000,0.0
1626858102000,0.0
1626858132000,0.0
1626858162000,0.0
1626858192000,0.0
1626858222000,0.0
1626858252000,0.0
1626858282000,0.0
1626858312000,0.0
1626858342000,0.0
1626858372000,0.0
1626858402000,0.0
1626858432000,0.0
1626858462000,0.0
1626858492000,0.0
1626858522000,0.0
1626858552000,0.0
1626858582000,0.0
1626858612000,0.000265397542997543
1626858642000,0.0
1626858672000,0.0
1626858702000,0.0
1626858732000,0.0
1626858762000,0.0
1626858792000,0.0
1626858822000,0.0
1626858852000,0.0
1626858882000,0.0
1626858912000,0.0
1626858942000,0.0
1626858972000,0.0
1626859002000,0.0
1626859032000,0.0
1626859062000,0.0
1626859092000,0.0
1626859122000,0.0
1626859152000,0.0
1626859182000,0.0
1626859212000,0.0
1626859242000,0.0
1626859272000,0.0
1626859302000,0.0
1626859332000,0.0
1626859362000,0.0
1626859392000,0.0
1626859422000,0.0
1626859452000,0.0
1626859482000,0.0
1626859512000,0.0
1626859542000,0.0
1626859572000,0.0
1626859602000,0.0
1626859632000,0.0
1626859662000,0.0
1626859692000,0.0
1626859722000,0.0
1626859752000,0.0
1626859782000,0.0
1626859812000,0.0
1626859842000,0.0
1626859872000,0.0
1626859902000,0.0
1626859932000,0.0
1626859962000,0.0
1626859992000,0.0
1626860022000,0.0
1626860052000,0.0
1626860082000,0.0
1626860112000,0.0
1626860142000,0.0
1626860172000,0.0
1626860202000,0.0
1626860232000,0.0
1626860262000,0.0
1626860292000,0.0
1626860322000,0.0
1626860352000,0.0
1626860382000,0.0
1626860412000,0.0
1626860442000,0.0
1626860472000,0.0
1626860502000,0.0
1626860532000,0.0
1626860562000,0.0
1626860592000,0.0
1626860622000,0.0
1626860652000,0.0
1626860682000,0.0
1626860712000,0.0
1626860742000,0.0
1626860772000,0.0
1626860802000,0.0
1626860832000,0.0
1626860862000,0.0
1626860892000,0.0
1626860922000,0.0
1626860952000,0.0
1626860982000,0.0
1626861012000,0.0
1626861042000,0.0
1626861072000,0.0
1626861102000,0.0
1626861132000,0.0
1626861162000,0.0
1626861192000,0.0
1626861222000,0.0
1626861252000,0.0
1626861282000,0.0
1626861312000,0.0
1626861342000,0.0
1626861372000,0.0
1626861402000,0.0
1626861432000,0.0
1626861462000,0.0
1626861492000,0.0
1626861522000,0.0
1626861552000,0.0
1626861582000,0.0
1626861612000,0.0
1626861642000,0.0
1626861672000,0.0
1626861702000,0.0
1626861732000,0.0
1626861762000,0.0
1626861792000,0.0
1626861822000,0.0
1626861852000,0.0
1626861882000,0.0
1626861912000,0.0
1626861942000,0.0
1626861972000,0.0
1626862002000,0.0
1626862032000,0.0
1626862062000,0.0
1626862092000,0.0
1626862122000,0.0
1626862152000,0.0
1626862182000,0.0
1626862212000,0.0
1626862242000,0.0
1626862272000,0.0
1626862302000,0.0
1626862332000,0.0
1626862362000,0.0
1626862392000,0.0
1626862422000,0.0
1626862452000,0.0
1626862482000,0.0
1626862512000,0.0
1626862542000,0.0
1626862572000,0.0
1626862602000,0.0
1626862632000,0.0
1626862662000,0.0
1626862692000,0.0
1626862722000,0.0
1626862752000,0.0
1626862782000,0.0
1626862812000,0.0
1626862842000,0.0
1626862872000,0.0
1626862902000,0.0
1626862932000,0.0
1626862962000,0.0
1626862992000,0.0
1626863022000,0.0
1626863052000,0.0
1626863082000,0.0
1626863112000,0.0
1626863142000,0.0
1626863172000,7.794104750304507e-05
1626863202000,0.0
1626863232000,0.0
1626863262000,0.0
1626863292000,0.0
1626863322000,0.0
1626863352000,0.0
1626863382000,0.0
1626863412000,0.0
1626863442000,0.0
1626863472000,0.0
1626863502000,0.0
1626863532000,0.0
1626863562000,0.0
1626863592000,0.0
1626863622000,0.0
1626863652000,0.0
1626863682000,0.0
1626863712000,0.0
1626863742000,0.0
1626863772000,0.0
1626863802000,0.0
1626863832000,0.0
1626863862000,0.0
1626863892000,0.0
1626863922000,0.0
1626863952000,0.0
1626863982000,0.0
1626864012000,0.0
1626864042000,0.0
1626864072000,0.0
1626864102000,0.0
1626864132000,0.0
1626864162000,0.0
1626864192000,0.0
1626864222000,0.0
1626864252000,0.0
1626864282000,0.0
1626864312000,0.0
1626864342000,0.0
1626864372000,0.0
1626864402000,0.0
1626864432000,0.0
1626864462000,0.0
1626864492000,0.0
1626864522000,0.0
1626864552000,0.0
1626864582000,0.0
1626864612000,0.0
1626864642000,0.0
1626864672000,0.0
1626864702000,0.0
1626864732000,0.0
1626864762000,0.0
1626864792000,0.0
1626864822000,0.0
1626864852000,0.0
1626864882000,0.0
1626864912000,0.0
1626864942000,0.0
1626864972000,0.0
1626865002000,0.0
1626865032000,0.0
1626865062000,0.0
1626865092000,0.0
1626865122000,0.0
1626865152000,0.0
1626865182000,0.0
1626865212000,0.0
1626865242000,0.0
1626865272000,0.0
1626865302000,0.0
1626865332000,0.0
1626865362000,0.0
1626865392000,0.0
1626865422000,0.0
1626865452000,0.0
1626865482000,0.0
1626865512000,0.0
1626865542000,0.0
1626865572000,0.0
1626865602000,0.0
1626865632000,0.0
1626865662000,0.0
1626865692000,0.0
1626865722000,0.0
1626865752000,0.0
1626865782000,0.0
1626865812000,0.0
1626865842000,0.0
1626865872000,0.0
1626865902000,0.0
1626865932000,0.0
1626865962000,0.0
1626865992000,0.0
1626866022000,0.0
1626866052000,0.0
1626866082000,0.0
1626866112000,0.0
1626866142000,0.0
1626866172000,0.0
1626866202000,0.0
1626866232000,0.0
1626866262000,0.0
1626866292000,0.0
1626866322000,0.0
1626866352000,0.0
1626866382000,0.0
1626866412000,0.0
1626866442000,0.0
1626866472000,0.0
1626866502000,0.0
1626866532000,0.0
1626866562000,0.0
1626866592000,0.0
1626866622000,0.0
1626866652000,0.0
1626866682000,0.0
1626866712000,0.0
1626866742000,0.0
1626866772000,0.0
1626866802000,0.0
1626866832000,0.0
1626866862000,0.0
1626866892000,0.0
1626866922000,0.0
1626866952000,0.0
1626866982000,0.0
1626867012000,0.0
1626867042000,0.0
1626867072000,0.0
1626867102000,0.0
1626867132000,0.0
1626867162000,0.0
1626867192000,0.0002524285035629454
1626867222000,0.0
1626867252000,0.0
1626867282000,0.0
1626867312000,0.0
1626867342000,0.0
1626867372000,0.0
1626867402000,0.0
1626867432000,0.0
1626867462000,0.0
1626867492000,0.0
1626867522000,0.0
1626867552000,0.0
1626867582000,0.0
1626867612000,0.0
1626867642000,0.0
1626867672000,0.0
1626867702000,0.0
1626867732000,0.0
1626867762000,0.0
1626867792000,0.0
1626867822000,0.0
1626867852000,0.0
1626867882000,0.0
1626867912000,0.0
1626867942000,0.0
1626867972000,0.0
1626868002000,0.0
1626868032000,0.0
1626868062000,0.0
1626868092000,0.0
1626868122000,0.0
1626868152000,0.0
1626868182000,0.0
1626868212000,0.0
1626868242000,0.0
1626868272000,0.0
1626868302000,0.0
1626868332000,0.0
1626868362000,0.0
1626868392000,0.0
1626868422000,0.0
1626868452000,0.0
1626868482000,0.0
1626868512000,0.0
1626868542000,0.0
1626868572000,0.0
1626868602000,0.0
1626868632000,0.0
1626868662000,0.0
1626868692000,0.0
1626868722000,0.0
1626868752000,0.0
1626868782000,0.0
1626868812000,0.0
1626868842000,0.0
1626868872000,0.0
1626868902000,0.0
1626868932000,0.0
1626868962000,0.0
1626868992000,0.0
1626869022000,0.0
1626869052000,0.0
1626869082000,0.0
1626869112000,0.0
1626869142000,0.0
1626869172000,0.0
1626869202000,0.0
1626869232000,0.0
1626869262000,0.0
1626869292000,0.0
1626869322000,0.0
1626869352000,0.0
1626869382000,0.0
1626869412000,0.0
1626869442000,0.0
1626869472000,0.0
1626869502000,0.0
1626869532000,0.0
1626869562000,0.0
1626869592000,0.0
1626869622000,0.0
1626869652000,0.0
1626869682000,0.0
1626869712000,0.0
1626869742000,0.0
1626869772000,0.0
1626869802000,0.0
1626869832000,0.0
1626869862000,0.0
1626869892000,0.0
1626869922000,0.0
1626869952000,0.0
1626869982000,0.0
1626870012000,0.0
1626870042000,0.0
1626870072000,0.0
1626870102000,0.0
1626870132000,0.0
1626870162000,0.0
1626870192000,0.0
1626870222000,0.0
1626870252000,0.0
1626870282000,0.0
1626870312000,0.0
1626870342000,0.0
1626870372000,0.0
1626870402000,0.0
1626870432000,0.0
1626870462000,0.0
1626870492000,0.0
1626870522000,0.0
1626870552000,0.0
1626870582000,0.0
1626870612000,0.0
1626870642000,0.0
1626870672000,0.0
1626870702000,0.0
1626870732000,0.0
1626870762000,0.0
1626870792000,0.0
1626870822000,0.0
1626870852000,0.0
1626870882000,0.0
1626870912000,0.0
1626870942000,0.0
1626870972000,0.0
1626871002000,0.0
1626871032000,0.0
1626871062000,0.00027785060240963856
1626871092000,0.0
1626871122000,0.0
1626871152000,0.0
1626871182000,0.0
1626871212000,0.0
1626871242000,0.0
1626871272000,0.0
1626871302000,1.558156792339916e-05
1626871332000,0.0
1626871362000,0.0
1626871392000,0.0
1626871422000,0.0
1626871452000,0.0
1626871482000,0.0
1626871512000,0.0
1626871542000,0.0
1626871572000,0.0
1626871602000,0.0
1626871632000,0.0
1626871662000,0.0
1626871692000,0.0
1626871722000,0.0
1626871752000,0.0
1626871782000,0.0
1626871812000,0.0
1626871842000,0.0
1626871872000,0.0
1626871902000,0.0
1626871932000,0.0
1626871962000,0.0
1626871992000,0.0
1626872022000,0.0
1626872052000,0.0
1626872082000,0.0
1626872112000,0.0
1626872142000,0.0
1626872172000,0.0
1626872202000,0.0
1626872232000,0.0
1626872262000,0.0
1626872292000,0.0
1626872322000,0.0
1626872352000,0.0
1626872382000,0.0
1626872412000,0.0
1626872442000,0.0
1626872472000,0.0
1626872502000,0.0
1626872532000,0.0
1626872562000,0.0
1626872592000,0.0
1626872622000,0.0
1626872652000,0.0
1626872682000,0.0
1626872712000,0.0
1626872742000,0.0
1626872772000,0.0
1626872802000,0.0
1626872832000,0.0
1626872862000,0.0
1626872892000,0.0
1626872922000,0.0
1626872952000,0.0
1626872982000,0.0
1626873012000,0.0
1626873042000,0.0
1626873072000,0.0
1626873102000,0.0
1626873132000,0.0
1626873162000,0.0
1626873192000,0.0
1626873222000,0.0
1626873252000,0.0
1626873282000,0.0
1626873312000,0.0
1626873342000,0.0
1626873372000,0.0
1626873402000,0.0
1626873432000,0.0
1626873462000,0.0
1626873492000,0.0
1626873522000,0.0
1626873552000,0.0
1626873582000,0.0
1626873612000,0.0
1626873642000,0.0
1626873672000,0.0
1626873702000,0.0
1626873732000,0.0
1626873762000,0.0
1626873792000,0.0
1626873822000,0.0
1626873852000,0.0
1626873882000,0.0
1626873912000,0.0
1626873942000,0.0
1626873972000,0.0
1626874002000,0.0
1626874032000,0.0
1626874062000,0.0
1626874092000,0.0
1626874122000,0.0
1626874152000,0.0
1626874182000,0.0
1626874212000,0.0
1626874242000,0.0
1626874272000,0.0
1626874302000,0.0
1626874332000,0.0
1626874362000,0.0
1626874392000,0.0
1626874422000,0.0
1626874452000,0.0
1626874482000,0.0
1626874512000,0.0
1626874542000,0.0
1626874572000,0.0
1626874602000,0.0
1626874632000,0.0
1626874662000,0.0
1626874692000,0.0
1626874722000,0.0
1626874752000,0.0
1626874782000,0.0
1626874812000,0.0
1626874842000,0.0
1626874872000,0.0
1626874902000,0.0
1626874932000,0.0
1626874962000,0.0
1626874992000,0.0
1626875022000,0.0
1626875052000,0.0
1626875082000,0.0
1626875112000,0.0
1626875142000,0.0
1626875172000,0.0
1626875202000,0.0
1626875232000,0.0
1626875262000,0.0
1626875292000,0.0
1626875322000,0.0
1626875352000,0.0
1626875382000,0.0
1626875412000,0.0
1626875442000,0.0
1626875472000,0.0
1626875502000,0.0
1626875532000,0.0
1626875562000,0.0
1626875592000,0.0
1626875622000,0.0
1626875652000,0.0
1626875682000,0.0
1626875712000,0.0
1626875742000,0.0
1626875772000,0.0
1626875802000,0.0
1626875832000,0.0
1626875862000,0.0
1626875892000,0.0
1626875922000,0.0
1626875952000,0.0
1626875982000,0.0
1626876012000,0.0
1626876042000,0.0
1626876072000,0.0
1626876102000,0.0
1626876132000,0.0
1626876162000,0.0
1626876192000,0.0
1626876222000,0.0
1626876252000,0.0
1626876282000,0.0
1626876312000,0.0
1626876342000,0.0
1626876372000,0.0
1626876402000,0.0
1626876432000,0.0
1626876462000,0.0
1626876492000,0.0
1626876522000,0.0
1626876552000,0.0
1626876582000,0.0
1626876612000,0.0
1626876642000,0.0
1626876672000,0.0
1626876702000,0.0
1626876732000,0.0
1626876762000,0.0
1626876792000,0.0
1626876822000,0.0
1626876852000,0.0
1626876882000,0.0
1626876912000,0.0
1626876942000,0.0
1626876972000,0.0
1626877002000,0.0
1626877032000,0.0
1626877062000,0.0
1626877092000,0.0
1626877122000,0.0
1626877152000,0.0
1626877182000,0.0
1626877212000,0.0
1626877242000,0.0
1626877272000,0.0
1626877302000,0.0
1626877332000,0.0
1626877362000,0.0
1626877392000,0.0
1626877422000,0.0
1626877452000,0.0
1626877482000,0.0
1626877512000,0.0
1626877542000,0.0
1626877572000,0.0
1626877602000,0.0
1626877632000,0.0
1626877662000,0.0
1626877692000,0.0
1626877722000,0.0
1626877752000,0.0
1626877782000,0.0
1626877812000,0.0
1626877842000,0.0
1626877872000,0.0
1626877902000,0.0
1626877932000,0.0
1626877962000,0.0
1626877992000,0.0
1626878022000,0.0
1626878052000,0.0
1626878082000,0.0
1626878112000,0.0
1626878142000,0.0
1626878172000,0.0
1626878202000,0.0
1626878232000,0.0
1626878262000,0.0
1626878292000,0.0
1626878322000,0.0
1626878352000,0.0
1626878382000,0.0
1626878412000,0.0
1626878442000,0.0
1626878472000,0.0
1626878502000,0.0
1626878532000,0.0
1626878562000,0.0
1626878592000,0.0
1626878622000,0.0
1626878652000,0.0
1626878682000,0.0
1626878712000,0.0
1626878742000,0.0
1626878772000,0.0
1626878802000,0.0
1626878832000,0.0
1626878862000,0.0
1626878892000,0.0
1626878922000,0.0
1626878952000,0.0
1626878982000,0.0
1626879012000,0.0
1626879042000,0.0
1626879072000,0.0
1626879102000,0.0
1626879132000,0.0
1626879162000,0.0
1626879192000,0.0
1626879222000,0.0
1626879252000,0.0
1626879282000,0.0
1626879312000,0.0
1626879342000,0.0
1626879372000,0.0
1626879402000,0.0
1626879432000,0.0
1626879462000,0.0
1626879492000,0.0
1626879522000,0.0
1626879552000,0.0
1626879582000,0.0
1626879612000,0.0
1626879642000,0.0
1626879672000,0.0
1626879702000,0.0
1626879732000,0.0
1626879762000,0.0
1626879792000,0.00036524803862401933
1626879822000,0.0
1626879852000,0.0
1626879882000,0.0
1626879912000,0.0
1626879942000,0.0
1626879972000,0.0
1626880002000,0.0
1626880032000,0.0
1626880062000,0.0
1626880092000,0.0
1626880122000,0.0
1626880152000,0.0
1626880182000,0.0
1626880212000,0.0
1626880242000,0.0
1626880272000,0.0
1626880302000,0.0
1626880332000,0.0
1626880362000,0.0
1626880392000,0.0
1626880422000,0.0
1626880452000,0.0
1626880482000,0.0
1626880512000,0.0
1626880542000,0.0
1626880572000,0.0
1626880602000,0.0
1626880632000,0.0
1626880662000,0.0
1626880692000,0.0
1626880722000,0.0
1626880752000,0.0
1626880782000,0.0
1626880812000,0.0
1626880842000,0.0
1626880872000,0.0
1626880902000,0.0
1626880932000,0.0
1626880962000,0.0
1626880992000,0.0
1626881022000,0.0
1626881052000,0.0
1626881082000,0.0
1626881112000,0.0
1626881142000,0.0
1626881172000,0.0
1626881202000,0.0
1626881232000,0.0
1626881262000,0.0
1626881292000,0.0
1626881322000,0.0
1626881352000,0.0
1626881382000,0.0
1626881412000,0.0
1626881442000,0.0
1626881472000,0.0
1626881502000,0.0
1626881532000,0.0
1626881562000,0.0
1626881592000,0.0
1626881622000,0.0
1626881652000,0.0
1626881682000,0.0
1626881712000,0.0
1626881742000,0.0
1626881772000,0.0
1626881802000,0.0
1626881832000,0.0
1626881862000,0.0
1626881892000,0.0
1626881922000,0.0
1626881952000,0.0
1626881982000,0.0
1626882012000,0.0
1626882042000,0.0
1626882072000,0.0
1626882102000,0.0
1626882132000,0.0
1626882162000,0.0
1626882192000,0.0
1626882222000,0.0
1626882252000,0.0
1626882282000,0.0
1626882312000,0.0
1626882342000,0.0
1626882372000,0.0
1626882402000,0.0
1626882432000,0.0
1626882462000,0.0
1626882492000,0.0
1626882522000,0.0
1626882552000,0.0
1626882582000,0.0
1626882612000,0.0
1626882642000,0.0
1626882672000,0.0
1626882702000,0.0
1626882732000,0.0
1626882762000,0.0
1626882792000,0.0
1626882822000,0.0
1626882852000,0.0
1626882882000,0.0
1626882912000,0.0
1626882942000,0.0
1626882972000,0.0
1626883002000,0.0
1626883032000,0.0
1626883062000,0.0
1626883092000,0.0
1626883122000,0.0
1626883152000,0.0
1626883182000,0.0
1626883212000,0.0
1626883242000,0.0
1626883272000,0.0
1626883302000,0.0
1626883332000,0.0
1626883362000,0.0
1626883392000,0.0
1626883422000,0.0
1626883452000,0.0
1626883482000,0.0
1626883512000,0.0
1626883542000,0.0
1626883572000,0.0
1626883602000,0.0
1626883632000,0.0
1626883662000,0.0
1626883692000,0.0
1626883722000,0.0
1626883752000,0.0
1626883782000,0.0
1626883812000,0.0
1626883842000,0.0
1626883872000,0.0
1626883902000,0.0
1626883932000,0.0
1626883962000,0.0
1626883992000,0.0
1626884022000,0.0
1626884052000,0.0
1626884082000,0.0
1626884112000,0.0
1626884142000,0.0
1626884172000,0.0
1626884202000,0.0
1626884232000,0.0
1626884262000,0.0
1626884292000,0.0
1626884322000,0.0
1626884352000,0.00030645386040765906
1626884382000,0.0
1626884412000,0.0
1626884442000,0.0
1626884472000,0.0
1626884502000,0.0
1626884532000,0.0
1626884562000,0.0
1626884592000,0.0
1626884622000,0.0
1626884652000,0.0
1626884682000,0.0
1626884712000,0.0
1626884742000,0.0
1626884772000,0.0
1626884802000,0.0
1626884832000,0.0
1626884862000,0.0
1626884892000,0.0
1626884922000,0.0
1626884952000,0.0
1626884982000,0.0
1626885012000,0.0
1626885042000,0.0
1626885072000,0.0
1626885102000,0.0
1626885132000,0.0
1626885162000,0.0
1626885192000,0.0
1626885222000,0.0
1626885252000,0.0
1626885282000,0.0001223361727654469
1626885312000,0.0
1626885342000,0.0004237483476132191
1626885372000,0.0
1626885402000,0.0
1626885432000,0.0
1626885462000,0.0
1626885492000,0.0
1626885522000,0.0
1626885552000,0.0
1626885582000,0.0
1626885612000,0.0
1626885642000,0.0
1626885672000,0.0
1626885702000,0.0
1626885732000,0.0
1626885762000,0.0
1626885792000,0.0
1626885822000,0.0
1626885852000,0.0
1626885882000,0.0
1626885912000,0.0
1626885942000,0.0
1626885972000,0.0
1626886002000,0.0
1626886032000,0.0
1626886062000,0.0
1626886092000,0.0
1626886122000,0.0003312584652862363
1626886152000,0.0
1626886182000,0.0
1626886212000,0.0
1626886242000,0.0
1626886272000,0.0
1626886302000,0.0
1626886332000,0.0
1626886362000,0.0
1626886392000,0.0
1626886422000,0.0
1626886452000,0.0
1626886482000,0.0
1626886512000,0.0
1626886542000,0.0
1626886572000,0.0
1626886602000,0.0
1626886632000,0.0
1626886662000,0.0
1626886692000,0.0
1626886722000,0.0
1626886752000,0.0
1626886782000,0.0
1626886812000,0.0
1626886842000,0.0
1626886872000,0.0
1626886902000,0.0
1626886932000,0.0
1626886962000,0.0
1626886992000,0.0
1626887022000,0.0
1626887052000,0.0
1626887082000,0.0
1626887112000,0.0
1626887142000,0.0
1626887172000,0.0
1626887202000,0.0
1626887232000,0.0
1626887262000,0.0
1626887292000,0.0
1626887322000,0.0
1626887352000,0.0
1626887382000,0.0
1626887412000,0.0
1626887442000,0.0
1626887472000,0.0
1626887502000,0.0
1626887532000,0.0
1626887562000,0.0
1626887592000,0.0
1626887622000,0.0
1626887652000,0.0
1626887682000,0.0
1626887712000,0.0
1626887742000,0.0
1626887772000,0.0
1626887802000,0.0
1626887832000,0.0
1626887862000,0.0
1626887892000,0.0
1626887922000,0.0
1626887952000,0.0
1626887982000,0.0
1626888012000,0.0
1626888042000,0.0
1626888072000,0.0
1626888102000,0.0
1626888132000,0.0
1626888162000,0.0
1626888192000,0.0
1626888222000,0.0
1626888252000,0.0
1626888282000,0.0
1626888312000,0.0
1626888342000,0.0
1626888372000,0.0
1626888402000,0.0
1626888432000,0.0
1626888462000,0.0
1626888492000,0.0
1626888522000,0.0
1626888552000,0.0
1626888582000,0.0
1626888612000,0.0
1626888642000,0.0
1626888672000,0.0
1626888702000,0.0
1626888732000,0.0
1626888762000,0.0
1626888792000,0.0
1626888822000,0.0
1626888852000,0.0
1626888882000,0.0
1626888912000,0.0
1626888942000,0.0
1626888972000,0.0
1626889002000,0.0
1626889032000,0.0
1626889062000,0.0
1626889092000,0.0
1626889122000,0.0
1626889152000,0.0
1626889182000,0.0
1626889212000,0.0
1626889242000,0.0
1626889272000,0.0
1626889302000,0.0
1626889332000,0.0
1626889362000,0.0
1626889392000,0.0
1626889422000,0.0
1626889452000,0.0
1626889482000,0.0
1626889512000,0.0
1626889542000,0.0
1626889572000,0.0
1626889602000,0.0
1626889632000,0.0
1626889662000,0.0
1626889692000,0.0
1626889722000,0.0
1626889752000,0.0
1626889782000,0.0
1626889812000,0.0
1626889842000,0.0
1626889872000,0.0
1626889902000,0.0
1626889932000,0.0
1626889962000,0.0
1626889992000,0.0
1626890022000,0.0
1626890052000,0.0
1626890082000,0.0
1626890112000,0.0
1626890142000,0.0
1626890172000,0.0
1626890202000,0.0
1626890232000,0.0
1626890262000,0.0
1626890292000,0.0
1626890322000,0.0
1626890352000,0.0
1626890382000,0.0
1626890412000,0.0
1626890442000,0.0
1626890472000,0.0
1626890502000,0.0
1626890532000,0.0
1626890562000,0.0
1626890592000,0.0
1626890622000,0.0
1626890652000,0.0
1626890682000,0.0
1626890712000,0.0
1626890742000,0.0
1626890772000,0.0
1626890802000,0.0
1626890832000,0.0
1626890862000,0.0
1626890892000,0.0
1626890922000,0.0
1626890952000,0.0
1626890982000,0.0
1626891012000,0.0
1626891042000,0.0
1626891072000,0.0
1626891102000,0.0
1626891132000,0.0
1626891162000,0.0
1626891192000,0.0
1626891222000,0.0
1626891252000,0.0
1626891282000,0.0
1626891312000,0.0
1626891342000,0.0
1626891372000,0.0
1626891402000,0.0
1626891432000,0.0
1626891462000,0.0
1626891492000,0.0
1626891522000,0.0
1626891552000,0.0
1626891582000,0.0
1626891612000,0.0
1626891642000,0.0
1626891672000,0.0
1626891702000,0.0
1626891732000,0.0
1626891762000,0.0
1626891792000,0.0
1626891822000,0.0
1626891852000,0.0
1626891882000,0.0
1626891912000,0.0
1626891942000,0.0
1626891972000,0.0
1626892002000,0.0
1626892032000,0.0
1626892062000,0.0
1626892092000,0.0
1626892122000,0.0
1626892152000,0.0
1626892182000,0.0
1626892212000,0.0
1626892242000,0.0
1626892272000,0.0
1626892302000,0.0
1626892332000,0.0
1626892362000,0.0
1626892392000,0.0
1626892422000,0.0
1626892452000,0.0
1626892482000,0.0
1626892512000,0.0
1626892542000,0.0
1626892572000,0.0
1626892602000,0.0
1626892632000,0.0
1626892662000,0.0
1626892692000,0.0
1626892722000,0.0
1626892752000,0.0
1626892782000,0.0
1626892812000,0.0
1626892842000,0.0
1626892872000,0.0
1626892902000,0.0
1626892932000,0.0
1626892962000,0.0
1626892992000,0.0
1626893022000,0.0
1626893052000,0.0
1626893082000,0.0
1626893112000,0.0
1626893142000,0.0
1626893172000,0.0
1626893202000,0.0
1626893232000,0.0
1626893262000,0.0
1626893292000,0.0
1626893322000,0.0
1626893352000,0.0
1626893382000,0.0
1626893412000,0.0
1626893442000,0.0
1626893472000,0.0
1626893502000,0.0
1626893532000,0.0
1626893562000,0.0
1626893592000,0.0
1626893622000,0.0
1626893652000,0.0
1626893682000,0.0
1626893712000,0.0
1626893742000,0.0
1626893772000,0.0
1626893802000,0.0
1626893832000,0.0
1626893862000,0.0
1626893892000,0.0
1626893922000,0.0
1626893952000,0.0
1626893982000,0.0
1626894012000,0.0
1626894042000,0.0
1626894072000,0.0
1626894102000,0.0
1626894132000,0.0
1626894162000,0.0
1626894192000,0.0
1626894222000,0.0
1626894252000,0.0
1626894282000,0.0
1626894312000,0.0
1626894342000,0.0
1626894372000,0.0
1626894402000,0.0
1626894432000,0.0
1626894462000,0.0
1626894492000,0.0
1626894522000,0.0
1626894552000,0.0
1626894582000,0.0
1626894612000,0.0
1626894642000,0.0
1626894672000,0.0
1626894702000,0.0
1626894732000,0.0
1626894762000,0.0
1626894792000,0.0
1626894822000,0.0
1626894852000,0.0
1626894882000,0.0
1626894912000,0.0
1626894942000,0.0
1626894972000,0.0
1626895002000,0.0
1626895032000,0.0
1626895062000,0.0
1626895092000,0.0
1626895122000,0.0
1626895152000,0.0
1626895182000,0.0
1626895212000,0.0
1626895242000,0.0
1626895272000,0.0
1626895302000,0.0
1626895332000,0.0
1626895362000,0.0
1626895392000,0.0
1626895422000,0.0
1626895452000,0.0
1626895482000,0.0
1626895512000,0.0
1626895542000,0.0
1626895572000,0.0
1626895602000,0.0
1626895632000,0.0
1626895662000,0.0
1626895692000,0.0
1626895722000,0.0
1626895752000,0.0
1626895782000,0.0
1626895812000,0.0
1626895842000,0.0
1626895872000,0.0
1626895902000,0.0
1626895932000,0.0
1626895962000,0.0
1626895992000,0.0
1626896022000,0.0
1626896052000,0.0
1626896082000,0.0
1626896112000,0.0
1626896142000,0.0
1626896172000,0.0
1626896202000,0.0
1626896232000,0.0
1626896262000,0.0
1626896292000,0.0
1626896322000,0.0
1626896352000,0.0
1626896382000,0.0
1626896412000,0.0
1626896442000,0.0
1626896472000,0.0
1626896502000,0.0
1626896532000,0.0
1626896562000,0.0
1626896592000,0.0
1626896622000,0.0
1626896652000,0.0
1626896682000,0.0
1626896712000,0.0
1626896742000,0.0
1626896772000,0.0
1626896802000,0.0
1626896832000,0.0
1626896862000,0.0
1626896892000,0.0
1626896922000,0.0
1626896952000,0.0
1626896982000,0.0
1626897012000,0.0
1626897042000,0.0
1626897072000,0.0
1626897102000,0.0
1626897132000,0.0
1626897162000,0.0
1626897192000,0.0
1626897222000,0.0
1626897252000,0.0
1626897282000,0.0
1626897312000,0.0
1626897342000,0.0
1626897372000,0.0
1626897402000,0.00032884907975460123
1626897432000,0.0
1626897462000,0.0
1626897492000,0.0
1626897522000,0.0
1626897552000,0.0
1626897582000,0.0
1626897612000,0.0
1626897642000,0.0
1626897672000,0.0
1626897702000,0.0
1626897732000,0.0
1626897762000,0.0
1626897792000,0.0
1626897822000,0.0
1626897852000,0.0
1626897882000,0.0
1626897912000,0.0
1626897942000,0.0
1626897972000,0.0
1626898002000,0.0
1626898032000,0.0
1626898062000,0.0
1626898092000,0.0
1626898122000,0.0
1626898152000,0.0
1626898182000,0.0
1626898212000,0.0
1626898242000,0.0
1626898272000,0.0
1626898302000,0.0
1626898332000,0.0
1626898362000,0.0
1626898392000,0.0
1626898422000,0.0
1626898452000,0.0
1626898482000,0.0
1626898512000,0.0
1626898542000,0.0
1626898572000,0.0
1626898602000,0.0
1626898632000,0.0
1626898662000,0.0
1626898692000,0.0
1626898722000,0.0
1626898752000,0.0
1626898782000,0.0
1626898812000,0.0
1626898842000,0.0
1626898872000,0.0
1626898902000,0.0
1626898932000,0.0
1626898962000,0.0
1626898992000,0.0
1626899022000,0.0
1626899052000,0.0
1626899082000,0.0
1626899112000,0.0
1626899142000,0.0
1626899172000,0.0
1626899202000,0.0
1626899232000,0.0
1626899262000,0.0
1626899292000,0.0
1626899322000,0.0
1626899352000,0.0
1626899382000,0.0
1626899412000,0.0
1626899442000,0.0
1626899472000,0.0
1626899502000,0.0
1626899532000,0.0
1626899562000,0.0
1626899592000,0.0
1626899622000,0.0
1626899652000,0.0
1626899682000,0.0
1626899712000,0.0
1626899742000,0.0
1626899772000,0.0
1626899802000,0.0
1626899832000,0.0
1626899862000,0.0
1626899892000,0.0
1626899922000,0.0
1626899952000,0.0
1626899982000,0.0
1626900012000,0.0
1626900042000,0.0
1626900072000,0.0
1626900102000,0.0
1626900132000,0.0
1626900162000,0.0
1626900192000,0.0
1626900222000,0.0
1626900252000,0.0
1626900282000,0.0
1626900312000,0.0
1626900342000,0.0
1626900372000,0.0
1626900402000,0.0
1626900432000,0.0
1626900462000,0.0
1626900492000,0.0
1626900522000,0.0
1626900552000,0.0
1626900582000,0.0
1626900612000,0.0
1626900642000,0.0
1626900672000,0.0
1626900702000,0.0
1626900732000,0.0
1626900762000,0.0
1626900792000,0.0
1626900822000,0.0
1626900852000,0.0
1626900882000,0.0
1626900912000,0.0
1626900942000,0.0
1626900972000,0.0
1626901002000,0.0
1626901032000,0.0
1626901062000,0.0
1626901092000,0.0
1626901122000,0.0
1626901152000,0.0
1626901182000,0.0
1626901212000,0.0
1626901242000,0.0
1626901272000,0.0
1626901302000,0.0
1626901332000,0.0
1626901362000,0.0
1626901392000,0.0
1626901422000,0.0
1626901452000,0.0
1626901482000,0.0
1626901512000,0.0
1626901542000,0.0
1626901572000,0.0
1626901602000,1.788780487804878e-05
1626901632000,0.0
1626901662000,0.0
1626901692000,0.0
1626901722000,0.0
1626901752000,0.0
1626901782000,0.0
1626901812000,0.0
1626901842000,0.0
1626901872000,0.0
1626901902000,0.0
1626901932000,0.0
1626901962000,0.0
1626901992000,0.0
1626902022000,0.0
1626902052000,0.0
1626902082000,0.0
1626902112000,0.0
1626902142000,0.0
1626902172000,0.0
1626902202000,0.0
1626902232000,0.0
1626902262000,0.0
1626902292000,0.0
1626902322000,0.0
1626902352000,0.0
1626902382000,0.0
1626902412000,0.0
1626902442000,0.0
1626902472000,0.0
1626902502000,0.0
1626902532000,0.0
1626902562000,0.0
1626902592000,0.0
1626902622000,0.0
1626902652000,0.0
1626902682000,0.0
1626902712000,0.0
1626902742000,0.0
1626902772000,0.0
1626902802000,0.0
1626902832000,0.0
1626902862000,0.0
1626902892000,0.0
1626902922000,0.0
1626902952000,0.0
1626902982000,0.0002639302663438257
1626903012000,0.0
1626903042000,0.0
1626903072000,0.0
1626903102000,0.0
1626903132000,0.0
1626903162000,0.0
1626903192000,0.0
1626903222000,0.0
1626903252000,0.0
1626903282000,0.0
1626903312000,0.0
1626903342000,0.0
1626903372000,9.638300418910832e-05
1626903402000,0.0005395532846715329
1626903432000,0.0
1626903462000,0.0
1626903492000,0.0
1626903522000,0.0
1626903552000,0.0
1626903582000,0.00028373791411042944
1626903612000,0.0
1626903642000,0.0
1626903672000,0.0
1626903702000,0.0
1626903732000,0.0
1626903762000,0.0
1626903792000,0.0
1626903822000,0.0
1626903852000,0.0
1626903882000,0.0
1626903912000,0.0
1626903942000,0.0
1626903972000,0.0
1626904002000,0.0002836587951807229
1626904032000,1.7190675433353257e-05
1626904062000,0.0
1626904092000,0.0
1626904122000,0.0
1626904152000,0.0
1626904182000,0.0
1626904212000,0.0
1626904242000,0.0
1626904272000,0.0
1626904302000,0.0
1626904332000,0.0
1626904362000,0.0
1626904392000,0.0
1626904422000,0.0
1626904452000,0.0
1626904482000,0.0
1626904512000,0.0
1626904542000,0.0
1626904572000,0.0
1626904602000,0.0
1626904632000,0.0
1626904662000,0.0
1626904692000,0.0
1626904722000,0.0
1626904752000,0.0
1626904782000,0.0
1626904812000,0.0
1626904842000,0.0
1626904872000,0.0
1626904902000,0.0
1626904932000,0.0
1626904962000,0.0
1626904992000,0.0
1626905022000,0.0
1626905052000,0.0
1626905082000,0.0
1626905112000,0.0
1626905142000,0.0
1626905172000,0.0
1626905202000,0.0
1626905232000,0.0
1626905262000,0.0
1626905292000,0.0
1626905322000,0.0
1626905352000,0.0
1626905382000,0.0
1626905412000,0.0
1626905442000,0.0
1626905472000,0.0
1626905502000,0.0
1626905532000,0.0
1626905562000,0.0
1626905592000,0.0
1626905622000,0.0
1626905652000,0.0
1626905682000,0.0
1626905712000,0.0
1626905742000,0.0
1626905772000,0.0
1626905802000,0.0
1626905832000,0.0
1626905862000,0.0
1626905892000,0.0
1626905922000,0.0
1626905952000,0.0
1626905982000,0.0
1626906012000,0.0
1626906042000,0.0
1626906072000,0.0
1626906102000,0.0
1626906132000,0.0
1626906162000,0.0
1626906192000,0.0
1626906222000,0.0
1626906252000,0.0
1626906282000,0.0
1626906312000,0.0
1626906342000,0.0
1626906372000,0.0
1626906402000,0.0
1626906432000,0.0
1626906462000,0.0
1626906492000,0.0
1626906522000,0.0
1626906552000,0.0
1626906582000,0.0
1626906612000,0.0
1626906642000,0.0
1626906672000,0.0
1626906702000,0.0
1626906732000,0.0
1626906762000,0.0
1626906792000,0.0
1626906822000,0.0
1626906852000,0.0
1626906882000,0.0
1626906912000,0.0
1626906942000,0.0
1626906972000,0.0
1626907002000,0.0
1626907032000,0.0
1626907062000,0.0
1626907092000,0.0
1626907122000,0.0
1626907152000,0.0
1626907182000,0.0
1626907212000,0.0
1626907242000,0.0
1626907272000,0.0
1626907302000,0.0
1626907332000,0.0
1626907362000,0.0
1626907392000,0.0
1626907422000,0.0
1626907452000,0.0
1626907482000,0.0
1626907512000,0.0
1626907542000,0.0
1626907572000,0.0
1626907602000,0.0
1626907632000,0.0
1626907662000,0.0
1626907692000,0.0
1626907722000,0.0
1626907752000,0.0
1626907782000,0.0
1626907812000,0.0
1626907842000,0.0
1626907872000,0.0
1626907902000,0.0
1626907932000,0.0
1626907962000,0.0
1626907992000,0.0
1626908022000,0.0
1626908052000,0.0
1626908082000,2.167810794420861e-05
1626908112000,0.0
1626908142000,0.0
1626908172000,0.0
1626908202000,0.0
1626908232000,0.0
1626908262000,0.0
1626908292000,0.0
1626908322000,0.0
1626908352000,0.0
1626908382000,0.0
1626908412000,0.0
1626908442000,0.0
1626908472000,0.0
1626908502000,0.0
1626908532000,0.0
1626908562000,0.0
1626908592000,0.0
1626908622000,0.0
1626908652000,0.0
1626908682000,0.0
1626908712000,0.0
1626908742000,0.0
1626908772000,0.0
1626908802000,0.0
1626908832000,0.0
1626908862000,0.0
1626908892000,0.0
1626908922000,0.0
1626908952000,0.0
1626908982000,0.0
1626909012000,0.0
1626909042000,0.0
1626909072000,0.0
1626909102000,0.0
1626909132000,0.0
1626909162000,0.0
1626909192000,0.0
1626909222000,0.0
1626909252000,0.0
1626909282000,0.0
1626909312000,0.0
1626909342000,0.0
1626909372000,0.0
1626909402000,0.0
1626909432000,0.0
1626909462000,0.0
1626909492000,0.0
1626909522000,0.0
1626909552000,0.0
1626909582000,0.0
1626909612000,0.0
1626909642000,0.0
1626909672000,0.0
1626909702000,0.0
1626909732000,0.0
1626909762000,0.0
1626909792000,0.0
1626909822000,0.0
1626909852000,0.0
1626909882000,0.0
1626909912000,0.0
1626909942000,0.0
1626909972000,0.0
1626910002000,0.0
1626910032000,0.0
1626910062000,0.0
1626910092000,0.0
1626910122000,0.0
1626910152000,0.0
1626910182000,0.0
1626910212000,0.0
1626910242000,0.0
1626910272000,0.0
1626910302000,0.0
1626910332000,0.0
1626910362000,0.0
1626910392000,0.0
1626910422000,0.0
1626910452000,0.0
1626910482000,0.0
1626910512000,0.0
1626910542000,0.0
1626910572000,0.0
1626910602000,0.0
1626910632000,0.0
1626910662000,0.0
1626910692000,0.0
1626910722000,0.0
1626910752000,0.0
1626910782000,0.0
1626910812000,0.0005776275862068965
1626910842000,0.0
1626910872000,0.0
1626910902000,0.0
1626910932000,0.0
1626910962000,0.0
1626910992000,0.0
1626911022000,0.0
1626911052000,0.0
1626911082000,0.0
1626911112000,0.0
1626911142000,0.0
1626911172000,0.0
1626911202000,0.0
1626911232000,0.0
1626911262000,0.0
1626911292000,0.0
1626911322000,0.0
1626911352000,0.0
1626911382000,0.0
1626911412000,0.0
1626911442000,0.0
1626911472000,0.0
1626911502000,0.0
1626911532000,0.0
1626911562000,0.0
1626911592000,0.0
1626911622000,0.0
1626911652000,0.0
1626911682000,0.0
1626911712000,0.0
1626911742000,0.0
1626911772000,0.0
1626911802000,0.0
1626911832000,0.0
1626911862000,0.0
1626911892000,0.0
1626911922000,0.0
1626911952000,0.0
1626911982000,0.0
1626912012000,0.0
1626912042000,0.0
1626912072000,0.0
1626912102000,0.0
1626912132000,0.0
1626912162000,0.0
1626912192000,0.0
1626912222000,0.0
1626912252000,0.0
1626912282000,0.0
1626912312000,0.0
1626912342000,0.0
1626912372000,0.0
1626912402000,0.0
1626912432000,0.0
1626912462000,0.0
1626912492000,0.0
1626912522000,0.0
1626912552000,0.0
1626912582000,0.0
1626912612000,0.0
1626912642000,0.0
1626912672000,0.0
1626912702000,0.0
1626912732000,0.0
1626912762000,0.0
1626912792000,0.0
1626912822000,0.0
1626912852000,0.0
1626912882000,0.0
1626912912000,0.0
1626912942000,0.0
1626912972000,0.0
1626913002000,0.0
1626913032000,0.0
1626913062000,0.0
1626913092000,0.0
1626913122000,0.0
1626913152000,0.0
1626913182000,0.0
1626913212000,0.0
1626913242000,0.0
1626913272000,0.0
1626913302000,0.0
1626913332000,0.0
1626913362000,0.0
1626913392000,0.0
1626913422000,0.0
1626913452000,0.0
1626913482000,0.0
1626913512000,0.0
1626913542000,0.0
1626913572000,0.0
1626913602000,0.0
1626913632000,0.0
1626913662000,0.0
1626913692000,0.0
1626913722000,0.0
1626913752000,0.0
1626913782000,0.0
1626913812000,0.0
1626913842000,0.0
1626913872000,0.0
1626913902000,0.0
1626913932000,0.0
1626913962000,0.0
1626913992000,0.0
1626914022000,0.0
1626914052000,0.0
1626914082000,0.0
1626914112000,0.0
1626914142000,0.0
1626914172000,0.0
1626914202000,0.0
1626914232000,0.0
1626914262000,0.0
1626914292000,0.0
1626914322000,0.0
1626914352000,0.0
1626914382000,0.0
1626914412000,0.0
1626914442000,0.0
1626914472000,0.0
1626914502000,0.0
1626914532000,0.0
1626914562000,0.0
1626914592000,0.0
1626914622000,0.0
1626914652000,0.0
1626914682000,0.0
1626914712000,0.0
1626914742000,0.0
1626914772000,0.0
1626914802000,0.0
1626914832000,0.0
1626914862000,0.0
1626914892000,0.0
1626914922000,0.0
1626914952000,0.0
1626914982000,0.0
1626915012000,0.0
1626915042000,0.0
1626915072000,0.0
1626915102000,0.0
1626915132000,0.0
1626915162000,0.0
1626915192000,0.0
1626915222000,0.0
1626915252000,0.0
1626915282000,0.0
1626915312000,0.0
1626915342000,0.0
1626915372000,0.0
1626915402000,0.0
1626915432000,0.0
1626915462000,0.0
1626915492000,0.0
1626915522000,0.0
1626915552000,0.0
1626915582000,0.0
1626915612000,0.0
1626915642000,0.0
1626915672000,0.0
1626915702000,0.0
1626915732000,0.0
1626915762000,0.0
1626915792000,0.0
1626915822000,0.0
1626915852000,0.0
1626915882000,0.0
1626915912000,0.0
1626915942000,0.0
1626915972000,0.0
1626916002000,0.0
1626916032000,0.0
1626916062000,0.0
1626916092000,0.0
1626916122000,0.0
1626916152000,0.0
1626916182000,0.0
1626916212000,0.0
1626916242000,0.0
1626916272000,0.0
1626916302000,0.0
1626916332000,0.0
1626916362000,0.0
1626916392000,0.0
1626916422000,0.0
1626916452000,0.0
1626916482000,0.0
1626916512000,0.0
1626916542000,0.0
1626916572000,0.0
1626916602000,0.0
1626916632000,0.0
1626916662000,0.0
1626916692000,0.0
1626916722000,0.0
1626916752000,0.0
1626916782000,0.0
1626916812000,0.0
1626916842000,0.0
1626916872000,0.0
1626916902000,0.0
1626916932000,0.0
1626916962000,0.0
1626916992000,0.0
1626917022000,0.0
1626917052000,0.0
1626917082000,0.0
1626917112000,0.0
1626917142000,0.0
1626917172000,0.0
1626917202000,0.0
1626917232000,0.0
1626917262000,0.0
1626917292000,0.0
1626917322000,0.0
1626917352000,0.0
1626917382000,0.0
1626917412000,0.0
1626917442000,0.0
1626917472000,0.0
1626917502000,0.0
1626917532000,0.0
1626917562000,0.0
1626917592000,0.0
1626917622000,0.0
1626917652000,0.0
1626917682000,0.0
1626917712000,0.0
1626917742000,0.0
1626917772000,0.0
1626917802000,0.0
1626917832000,0.0
1626917862000,0.0
1626917892000,0.0
1626917922000,0.0
1626917952000,0.0
1626917982000,0.0
1626918012000,0.0
1626918042000,0.0
1626918072000,0.0
1626918102000,0.0
1626918132000,0.0
1626918162000,0.0
1626918192000,0.0
1626918222000,0.0
1626918252000,0.0
1626918282000,0.0
1626918312000,0.0
1626918342000,0.0
1626918372000,0.0
1626918402000,0.0
1626918432000,0.0
1626918462000,0.0
1626918492000,0.0
1626918522000,0.0
1626918552000,0.0
1626918582000,0.0
1626918612000,0.0
1626918642000,0.0
1626918672000,0.0
1626918702000,0.0
1626918732000,0.0
1626918762000,0.0
1626918792000,0.0
1626918822000,0.0
1626918852000,0.0
1626918882000,0.0
1626918912000,0.0
1626918942000,0.0
1626918972000,0.0
1626919002000,0.0
1626919032000,0.0
1626919062000,0.0
1626919092000,0.0
1626919122000,0.0
1626919152000,0.0
1626919182000,0.0
1626919212000,0.0
1626919242000,0.0
1626919272000,0.0
1626919302000,0.0
1626919332000,0.0
1626919362000,0.0
1626919392000,0.0
1626919422000,0.0
1626919452000,0.0
1626919482000,0.0
1626919512000,0.0
1626919542000,0.0
1626919572000,0.0
1626919602000,0.0
1626919632000,0.0
1626919662000,0.0
1626919692000,0.0
1626919722000,0.0
1626919752000,0.0
1626919782000,0.0
1626919812000,0.0
1626919842000,0.0
1626919872000,0.0
1626919902000,0.0
1626919932000,0.0
1626919962000,0.0
1626919992000,0.0
1626920022000,0.0
1626920052000,0.0
1626920082000,0.0
1626920112000,0.0
1626920142000,0.0
1626920172000,0.0
1626920202000,0.0
1626920232000,0.0
1626920262000,0.0
1626920292000,0.0
1626920322000,0.0
1626920352000,0.0
1626920382000,0.0
1626920412000,0.0
1626920442000,0.0
1626920472000,0.0
1626920502000,0.0
1626920532000,0.0
1626920562000,0.0
1626920592000,0.0
1626920622000,0.0
1626920652000,0.0
1626920682000,0.0
1626920712000,0.0
1626920742000,0.0
1626920772000,0.0
1626920802000,0.0
1626920832000,0.0
1626920862000,0.0
1626920892000,0.0
1626920922000,0.0
1626920952000,0.0
1626920982000,0.0
1626921012000,0.0
1626921042000,0.0
1626921072000,0.0
1626921102000,0.0
1626921132000,0.0
1626921162000,0.0
1626921192000,0.0
1626921222000,0.0
1626921252000,0.0
1626921282000,0.0
1626921312000,0.0
1626921342000,0.0
1626921372000,0.0
1626921402000,0.0
1626921432000,0.0
1626921462000,0.0
1626921492000,0.0
1626921522000,0.0
1626921552000,0.0
1626921582000,0.0
1626921612000,0.0
1626921642000,0.0
1626921672000,0.0
1626921702000,0.0
1626921732000,0.0
1626921762000,0.0
1626921792000,0.0
1626921822000,0.0
1626921852000,0.0
1626921882000,0.0
1626921912000,0.0
1626921942000,0.0
1626921972000,0.0
1626922002000,0.0
1626922032000,0.0
1626922062000,0.0
1626922092000,0.0
1626922122000,0.0
1626922152000,0.0
1626922182000,0.0
1626922212000,0.0
1626922242000,0.0
1626922272000,0.0
1626922302000,0.0
1626922332000,0.0
1626922362000,8.360048721071864e-05
1626922392000,0.0
1626922422000,0.0
1626922452000,0.0
1626922482000,0.0
1626922512000,0.0
1626922542000,0.0
1626922572000,0.0
1626922602000,0.0
1626922632000,0.0
1626922662000,0.0
1626922692000,0.0
1626922722000,0.0
1626922752000,0.0
1626922782000,0.0
1626922812000,0.0
1626922842000,0.0
1626922872000,0.0
1626922902000,0.0
1626922932000,0.0
1626922962000,0.0
1626922992000,0.0
1626923022000,0.0
1626923052000,0.0
1626923082000,0.0
1626923112000,0.0
1626923142000,0.0
1626923172000,0.0
1626923202000,0.0
1626923232000,0.0
1626923262000,0.0
1626923292000,0.0
1626923322000,0.0
1626923352000,0.0
1626923382000,0.0
1626923412000,0.0
1626923442000,0.0
1626923472000,0.0
1626923502000,0.0
1626923532000,0.0
1626923562000,0.0
1626923592000,0.0
1626923622000,0.0
1626923652000,0.0
1626923682000,0.0
1626923712000,0.0
1626923742000,0.0
1626923772000,0.0
1626923802000,0.0
1626923832000,0.0
1626923862000,0.0
1626923892000,0.0
1626923922000,0.0
1626923952000,0.0
1626923982000,0.0
1626924012000,0.0
1626924042000,0.0
1626924072000,0.0
1626924102000,0.0
1626924132000,0.0
1626924162000,0.0
1626924192000,0.0
1626924222000,0.0
1626924252000,0.0
1626924282000,0.0
1626924312000,0.0
1626924342000,0.0
1626924372000,0.0
1626924402000,0.0
1626924432000,0.0
1626924462000,0.0
1626924492000,0.0
1626924522000,0.0
1626924552000,0.0
1626924582000,0.0
1626924612000,0.0
1626924642000,0.0
1626924672000,0.0
1626924702000,0.0
1626924732000,0.0
1626924762000,0.0
1626924792000,0.0
1626924822000,0.0
1626924852000,0.0
1626924882000,0.0
1626924912000,0.0
1626924942000,0.0
1626924972000,0.0
1626925002000,0.0
1626925032000,0.0
1626925062000,0.0
1626925092000,0.0
1626925122000,0.0
1626925152000,0.0
1626925182000,0.0
1626925212000,0.0
1626925242000,0.0
1626925272000,0.0
1626925302000,0.0
1626925332000,0.0
1626925362000,0.0
1626925392000,0.0
1626925422000,0.0
1626925452000,0.0
1626925482000,1.2955701492537314e-05
1626925512000,0.0
1626925542000,0.0
1626925572000,0.0
1626925602000,0.0
1626925632000,0.0
1626925662000,0.0
1626925692000,0.0
1626925722000,0.0
1626925752000,0.0
1626925782000,0.0
1626925812000,0.0
1626925842000,0.0
1626925872000,0.0
1626925902000,0.0
1626925932000,0.0
1626925962000,0.0
1626925992000,0.0
1626926022000,0.0
1626926052000,0.0
1626926082000,0.0
1626926112000,0.0
1626926142000,0.0
1626926172000,0.0
1626926202000,0.0
1626926232000,0.0
1626926262000,0.0
1626926292000,0.0
1626926322000,0.0
1626926352000,0.0
1626926382000,0.0
1626926412000,0.0
1626926442000,0.0
1626926472000,0.0
1626926502000,0.0
1626926532000,0.0
1626926562000,0.0
1626926592000,0.0
1626926622000,0.0
1626926652000,0.0
1626926682000,0.0
1626926712000,0.0
1626926742000,0.0
1626926772000,0.0
1626926802000,0.0
1626926832000,0.0
1626926862000,0.0
1626926892000,0.0
1626926922000,0.0
1626926952000,0.0
1626926982000,0.0
1626927012000,0.0
1626927042000,0.0
1626927072000,0.0
1626927102000,0.0
1626927132000,0.0
1626927162000,0.0
1626927192000,0.0
1626927222000,0.0
1626927252000,0.0
1626927282000,0.0
1626927312000,0.0
1626927342000,0.0
1626927372000,0.0
1626927402000,0.0
1626927432000,0.0
1626927462000,0.0
1626927492000,0.0
1626927522000,0.0
1626927552000,0.0
1626927582000,0.0
1626927612000,0.0
1626927642000,0.0
1626927672000,0.0
1626927702000,0.0
1626927732000,0.0
1626927762000,0.0
1626927792000,0.0
1626927822000,0.0
1626927852000,0.0
1626927882000,0.0
1626927912000,0.0
1626927942000,0.0
1626927972000,0.0
1626928002000,0.0
1626928032000,0.0
1626928062000,0.0
1626928092000,0.0
1626928122000,0.0
1626928152000,0.0
1626928182000,0.0
1626928212000,0.0
1626928242000,0.0
1626928272000,0.0
1626928302000,0.0
1626928332000,0.0
1626928362000,0.0
1626928392000,0.0
1626928422000,0.0
1626928452000,0.0
1626928482000,0.0
1626928512000,0.0
1626928542000,0.0
1626928572000,0.0
1626928602000,0.0
1626928632000,0.0
1626928662000,0.0
1626928692000,0.0
1626928722000,0.0
1626928752000,0.0
1626928782000,0.0
1626928812000,0.0
1626928842000,0.0
1626928872000,0.0
1626928902000,0.0
1626928932000,0.0
1626928962000,0.0
1626928992000,0.0
1626929022000,0.0
1626929052000,0.0
1626929082000,0.0
1626929112000,0.0
1626929142000,0.0
1626929172000,0.0
1626929202000,0.0
1626929232000,0.0
1626929262000,0.0
1626929292000,0.0
1626929322000,0.0
1626929352000,0.0
1626929382000,0.0
1626929412000,0.0
1626929442000,0.0
1626929472000,0.0
1626929502000,0.0
1626929532000,0.0
1626929562000,0.0
1626929592000,0.0
1626929622000,0.0
1626929652000,0.0
1626929682000,0.0
1626929712000,0.0
1626929742000,0.0
1626929772000,0.0
1626929802000,0.0
1626929832000,0.0
1626929862000,0.0
1626929892000,0.0
1626929922000,0.0
1626929952000,0.0
1626929982000,0.0
1626930012000,0.0
1626930042000,0.0
1626930072000,0.0
1626930102000,0.0
1626930132000,0.0
1626930162000,0.0
1626930192000,0.0
1626930222000,0.0
1626930252000,0.0
1626930282000,0.0
1626930312000,0.0
1626930342000,0.0
1626930372000,0.0
1626930402000,0.00015067384799521245
1626930432000,0.0
1626930462000,0.0
1626930492000,0.0
1626930522000,0.0
1626930552000,0.0
1626930582000,0.0
1626930612000,0.0
1626930642000,0.0
1626930672000,0.0
1626930702000,0.0
1626930732000,0.0
1626930762000,0.0
1626930792000,0.0
1626930822000,0.0
1626930852000,0.0
1626930882000,0.0
1626930912000,0.0
1626930942000,0.0
1626930972000,0.0
1626931002000,0.0
1626931032000,0.0
1626931062000,0.0
1626931092000,0.0
1626931122000,0.0
1626931152000,0.0
1626931182000,0.0
1626931212000,0.0
1626931242000,0.0
1626931272000,0.0
1626931302000,0.0
1626931332000,0.0
1626931362000,0.0
1626931392000,0.0
1626931422000,0.0
1626931452000,0.0
1626931482000,0.0
1626931512000,0.0
1626931542000,0.0
1626931572000,0.0
1626931602000,0.0
1626931632000,0.0
1626931662000,0.0
1626931692000,0.0
1626931722000,0.0
1626931752000,0.0
1626931782000,0.0
1626931812000,0.0
1626931842000,0.0
1626931872000,0.0
1626931902000,0.0
1626931932000,0.0
1626931962000,0.0
1626931992000,0.0
1626932022000,0.0
1626932052000,0.0
1626932082000,0.0
1626932112000,0.0
1626932142000,0.0
1626932172000,0.0
1626932202000,0.0
1626932232000,0.0
1626932262000,0.0
1626932292000,0.0
1626932322000,0.0
1626932352000,0.0
1626932382000,0.0
1626932412000,0.0
1626932442000,0.0
1626932472000,0.0
1626932502000,0.0
1626932532000,0.0
1626932562000,0.0
1626932592000,0.0
1626932622000,0.0
1626932652000,0.0
1626932682000,0.0
1626932712000,0.0
1626932742000,0.0
1626932772000,0.0
1626932802000,0.0
1626932832000,0.0
1626932862000,0.0
1626932892000,0.0
1626932922000,0.0
1626932952000,0.0
1626932982000,0.0
1626933012000,0.0
1626933042000,0.0
1626933072000,0.0
1626933102000,0.0
1626933132000,0.0
1626933162000,0.0
1626933192000,0.0
1626933222000,0.0
1626933252000,0.0
1626933282000,0.0
1626933312000,0.0
1626933342000,0.0
1626933372000,0.0
1626933402000,0.0
1626933432000,0.0
1626933462000,0.0
1626933492000,0.0
1626933522000,0.0
1626933552000,0.0
1626933582000,0.0
1626933612000,0.0
1626933642000,0.0
1626933672000,0.0
1626933702000,0.0
1626933732000,0.0
1626933762000,0.0
1626933792000,0.0
1626933822000,0.0
1626933852000,0.0
1626933882000,0.0
1626933912000,0.0
1626933942000,0.0
1626933972000,0.0
1626934002000,0.0
1626934032000,0.0
1626934062000,0.0
1626934092000,0.0
1626934122000,0.0
1626934152000,0.0
1626934182000,0.0
1626934212000,0.0
1626934242000,0.0
1626934272000,0.0
1626934302000,0.0
1626934332000,0.0
1626934362000,0.0
1626934392000,0.0
1626934422000,0.0
1626934452000,0.0
1626934482000,0.0
1626934512000,0.0
1626934542000,0.0
1626934572000,0.0
1626934602000,0.0
1626934632000,0.0
1626934662000,0.0
1626934692000,0.0
1626934722000,0.0
1626934752000,0.0
1626934782000,0.0
1626934812000,0.0
1626934842000,0.0
1626934872000,0.0
1626934902000,0.0
1626934932000,0.0
1626934962000,1.6529071911493545e-05
1626934992000,0.0
1626935022000,0.0
1626935052000,0.0
1626935082000,0.0
1626935112000,0.0
1626935142000,0.0
1626935172000,0.0
1626935202000,0.0
1626935232000,0.0
1626935262000,0.0
1626935292000,0.0
1626935322000,0.0
1626935352000,0.0
1626935382000,0.0
1626935412000,0.0
1626935442000,0.0
1626935472000,0.0
1626935502000,0.0
1626935532000,0.0
1626935562000,0.0
1626935592000,0.0
1626935622000,0.0
1626935652000,0.0
1626935682000,0.0
1626935712000,0.0
1626935742000,0.0
1626935772000,0.0
1626935802000,0.0
1626935832000,0.0
1626935862000,0.0
1626935892000,0.0
1626935922000,0.0
1626935952000,0.0
1626935982000,0.0
1626936012000,0.0
1626936042000,0.0
1626936072000,0.0
1626936102000,0.0
1626936132000,0.0
1626936162000,0.0
1626936192000,0.0
1626936222000,0.0
1626936252000,0.0
1626936282000,0.0
1626936312000,0.0
1626936342000,0.0
1626936372000,0.0
1626936402000,0.0
1626936432000,0.0
1626936462000,0.0
1626936492000,0.0
1626936522000,0.0
1626936552000,0.0
1626936582000,0.0
1626936612000,0.0
1626936642000,0.0
1626936672000,0.0
1626936702000,0.0
1626936732000,0.0
1626936762000,0.0
1626936792000,0.0
1626936822000,0.0
1626936852000,0.0
1626936882000,0.0
1626936912000,0.0
1626936942000,0.0
1626936972000,0.0
1626937002000,0.0
1626937032000,0.0
1626937062000,0.0
1626937092000,0.0
1626937122000,0.0
1626937152000,0.0
1626937182000,0.0
1626937212000,0.0
1626937242000,0.0
1626937272000,0.0
1626937302000,0.0
1626937332000,0.0
1626937362000,0.0
1626937392000,0.0
1626937422000,0.0
1626937452000,0.0
1626937482000,0.0
1626937512000,0.0
1626937542000,0.0
1626937572000,0.0
1626937602000,0.0
1626937632000,0.0
1626937662000,0.0
1626937692000,0.0
1626937722000,0.0
1626937752000,0.0
1626937782000,0.0
1626937812000,0.0
1626937842000,0.0
1626937872000,0.0
1626937902000,0.0
1626937932000,0.0
1626937962000,0.0
1626937992000,0.0
1626938022000,0.0
1626938052000,0.0
1626938082000,0.0
1626938112000,0.0
1626938142000,0.0
1626938172000,0.0
1626938202000,0.0
1626938232000,0.0
1626938262000,0.0
1626938292000,0.0
1626938322000,0.0
1626938352000,0.0
1626938382000,0.0
1626938412000,0.0
1626938442000,0.0
1626938472000,0.0
1626938502000,0.0
1626938532000,0.0
1626938562000,0.0
1626938592000,0.0
1626938622000,0.0
1626938652000,0.0
1626938682000,0.0
1626938712000,0.0
1626938742000,0.0
1626938772000,0.0
1626938802000,0.0
1626938832000,0.0
1626938862000,0.0
1626938892000,0.0
1626938922000,0.0
1626938952000,0.0
1626938982000,0.0
1626939012000,0.0
1626939042000,0.0
1626939072000,0.0
1626939102000,0.0
1626939132000,0.0
1626939162000,0.0
1626939192000,0.0
1626939222000,0.0
1626939252000,0.0
1626939282000,0.0
1626939312000,0.0
1626939342000,0.0
1626939372000,0.0
1626939402000,0.0
1626939432000,0.0
1626939462000,0.0
1626939492000,0.0
1626939522000,0.0
1626939552000,0.0
1626939582000,0.0
1626939612000,0.0
1626939642000,0.0
1626939672000,0.0
1626939702000,0.0
1626939732000,0.0
1626939762000,0.0
1626939792000,0.0
1626939822000,0.0
1626939852000,0.0
1626939882000,0.0
1626939912000,0.0
1626939942000,0.0
1626939972000,0.0
1626940002000,0.0
1626940032000,0.0
1626940062000,0.0
1626940092000,0.0
1626940122000,0.0
1626940152000,0.0
1626940182000,0.0
1626940212000,0.0
1626940242000,0.0
1626940272000,0.0
1626940302000,0.0
1626940332000,0.0
1626940362000,0.0
1626940392000,0.0
1626940422000,0.0
1626940452000,0.0
1626940482000,0.0
1626940512000,0.0
1626940542000,0.0
1626940572000,0.0
1626940602000,0.0
1626940632000,0.0
1626940662000,0.0
1626940692000,0.0
1626940722000,0.0
1626940752000,0.0
1626940782000,0.0
1626940812000,0.0
1626940842000,0.0
1626940872000,0.0
1626940902000,0.0
1626940932000,0.0
1626940962000,0.0
1626940992000,0.0
1626941022000,0.0
1626941052000,0.0
1626941082000,0.0
1626941112000,0.0
1626941142000,0.0
1626941172000,0.0
1626941202000,0.0
1626941232000,0.0
1626941262000,0.0
1626941292000,0.0
1626941322000,0.0
1626941352000,0.0
1626941382000,0.0
1626941412000,0.0
1626941442000,0.0
1626941472000,0.0
1626941502000,0.0
1626941532000,0.0
1626941562000,0.0
1626941592000,0.0
1626941622000,0.0
1626941652000,0.0
1626941682000,0.0
1626941712000,0.0
1626941742000,0.0
1626941772000,0.0
1626941802000,0.0
1626941832000,0.0
1626941862000,0.0
1626941892000,0.0
1626941922000,0.0
1626941952000,0.0
1626941982000,0.0
1626942012000,0.0
1626942042000,0.0
1626942072000,0.0
1626942102000,0.0
1626942132000,0.0
1626942162000,0.0
1626942192000,0.0
1626942222000,0.0
1626942252000,0.0
1626942282000,0.0
1626942312000,0.0
1626942342000,0.0
1626942372000,0.0
1626942402000,0.0
1626942432000,0.0
1626942462000,0.0
1626942492000,0.0
1626942522000,0.0
1626942552000,0.0
1626942582000,0.0
1626942612000,0.0
1626942642000,0.0
1626942672000,0.0
1626942702000,0.0
1626942732000,0.0
1626942762000,0.0
1626942792000,0.0
1626942822000,0.0
1626942852000,0.0
1626942882000,0.0
1626942912000,0.0
1626942942000,0.0
1626942972000,0.0
1626943002000,0.0
1626943032000,0.0
1626943062000,0.0
1626943092000,0.0
1626943122000,0.0
1626943152000,0.0
1626943182000,0.0
1626943212000,0.0
1626943242000,0.0
1626943272000,0.0
1626943302000,0.0
1626943332000,0.0
1626943362000,0.0
1626943392000,0.0
1626943422000,0.0
1626943452000,0.0
1626943482000,0.0
1626943512000,0.0
1626943542000,0.0
1626943572000,0.0
1626943602000,0.0
1626943632000,0.0
1626943662000,0.0
1626943692000,0.0
1626943722000,0.0
1626943752000,0.0
1626943782000,0.0
1626943812000,0.0
1626943842000,0.0
1626943872000,0.0
1626943902000,0.0
1626943932000,0.0
1626943962000,0.0
1626943992000,0.0
1626944022000,0.0
1626944052000,0.0
1626944082000,0.0
1626944112000,0.0
1626944142000,0.0
1626944172000,0.0
1626944202000,0.0
1626944232000,0.0
1626944262000,0.0
1626944292000,0.0
1626944322000,0.0
1626944352000,0.0
1626944382000,0.0
1626944412000,0.0
1626944442000,0.0
1626944472000,0.0
1626944502000,0.0
1626944532000,0.0
1626944562000,0.0
1626944592000,0.0
1626944622000,0.0
1626944652000,0.0
1626944682000,0.0
1626944712000,0.0
1626944742000,0.0
1626944772000,0.0
1626944802000,0.0
1626944832000,0.0
1626944862000,0.0
1626944892000,0.0
1626944922000,0.0
1626944952000,0.0
1626944982000,0.0
1626945012000,0.0
1626945042000,0.0
1626945072000,0.0
1626945102000,0.0
1626945132000,0.0
1626945162000,0.0
1626945192000,0.0
1626945222000,0.0
1626945252000,0.0
1626945282000,0.0
1626945312000,0.0
1626945342000,0.0
1626945372000,0.0
1626945402000,0.0
1626945432000,0.0
1626945462000,0.0
1626945492000,0.0
1626945522000,0.0
1626945552000,0.0
1626945582000,0.0
1626945612000,0.0
1626945642000,0.0
1626945672000,0.0
1626945702000,0.0
1626945732000,0.0
1626945762000,0.0
1626945792000,0.0
1626945822000,0.0
1626945852000,0.0
1626945882000,0.0
1626945912000,0.0
1626945942000,0.0
1626945972000,0.0
1626946002000,0.0
1626946032000,0.0
1626946062000,0.0
1626946092000,0.0
1626946122000,0.0
1626946152000,0.0
1626946182000,0.0
1626946212000,0.0
1626946242000,0.0
1626946272000,0.0
1626946302000,0.0
1626946332000,0.0
1626946362000,0.0
1626946392000,0.0
1626946422000,0.0
1626946452000,0.0
1626946482000,0.0
1626946512000,0.0
1626946542000,0.0
1626946572000,0.0
1626946602000,0.0
1626946632000,0.0
1626946662000,0.0
1626946692000,0.0
1626946722000,0.0
1626946752000,0.0
1626946782000,0.0
1626946812000,0.0
1626946842000,0.0
1626946872000,0.0
1626946902000,0.0
1626946932000,0.0
1626946962000,0.0
1626946992000,0.0
1626947022000,0.0
1626947052000,0.0
1626947082000,0.0
1626947112000,0.0
1626947142000,0.0
1626947172000,0.0
1626947202000,0.0
1626947232000,0.0
1626947262000,0.0
1626947292000,0.0
1626947322000,0.0
1626947352000,0.0
1626947382000,0.0
1626947412000,0.0
1626947442000,0.0
1626947472000,0.0
1626947502000,0.0
1626947532000,0.0
1626947562000,0.0
1626947592000,0.0
1626947622000,0.0
1626947652000,0.0
1626947682000,0.0
1626947712000,0.0
1626947742000,0.0
1626947772000,0.0
1626947802000,0.0
1626947832000,0.0
1626947862000,0.0
1626947892000,0.0
1626947922000,0.0
1626947952000,0.0
1626947982000,0.0
1626948012000,0.0
1626948042000,0.0
1626948072000,0.0
1626948102000,0.0
1626948132000,0.0
1626948162000,0.0
1626948192000,0.0
1626948222000,0.0
1626948252000,0.0
1626948282000,0.0
1626948312000,0.0
1626948342000,0.0
1626948372000,0.0
1626948402000,0.0
1626948432000,0.0
1626948462000,0.0
1626948492000,0.0
1626948522000,0.0
1626948552000,0.0
1626948582000,0.0
1626948612000,0.0
1626948642000,0.0
1626948672000,0.0
1626948702000,0.0
1626948732000,0.0
1626948762000,0.0
1626948792000,0.0
1626948822000,0.0
1626948852000,0.0
1626948882000,0.0
1626948912000,0.0
1626948942000,0.0
1626948972000,0.0
1626949002000,0.0
1626949032000,0.0
1626949062000,0.0
1626949092000,0.0
1626949122000,0.0
1626949152000,0.0
1626949182000,0.0
1626949212000,0.0
1626949242000,0.0
1626949272000,0.0
1626949302000,0.0
1626949332000,0.0
1626949362000,0.0
1626949392000,0.0
1626949422000,0.0
1626949452000,0.0
1626949482000,0.0
1626949512000,0.0
1626949542000,0.0
1626949572000,0.0
1626949602000,0.0
1626949632000,0.0
1626949662000,0.0
1626949692000,0.0
1626949722000,0.0
1626949752000,0.0
1626949782000,0.0
1626949812000,0.0
1626949842000,0.0
1626949872000,0.0
1626949902000,0.0
1626949932000,0.0
1626949962000,0.0
1626949992000,0.0
1626950022000,0.0
1626950052000,0.0
1626950082000,0.0
1626950112000,0.0
1626950142000,0.0
1626950172000,0.0
1626950202000,0.0
1626950232000,0.0
1626950262000,0.0
1626950292000,0.0
1626950322000,0.0
1626950352000,0.0
1626950382000,0.0
1626950412000,0.0
1626950442000,0.0
1626950472000,0.0
1626950502000,0.0
1626950532000,0.0
1626950562000,0.0
1626950592000,0.0
1626950622000,0.0
1626950652000,0.0
1626950682000,0.0
1626950712000,0.0
1626950742000,0.0
1626950772000,0.0
1626950802000,0.0
1626950832000,0.0
1626950862000,0.0
1626950892000,0.0
1626950922000,0.0
1626950952000,0.0
1626950982000,0.0
1626951012000,0.0
1626951042000,0.0
1626951072000,0.0
1626951102000,0.0
1626951132000,0.0
1626951162000,0.0
1626951192000,0.0
1626951222000,0.0
1626951252000,0.0
1626951282000,0.0
1626951312000,0.0
1626951342000,0.0
1626951372000,0.0
1626951402000,0.0
1626951432000,0.0
1626951462000,0.0
1626951492000,0.0
1626951522000,0.0
1626951552000,0.0
1626951582000,0.0
1626951612000,0.0
1626951642000,0.0
1626951672000,0.0
1626951702000,0.0
1626951732000,0.0
1626951762000,0.0
1626951792000,0.0
1626951822000,0.0
1626951852000,0.0
1626951882000,0.0
1626951912000,0.0
1626951942000,0.0
1626951972000,0.0
1626952002000,0.0
1626952032000,0.0
1626952062000,0.0
1626952092000,0.0
1626952122000,0.0
1626952152000,0.0
1626952182000,0.0
1626952212000,0.0
1626952242000,0.0
1626952272000,0.0
1626952302000,0.0
1626952332000,0.0
1626952362000,0.0
1626952392000,0.0
1626952422000,0.0
1626952452000,0.0
1626952482000,0.0
1626952512000,0.0
1626952542000,0.0
1626952572000,0.0
1626952602000,0.0
1626952632000,0.0
1626952662000,0.0
1626952692000,0.0
1626952722000,0.0
1626952752000,0.0
1626952782000,0.0
1626952812000,0.0
1626952842000,0.0
1626952872000,0.0
1626952902000,0.0
1626952932000,0.0
1626952962000,0.0
1626952992000,0.0
1626953022000,0.0
1626953052000,0.0
1626953082000,0.0
1626953112000,0.0
1626953142000,0.0
1626953172000,0.0
1626953202000,0.0
1626953232000,0.0
1626953262000,0.0
1626953292000,0.0
1626953322000,0.0
1626953352000,0.0
1626953382000,0.0
1626953412000,0.0
1626953442000,0.0
1626953472000,0.0
1626953502000,0.0
1626953532000,0.0
1626953562000,0.0
1626953592000,0.0
1626953622000,0.0
1626953652000,0.0
1626953682000,0.0
1626953712000,0.0
1626953742000,0.0
1626953772000,0.0
1626953802000,0.0
1626953832000,0.0
1626953862000,0.00016992212817412334
1626953892000,0.0
1626953922000,0.0
1626953952000,0.0
1626953982000,0.00015221179302045727
1626954012000,0.0
1626954042000,0.0
1626954072000,0.0
1626954102000,0.0
1626954132000,0.0
1626954162000,0.0
1626954192000,0.0
1626954222000,0.0
1626954252000,0.0
1626954282000,0.0
1626954312000,0.0
1626954342000,0.0
1626954372000,0.0
1626954402000,0.0
1626954432000,0.0
1626954462000,0.0
1626954492000,0.0
1626954522000,0.0
1626954552000,0.0
1626954582000,0.0
1626954612000,0.0
1626954642000,0.0
1626954672000,0.0
1626954702000,0.0
1626954732000,0.0
1626954762000,0.0
1626954792000,0.0
1626954822000,0.0
1626954852000,0.0
1626954882000,0.0
1626954912000,0.0
1626954942000,0.0
1626954972000,0.0
1626955002000,0.0
1626955032000,0.0
1626955062000,0.0
1626955092000,0.0
1626955122000,0.0
1626955152000,0.0
1626955182000,0.0
1626955212000,0.0
1626955242000,0.0
1626955272000,0.0
1626955302000,0.0
1626955332000,0.0
1626955362000,0.0
1626955392000,0.0
1626955422000,0.0
1626955452000,0.0
1626955482000,0.0
1626955512000,0.0
1626955542000,0.0
1626955572000,0.0
1626955602000,0.0
1626955632000,0.0
1626955662000,0.0
1626955692000,0.0
1626955722000,0.0
1626955752000,0.0
1626955782000,0.0
1626955812000,0.0
1626955842000,0.0
1626955872000,0.0
1626955902000,0.0
1626955932000,0.0
1626955962000,0.0
1626955992000,0.0
1626956022000,0.0
1626956052000,0.0
1626956082000,0.0
1626956112000,0.0
1626956142000,0.0
1626956172000,0.0
1626956202000,0.0
1626956232000,0.0
1626956262000,0.0
1626956292000,0.0
1626956322000,0.0
1626956352000,0.0
1626956382000,0.0
1626956412000,0.0
1626956442000,0.0
1626956472000,0.0
1626956502000,0.0
1626956532000,0.0
1626956562000,0.0
1626956592000,0.0
1626956622000,0.0
1626956652000,0.0
1626956682000,0.0
1626956712000,0.0
1626956742000,0.0
1626956772000,0.0
1626956802000,0.0
1626956832000,0.0
1626956862000,0.0
1626956892000,0.0
1626956922000,0.0
1626956952000,0.0
1626956982000,0.0
1626957012000,0.0
1626957042000,0.0
1626957072000,0.0
1626957102000,0.0
1626957132000,0.0
1626957162000,0.0
1626957192000,0.0
1626957222000,0.0
1626957252000,0.0
1626957282000,0.0
1626957312000,0.0
1626957342000,0.0
1626957372000,0.0
1626957402000,0.0
1626957432000,0.0
1626957462000,0.0
1626957492000,0.0
1626957522000,0.0
1626957552000,0.0
1626957582000,0.0
1626957612000,0.0
1626957642000,0.0
1626957672000,0.0
1626957702000,0.0
1626957732000,0.0
1626957762000,0.0
1626957792000,0.0
1626957822000,0.0
1626957852000,0.0
1626957882000,0.0
1626957912000,0.0
1626957942000,0.0
1626957972000,0.0
1626958002000,0.0
1626958032000,0.0
1626958062000,0.0
1626958092000,0.0
1626958122000,0.0
1626958152000,0.0
1626958182000,0.0
1626958212000,0.0
1626958242000,0.0
1626958272000,0.0
1626958302000,0.0
1626958332000,0.0
1626958362000,0.0
1626958392000,0.0
1626958422000,0.0
1626958452000,0.0
1626958482000,0.0
1626958512000,0.0
1626958542000,0.0
1626958572000,0.0
1626958602000,0.0
1626958632000,0.0
1626958662000,0.0
1626958692000,0.0
1626958722000,0.0
1626958752000,0.0
1626958782000,0.0
1626958812000,0.0
1626958842000,0.0
1626958872000,0.0
1626958902000,0.0
1626958932000,0.0
1626958962000,0.0
1626958992000,0.0
1626959022000,0.0
1626959052000,0.0
1626959082000,0.0
1626959112000,0.0
1626959142000,0.0
1626959172000,0.0
1626959202000,0.0
1626959232000,0.0
1626959262000,0.0
1626959292000,0.0
1626959322000,0.0
1626959352000,0.0
1626959382000,0.0
1626959412000,0.0
1626959442000,0.0
1626959472000,0.0
1626959502000,0.0
1626959532000,0.0
1626959562000,0.0
1626959592000,0.0
1626959622000,0.0
1626959652000,0.0
1626959682000,0.0
1626959712000,0.0
1626959742000,0.0
1626959772000,0.0
1626959802000,0.0
1626959832000,0.0
1626959862000,0.0
1626959892000,0.0
1626959922000,0.0
1626959952000,0.0
1626959982000,0.0
1626960012000,0.0
1626960042000,0.0
1626960072000,0.0
1626960102000,0.0
1626960132000,0.0
1626960162000,0.0
1626960192000,0.0
1626960222000,0.0
1626960252000,0.0
1626960282000,0.0
1626960312000,0.0
1626960342000,0.0
1626960372000,0.0
1626960402000,0.0
1626960432000,0.0
1626960462000,0.0
1626960492000,0.0
1626960522000,0.0
1626960552000,0.0
1626960582000,0.0
1626960612000,0.0
1626960642000,0.0
1626960672000,0.0
1626960702000,0.0
1626960732000,0.0
1626960762000,0.0
1626960792000,0.0
1626960822000,0.0
1626960852000,0.0
1626960882000,0.0
1626960912000,0.0
1626960942000,0.0
1626960972000,0.0
1626961002000,0.0
1626961032000,0.0
1626961062000,0.0
1626961092000,0.0
1626961122000,0.0
1626961152000,0.0
1626961182000,0.0
1626961212000,0.0
1626961242000,0.0
1626961272000,0.0
1626961302000,0.0
1626961332000,0.0
1626961362000,0.0
1626961392000,0.0
1626961422000,0.0
1626961452000,0.0
1626961482000,0.0
1626961512000,0.0
1626961542000,0.0
1626961572000,0.0
1626961602000,0.0
1626961632000,0.0
1626961662000,0.0
1626961692000,0.0
1626961722000,0.0
1626961752000,0.0
1626961782000,0.0
1626961812000,0.0
1626961842000,0.0
1626961872000,0.0
1626961902000,0.0
1626961932000,0.0
1626961962000,0.0
1626961992000,0.0
1626962022000,0.0
1626962052000,0.0
1626962082000,0.0
1626962112000,0.0
1626962142000,0.0
1626962172000,0.0
1626962202000,0.0
1626962232000,0.0
1626962262000,0.0
1626962292000,0.0
1626962322000,0.0
1626962352000,0.0
1626962382000,0.0
1626962412000,0.0
1626962442000,0.0
1626962472000,0.0
1626962502000,0.0
1626962532000,0.0
1626962562000,0.0
1626962592000,0.0
1626962622000,0.0
1626962652000,0.0
1626962682000,0.0
1626962712000,0.0
1626962742000,0.0
1626962772000,0.0
1626962802000,0.0
1626962832000,0.0
1626962862000,0.0
1626962892000,0.0
1626962922000,0.0
1626962952000,0.0
1626962982000,0.0
1626963012000,0.0
1626963042000,0.0
1626963072000,0.0
1626963102000,0.0
1626963132000,0.0001490949614700652
1626963162000,0.0
1626963192000,0.0
1626963222000,0.0
1626963252000,0.0
1626963282000,0.0
1626963312000,0.0
1626963342000,0.0
1626963372000,0.0
1626963402000,0.0
1626963432000,0.0
1626963462000,0.0
1626963492000,0.0
1626963522000,0.0
1626963552000,0.0
1626963582000,0.0
1626963612000,0.0
1626963642000,0.0
1626963672000,0.0
1626963702000,0.0
1626963732000,0.0
1626963762000,0.0
1626963792000,0.0
1626963822000,0.0
1626963852000,0.0
1626963882000,0.0
1626963912000,0.0
1626963942000,0.0
1626963972000,0.0
1626964002000,0.0
1626964032000,0.0
1626964062000,0.0
1626964092000,0.0
1626964122000,0.0
1626964152000,0.0
1626964182000,0.0
1626964212000,0.0
1626964242000,0.0
1626964272000,0.0
1626964302000,0.0
1626964332000,0.0
1626964362000,0.0
1626964392000,0.0
1626964422000,0.0
1626964452000,0.0
1626964482000,0.0
1626964512000,0.0
1626964542000,0.0
1626964572000,0.0
1626964602000,0.0
1626964632000,0.0
1626964662000,0.0
1626964692000,0.0
1626964722000,0.0
1626964752000,0.0
1626964782000,0.0
1626964812000,0.0
1626964842000,0.0
1626964872000,0.0
1626964902000,0.0
1626964932000,0.0
1626964962000,0.0
1626964992000,0.0
1626965022000,0.0
1626965052000,0.0
1626965082000,0.0
1626965112000,0.0
1626965142000,0.0
1626965172000,0.0
1626965202000,0.0
1626965232000,0.0
1626965262000,0.0
1626965292000,0.0
1626965322000,0.0
1626965352000,0.0
1626965382000,0.0
1626965412000,0.0
1626965442000,0.0
1626965472000,0.0
1626965502000,0.0
1626965532000,0.0
1626965562000,0.0
1626965592000,0.0
1626965622000,0.0
1626965652000,0.0
1626965682000,0.0
1626965712000,0.0
1626965742000,0.0
1626965772000,0.00013430123456790124
1626965802000,0.0
1626965832000,0.0
1626965862000,0.0
1626965892000,0.0
1626965922000,0.0
1626965952000,0.0
1626965982000,0.0
1626966012000,0.0
1626966042000,0.0
1626966072000,0.0
1626966102000,0.0
1626966132000,0.0
1626966162000,0.0
1626966192000,0.0
1626966222000,0.0
1626966252000,0.0
1626966282000,0.0
1626966312000,0.0
1626966342000,0.0
1626966372000,0.0
1626966402000,0.0
1626966432000,0.0
1626966462000,0.0
1626966492000,0.0
1626966522000,0.0
1626966552000,0.0
1626966582000,0.0
1626966612000,0.0
1626966642000,0.0
1626966672000,0.0
1626966702000,0.0
1626966732000,0.0
1626966762000,0.0
1626966792000,0.0
1626966822000,0.0
1626966852000,0.0
1626966882000,0.0
1626966912000,0.0
1626966942000,0.0
1626966972000,0.0
1626967002000,0.0
1626967032000,0.0
1626967062000,0.0
1626967092000,0.0
1626967122000,0.0
1626967152000,0.0
1626967182000,0.0
1626967212000,0.0
1626967242000,0.0
1626967272000,0.0
1626967302000,0.0
1626967332000,0.0
1626967362000,0.0
1626967392000,0.0
1626967422000,0.0
1626967452000,0.0
1626967482000,0.0
1626967512000,0.0
1626967542000,0.0
1626967572000,0.0
1626967602000,0.0
1626967632000,0.0
1626967662000,0.0
1626967692000,0.0
1626967722000,0.0
1626967752000,0.0
1626967782000,0.0
1626967812000,0.0
1626967842000,0.0
1626967872000,0.0
1626967902000,0.0
1626967932000,0.0
1626967962000,0.0
1626967992000,0.0
1626968022000,0.0
1626968052000,0.0
1626968082000,0.0
1626968112000,0.0
1626968142000,0.0
1626968172000,0.0
1626968202000,0.0
1626968232000,0.0
1626968262000,0.0
1626968292000,0.0
1626968322000,0.0
1626968352000,0.0
1626968382000,0.0
1626968412000,0.0
1626968442000,0.0
1626968472000,0.0
1626968502000,0.0
1626968532000,0.0
1626968562000,0.0
1626968592000,0.0
1626968622000,0.0
1626968652000,0.0
1626968682000,0.0
1626968712000,0.0
1626968742000,0.0
1626968772000,0.0
1626968802000,0.0
1626968832000,0.0
1626968862000,0.0
1626968892000,0.0
1626968922000,0.0
1626968952000,0.0
1626968982000,0.0
1626969012000,0.0
1626969042000,0.0
1626969072000,0.0
1626969102000,0.0
1626969132000,0.0
1626969162000,0.0
1626969192000,0.0
1626969222000,0.0
1626969252000,0.0
1626969282000,0.0
1626969312000,0.0
1626969342000,0.0
1626969372000,0.0
1626969402000,0.0
1626969432000,0.0
1626969462000,0.0
1626969492000,0.0
1626969522000,0.0
1626969552000,0.0
1626969582000,0.0
1626969612000,0.0
1626969642000,0.0
1626969672000,0.0
1626969702000,0.0
1626969732000,0.0
1626969762000,0.0
1626969792000,0.0
1626969822000,0.0
1626969852000,0.0001349359176256814
1626969882000,0.0
1626969912000,0.0
1626969942000,0.0
1626969972000,0.0
1626970002000,0.0
1626970032000,0.0
1626970062000,0.0
1626970092000,0.0
1626970122000,0.0
1626970152000,0.0
1626970182000,0.0
1626970212000,0.0
1626970242000,0.0
1626970272000,0.0
1626970302000,0.0
1626970332000,0.0
1626970362000,0.0
1626970392000,0.0
1626970422000,0.0
1626970452000,0.0
1626970482000,0.0
1626970512000,0.0
1626970542000,0.0
1626970572000,0.0
1626970602000,0.0
1626970632000,0.0
1626970662000,0.0
1626970692000,0.0
1626970722000,0.0
1626970752000,0.0
1626970782000,0.0
1626970812000,0.0
1626970842000,0.0
1626970872000,0.0
1626970902000,0.0
1626970932000,0.0
1626970962000,0.0
1626970992000,0.0
1626971022000,0.0
1626971052000,0.0
1626971082000,0.0
1626971112000,0.0
1626971142000,0.0
1626971172000,0.0
1626971202000,0.0
1626971232000,0.0
1626971262000,0.0
1626971292000,0.0
1626971322000,0.0
1626971352000,0.0
1626971382000,0.0
1626971412000,0.0
1626971442000,0.0
1626971472000,0.0
1626971502000,0.0
1626971532000,0.0
1626971562000,0.0
1626971592000,0.0
1626971622000,0.0
1626971652000,0.0
1626971682000,0.0
1626971712000,0.0
1626971742000,0.0
1626971772000,0.0
1626971802000,0.0
1626971832000,0.0
1626971862000,0.0
1626971892000,0.0
1626971922000,0.0
1626971952000,0.0
1626971982000,0.0
1626972012000,0.000233849694002448
1626972042000,0.0
1626972072000,0.0
1626972102000,0.0
1626972132000,0.0
1626972162000,0.0
1626972192000,0.0
1626972222000,0.0
1626972252000,0.0
1626972282000,0.0
1626972312000,0.0
1626972342000,0.0
1626972372000,0.0
1626972402000,0.0
1626972432000,0.0
1626972462000,0.0
1626972492000,0.0
1626972522000,0.0
1626972552000,0.0
1626972582000,0.0
1626972612000,0.0
1626972642000,0.0
1626972672000,0.0
1626972702000,0.0
1626972732000,0.0
1626972762000,0.0
1626972792000,0.0
1626972822000,0.0
1626972852000,0.0
1626972882000,0.0
1626972912000,0.0
1626972942000,0.0
1626972972000,0.0
1626973002000,0.0
1626973032000,0.0
1626973062000,0.0
1626973092000,0.0
1626973122000,0.0
1626973152000,0.0
1626973182000,0.0
1626973212000,0.0
1626973242000,0.0
1626973272000,0.0
1626973302000,0.0
1626973332000,0.0
1626973362000,0.0
1626973392000,0.0
1626973422000,0.0
1626973452000,0.0
1626973482000,0.0
1626973512000,0.0
1626973542000,0.0
1626973572000,0.0
1626973602000,0.0
1626973632000,0.0
1626973662000,0.0
1626973692000,0.0
1626973722000,0.0
1626973752000,0.0
1626973782000,0.0
1626973812000,0.0
1626973842000,0.0
1626973872000,0.0
1626973902000,0.0
1626973932000,0.0
1626973962000,0.0
1626973992000,0.0
1626974022000,0.0
1626974052000,0.0
1626974082000,0.0
1626974112000,0.0
1626974142000,0.0
1626974172000,0.0
1626974202000,0.0
1626974232000,0.0
1626974262000,0.0
1626974292000,0.0
1626974322000,0.0
1626974352000,0.0
1626974382000,0.0
1626974412000,0.0
1626974442000,0.0
1626974472000,0.0
1626974502000,0.0
1626974532000,0.0
1626974562000,0.0
1626974592000,0.0
1626974622000,0.0
1626974652000,0.0
1626974682000,0.0
1626974712000,0.0
1626974742000,0.0
1626974772000,0.0
1626974802000,0.0
1626974832000,0.0
1626974862000,0.0
1626974892000,0.0
1626974922000,0.0
1626974952000,0.0
1626974982000,0.0
1626975012000,0.0
1626975042000,0.0
1626975072000,0.0
1626975102000,0.0
1626975132000,0.0
1626975162000,0.0
1626975192000,0.0
1626975222000,0.0
1626975252000,0.0
1626975282000,0.0
1626975312000,0.0
1626975342000,0.0
1626975372000,0.0
1626975402000,0.0
1626975432000,0.0
1626975462000,0.0
1626975492000,0.0
1626975522000,0.0
1626975552000,0.0
1626975582000,0.0
1626975612000,0.0
1626975642000,0.0
1626975672000,0.0
1626975702000,0.0
1626975732000,0.0
1626975762000,0.0
1626975792000,0.0
1626975822000,0.0
1626975852000,0.0
1626975882000,0.0
1626975912000,0.0
1626975942000,0.0
1626975972000,0.0
1626976002000,0.0
1626976032000,0.0
1626976062000,0.0
1626976092000,0.0
1626976122000,0.0
1626976152000,0.0
1626976182000,0.0
1626976212000,0.0
1626976242000,0.0
1626976272000,0.0
1626976302000,0.0
1626976332000,0.0
1626976362000,0.0
1626976392000,0.0
1626976422000,0.0
1626976452000,0.00045614309723889554
1626976482000,0.0
1626976512000,0.0
1626976542000,0.0
1626976572000,0.0
1626976602000,0.0
1626976632000,0.0
1626976662000,0.0
1626976692000,0.0
1626976722000,0.0
1626976752000,0.0
1626976782000,0.0
1626976812000,0.0
1626976842000,0.0
1626976872000,0.0
1626976902000,0.0
1626976932000,0.0
1626976962000,0.0
1626976992000,0.0
1626977022000,0.0
1626977052000,0.0
1626977082000,0.0
1626977112000,0.0
1626977142000,0.0
1626977172000,0.0
1626977202000,0.0
1626977232000,0.0
1626977262000,0.0
1626977292000,0.0
1626977322000,0.0
1626977352000,0.0
1626977382000,0.0
1626977412000,0.0
1626977442000,0.0
1626977472000,0.0
1626977502000,0.0
1626977532000,0.0
1626977562000,0.0
1626977592000,0.0
1626977622000,0.0
1626977652000,0.0
1626977682000,0.0
1626977712000,0.0
1626977742000,0.0
1626977772000,0.0
1626977802000,0.0
1626977832000,0.0
1626977862000,0.0
1626977892000,0.0
1626977922000,0.0
1626977952000,0.0
1626977982000,0.0
1626978012000,0.0
1626978042000,0.0
1626978072000,0.0
1626978102000,0.0
1626978132000,0.0
1626978162000,0.0
1626978192000,0.0
1626978222000,0.0
1626978252000,0.0
1626978282000,0.0
1626978312000,0.0
1626978342000,0.0
1626978372000,0.0
1626978402000,0.0
1626978432000,0.0
1626978462000,0.0
1626978492000,0.0
1626978522000,0.0
1626978552000,0.0
1626978582000,0.0
1626978612000,0.0
1626978642000,0.0
1626978672000,0.0
1626978702000,0.0
1626978732000,0.0
1626978762000,0.0
1626978792000,0.0
1626978822000,0.0
1626978852000,0.0
1626978882000,0.0
1626978912000,0.0
1626978942000,0.0
1626978972000,0.0
1626979002000,0.0
1626979032000,0.0
1626979062000,0.0
1626979092000,0.0
1626979122000,0.0
1626979152000,0.0
1626979182000,0.0
1626979212000,0.0
1626979242000,0.0
1626979272000,0.0
1626979302000,0.0
1626979332000,0.0
1626979362000,0.0
1626979392000,0.0
1626979422000,0.0
1626979452000,0.0
1626979482000,0.0
1626979512000,0.0
1626979542000,0.0
1626979572000,0.0
1626979602000,0.0
1626979632000,0.0
1626979662000,0.0
1626979692000,0.0
1626979722000,0.0
1626979752000,0.0
1626979782000,0.0
1626979812000,0.0
1626979842000,0.0
1626979872000,0.0
1626979902000,0.0
1626979932000,0.0
1626979962000,0.0
1626979992000,0.0
1626980022000,0.0
1626980052000,0.0
1626980082000,0.0
1626980112000,0.0
1626980142000,0.0
1626980172000,0.0
1626980202000,0.0
1626980232000,0.0
1626980262000,0.0
1626980292000,0.0
1626980322000,0.0
1626980352000,0.0
1626980382000,0.0
1626980412000,0.0
1626980442000,0.0
1626980472000,0.0
1626980502000,0.0
1626980532000,0.0
1626980562000,0.0
1626980592000,0.0
1626980622000,0.0
1626980652000,0.0
1626980682000,0.0
1626980712000,0.0
1626980742000,0.0
1626980772000,0.0
1626980802000,0.0
1626980832000,0.0
1626980862000,0.0
1626980892000,0.0
1626980922000,0.0
1626980952000,0.0
1626980982000,0.0
1626981012000,0.0
1626981042000,0.0
1626981072000,0.0
1626981102000,0.0
1626981132000,0.0
1626981162000,0.0
1626981192000,0.0
1626981222000,0.0
1626981252000,0.0
1626981282000,0.0
1626981312000,0.0
1626981342000,0.0
1626981372000,0.0
1626981402000,0.0
1626981432000,0.0
1626981462000,0.0
1626981492000,0.0
1626981522000,0.0
1626981552000,0.0
1626981582000,0.0
1626981612000,0.0
1626981642000,0.0
1626981672000,0.00010610302655960469
1626981702000,0.0
1626981732000,0.0
1626981762000,0.0
1626981792000,0.0
1626981822000,0.0
1626981852000,0.0
1626981882000,0.0
1626981912000,0.0
1626981942000,0.0
1626981972000,0.0
1626982002000,0.0
1626982032000,0.0
1626982062000,0.0
1626982092000,0.0
1626982122000,0.0
1626982152000,0.0
1626982182000,0.0
1626982212000,0.0
1626982242000,0.0
1626982272000,0.0
1626982302000,0.0
1626982332000,0.0
1626982362000,0.0
1626982392000,0.0
1626982422000,0.0
1626982452000,0.0
1626982482000,0.0
1626982512000,0.0
1626982542000,0.0
1626982572000,0.0
1626982602000,0.0
1626982632000,0.0
1626982662000,0.0
1626982692000,0.0
1626982722000,0.0
1626982752000,0.0
1626982782000,0.0
1626982812000,0.0
1626982842000,0.0
1626982872000,0.0
1626982902000,0.0
1626982932000,0.0
1626982962000,0.0
1626982992000,0.0
1626983022000,0.0
1626983052000,0.0
1626983082000,0.0
1626983112000,0.0
1626983142000,0.0
1626983172000,0.0
1626983202000,0.0
1626983232000,0.0
1626983262000,0.0
1626983292000,0.0
1626983322000,0.0
1626983352000,0.0
1626983382000,0.0
1626983412000,0.0
1626983442000,0.0
1626983472000,0.0
1626983502000,0.0
1626983532000,0.0
1626983562000,0.0
1626983592000,0.0
1626983622000,0.0
1626983652000,0.0
1626983682000,0.0
1626983712000,0.0
1626983742000,0.0
1626983772000,0.0
1626983802000,0.0
1626983832000,0.0
1626983862000,0.0
1626983892000,0.0
1626983922000,0.0
1626983952000,0.0
1626983982000,0.0
1626984012000,0.0
1626984042000,0.0
1626984072000,0.0
1626984102000,0.0
1626984132000,0.0
1626984162000,0.0
1626984192000,0.0
1626984222000,0.0
1626984252000,0.0
1626984282000,0.0
1626984312000,0.0
1626984342000,0.0
1626984372000,0.0
1626984402000,0.0
1626984432000,0.0
1626984462000,0.0
1626984492000,0.0
1626984522000,0.0
1626984552000,0.0
1626984582000,0.0
1626984612000,0.0
1626984642000,0.0
1626984672000,0.0
1626984702000,0.0
1626984732000,0.0
1626984762000,0.0
1626984792000,0.0
1626984822000,0.0
1626984852000,0.0
1626984882000,0.0
1626984912000,0.0
1626984942000,0.0
1626984972000,0.0
1626985002000,0.0
1626985032000,0.0
1626985062000,0.0
1626985092000,0.0
1626985122000,0.0
1626985152000,0.0
1626985182000,0.0
1626985212000,0.0
1626985242000,0.0
1626985272000,0.0
1626985302000,0.0
1626985332000,0.0
1626985362000,0.0
1626985392000,0.0
1626985422000,0.0
1626985452000,0.0
1626985482000,0.0
1626985512000,0.0
1626985542000,0.0
1626985572000,0.0
1626985602000,0.0
1626985632000,0.0
1626985662000,0.0
1626985692000,0.0
1626985722000,0.0
1626985752000,0.0
1626985782000,0.0
1626985812000,0.0
1626985842000,0.0
1626985872000,0.0
1626985902000,0.0
1626985932000,0.0
1626985962000,0.0
1626985992000,0.0
1626986022000,0.0
1626986052000,4.3154561933534745e-05
1626986082000,0.0
1626986112000,0.0
1626986142000,0.0
1626986172000,0.0
1626986202000,0.0
1626986232000,0.0
1626986262000,0.0
1626986292000,0.0
1626986322000,0.0
1626986352000,0.0
1626986382000,0.0
1626986412000,0.0
1626986442000,0.0
1626986472000,0.0
1626986502000,0.0
1626986532000,0.0
1626986562000,0.0
1626986592000,0.0
1626986622000,0.0
1626986652000,0.0
1626986682000,0.0
1626986712000,0.0
1626986742000,0.0
1626986772000,0.0
1626986802000,0.0
1626986832000,0.0
1626986862000,0.0
1626986892000,0.0
1626986922000,0.0
1626986952000,0.0
1626986982000,0.0
1626987012000,0.0
1626987042000,0.0
1626987072000,0.0
1626987102000,0.0
1626987132000,0.0
1626987162000,0.0
1626987192000,0.0
1626987222000,0.0
1626987252000,0.0
1626987282000,0.0
1626987312000,0.0
1626987342000,0.0
1626987372000,0.0
1626987402000,0.0
1626987432000,0.0
1626987462000,0.0
1626987492000,0.0
1626987522000,0.0
1626987552000,0.0
1626987582000,0.0
1626987612000,0.0
1626987642000,0.0
1626987672000,0.0
1626987702000,0.0
1626987732000,0.0
1626987762000,0.0
1626987792000,0.0
1626987822000,0.0
1626987852000,0.0
1626987882000,0.0
1626987912000,0.0
1626987942000,0.0
1626987972000,0.0
1626988002000,0.0
1626988032000,0.0
1626988062000,0.0
1626988092000,0.0
1626988122000,0.0
1626988152000,0.0
1626988182000,0.0
1626988212000,0.0
1626988242000,0.0
1626988272000,0.0
1626988302000,0.0
1626988332000,0.0
1626988362000,0.0
1626988392000,0.0
1626988422000,0.0
1626988452000,0.0
1626988482000,0.00018418219261053906
1626988512000,0.0
1626988542000,0.0
1626988572000,0.0
1626988602000,0.0
1626988632000,0.0
1626988662000,0.0
1626988692000,0.0
1626988722000,0.0
1626988752000,0.0
1626988782000,0.0
1626988812000,0.0
1626988842000,0.0
1626988872000,0.0
1626988902000,0.0
1626988932000,0.0
1626988962000,0.0
1626988992000,0.0
1626989022000,0.0
1626989052000,0.0
1626989082000,0.0
1626989112000,0.0
1626989142000,0.0
1626989172000,0.0
1626989202000,0.0
1626989232000,0.0
1626989262000,0.0
1626989292000,0.0
1626989322000,0.0
1626989352000,0.0
1626989382000,0.0
1626989412000,0.0
1626989442000,0.0
1626989472000,0.0
1626989502000,0.0
1626989532000,0.0
1626989562000,0.0
1626989592000,0.0
1626989622000,0.0
1626989652000,0.0
1626989682000,0.0
1626989712000,0.0
1626989742000,0.0
1626989772000,0.0
1626989802000,0.0
1626989832000,0.0
1626989862000,0.0
1626989892000,0.0
1626989922000,0.0
1626989952000,0.0
1626989982000,0.0
1626990012000,0.0
1626990042000,0.0
1626990072000,0.0
1626990102000,0.0
1626990132000,0.0
1626990162000,0.0
1626990192000,0.0
1626990222000,0.0
1626990252000,0.0
1626990282000,0.0
1626990312000,0.0
1626990342000,0.0
1626990372000,0.0
1626990402000,0.0
1626990432000,0.0
1626990462000,0.0
1626990492000,0.0
1626990522000,0.0
1626990552000,0.0
1626990582000,0.0
1626990612000,0.0
1626990642000,0.0
1626990672000,0.0
1626990702000,0.0
1626990732000,0.0
1626990762000,0.0
1626990792000,0.0
1626990822000,0.0
1626990852000,0.0
1626990882000,0.0
1626990912000,0.0
1626990942000,0.0
1626990972000,0.0
1626991002000,0.00031907353293413173
1626991032000,0.0
1626991062000,0.0
1626991092000,0.0
1626991122000,0.0
1626991152000,0.0
1626991182000,0.0
1626991212000,0.0
1626991242000,0.0
1626991272000,0.0
1626991302000,0.0
1626991332000,0.0
1626991362000,0.0
1626991392000,0.0
1626991422000,0.0
1626991452000,0.0
1626991482000,0.0
1626991512000,0.0
1626991542000,0.0
1626991572000,0.0
1626991602000,0.0
1626991632000,0.0
1626991662000,0.0
1626991692000,0.0
1626991722000,0.0
1626991752000,0.0
1626991782000,0.0
1626991812000,0.0
1626991842000,0.0
1626991872000,0.0
1626991902000,0.0
1626991932000,0.0
1626991962000,0.0
1626991992000,0.0
1626992022000,0.0
1626992052000,0.0
1626992082000,0.0
1626992112000,0.0
1626992142000,0.0
1626992172000,0.0
1626992202000,0.0
1626992232000,0.0
1626992262000,0.0
1626992292000,0.0
1626992322000,0.0
1626992352000,0.0
1626992382000,0.0
1626992412000,0.0
1626992442000,0.0
1626992472000,0.0
1626992502000,0.0
1626992532000,0.0
1626992562000,0.0
1626992592000,0.0
1626992622000,0.0
1626992652000,0.0
1626992682000,0.0
1626992712000,0.0
1626992742000,0.0
1626992772000,0.0
1626992802000,0.0
1626992832000,0.0
1626992862000,0.0
1626992892000,0.0
1626992922000,0.0
1626992952000,0.0
1626992982000,0.0
1626993012000,0.0
1626993042000,0.0
1626993072000,0.0
1626993102000,0.0
1626993132000,0.0
1626993162000,0.0
1626993192000,0.0
1626993222000,0.0
1626993252000,0.0
1626993282000,0.0
1626993312000,0.0
1626993342000,0.0
1626993372000,0.0
1626993402000,0.0
1626993432000,0.0
1626993462000,0.0
1626993492000,0.0
1626993522000,0.0
1626993552000,0.0
1626993582000,0.0
1626993612000,0.0
1626993642000,0.0
1626993672000,0.0
1626993702000,0.0
1626993732000,0.0
1626993762000,0.0
1626993792000,0.0
1626993822000,0.0
1626993852000,0.0
1626993882000,0.0
1626993912000,0.0
1626993942000,0.0
1626993972000,0.0
1626994002000,0.0
1626994032000,0.0
1626994062000,0.0
1626994092000,0.0
1626994122000,0.0
1626994152000,0.0
1626994182000,0.0
1626994212000,0.0
1626994242000,0.0
1626994272000,0.0
1626994302000,0.0
1626994332000,0.0
1626994362000,0.0
1626994392000,0.0
1626994422000,0.0
1626994452000,0.0
1626994482000,0.0
1626994512000,0.0
1626994542000,0.0
1626994572000,0.0
1626994602000,0.0
1626994632000,0.0
1626994662000,0.0
1626994692000,0.0
1626994722000,0.0
1626994752000,0.0
1626994782000,0.0
1626994812000,0.0
1626994842000,0.0
1626994872000,0.0
1626994902000,0.0
1626994932000,0.0
1626994962000,0.0
1626994992000,0.0
1626995022000,0.0
1626995052000,0.0
1626995082000,0.0
1626995112000,0.0
1626995142000,0.0
1626995172000,0.0
1626995202000,0.0
1626995232000,0.0
1626995262000,0.0
1626995292000,0.0
1626995322000,0.0
1626995352000,0.0
1626995382000,0.0
1626995412000,0.0
1626995442000,0.0
1626995472000,0.0
1626995502000,0.0
1626995532000,0.0
1626995562000,0.0
1626995592000,0.0
1626995622000,0.0
1626995652000,0.0
1626995682000,0.0
1626995712000,0.0
1626995742000,0.0
1626995772000,0.0
1626995802000,0.0
1626995832000,0.0
1626995862000,0.0
1626995892000,0.0
1626995922000,0.0
1626995952000,0.0
1626995982000,0.0
1626996012000,0.0
1626996042000,0.0
1626996072000,0.0
1626996102000,0.0
1626996132000,0.0
1626996162000,0.0
1626996192000,0.0
1626996222000,0.0
1626996252000,0.0
1626996282000,0.0
1626996312000,0.0
1626996342000,0.0
1626996372000,0.0
1626996402000,0.0
1626996432000,0.0
1626996462000,0.0
1626996492000,0.0
1626996522000,0.0
1626996552000,0.0
1626996582000,0.0
1626996612000,0.0
1626996642000,0.0
1626996672000,0.0003204007277137659
1626996702000,0.0
1626996732000,0.0
1626996762000,0.0
1626996792000,0.0
1626996822000,0.0
1626996852000,0.0
1626996882000,0.0
1626996912000,0.0
1626996942000,0.0
1626996972000,0.0
1626997002000,0.0
1626997032000,0.0
1626997062000,0.0
1626997092000,0.0
1626997122000,0.0
1626997152000,0.0
1626997182000,0.0
1626997212000,0.0
1626997242000,0.0
1626997272000,0.0
1626997302000,0.0
1626997332000,0.0
1626997362000,0.0
1626997392000,0.0
1626997422000,0.0
1626997452000,0.0
1626997482000,0.0
1626997512000,0.0
1626997542000,0.0
1626997572000,0.0
1626997602000,0.0
1626997632000,0.0
1626997662000,0.0
1626997692000,0.0
1626997722000,0.0
1626997752000,0.0
1626997782000,0.0
1626997812000,0.0
1626997842000,0.0
1626997872000,0.0
1626997902000,0.0
1626997932000,0.0
1626997962000,0.0
1626997992000,0.0
1626998022000,0.0
1626998052000,0.0
1626998082000,0.0
1626998112000,0.0
1626998142000,0.0
1626998172000,0.0
1626998202000,0.0
1626998232000,0.0
1626998262000,0.0
1626998292000,0.0
1626998322000,0.0
1626998352000,0.0
1626998382000,0.0
1626998412000,0.0
1626998442000,0.0
1626998472000,0.0
1626998502000,0.0
1626998532000,0.0
1626998562000,0.0
1626998592000,0.0
1626998622000,0.0
1626998652000,0.0
1626998682000,0.0
1626998712000,0.0
1626998742000,0.0
1626998772000,0.0
1626998802000,0.0
1626998832000,0.0
1626998862000,0.0
1626998892000,0.0
1626998922000,0.0
1626998952000,0.0
1626998982000,0.0
1626999012000,0.0
1626999042000,0.0
1626999072000,0.0
1626999102000,0.0
1626999132000,0.0
1626999162000,0.0
1626999192000,0.0
1626999222000,0.0
1626999252000,0.0
1626999282000,0.0
1626999312000,0.0
1626999342000,0.0
1626999372000,0.0
1626999402000,0.0
1626999432000,0.0
1626999462000,0.0
1626999492000,0.0
1626999522000,0.0
1626999552000,0.0
1626999582000,0.0
1626999612000,0.0
1626999642000,0.0
1626999672000,0.0
1626999702000,0.0
1626999732000,0.0
1626999762000,0.0
1626999792000,0.0
1626999822000,0.0
1626999852000,0.0
1626999882000,0.0
1626999912000,0.0
1626999942000,0.0
1626999972000,0.0
1627000002000,0.0
1627000032000,0.0
1627000062000,0.0
1627000092000,0.0
1627000122000,0.0
1627000152000,0.0
1627000182000,0.0
1627000212000,0.0
1627000242000,0.0
1627000272000,0.0
1627000302000,0.0
1627000332000,0.0
1627000362000,0.0
1627000392000,0.0
1627000422000,0.0
1627000452000,0.0
1627000482000,0.0
1627000512000,0.0
1627000542000,0.0
1627000572000,0.0
1627000602000,0.0
1627000632000,0.0
1627000662000,0.0
1627000692000,0.0
1627000722000,0.0
1627000752000,0.0
1627000782000,0.0
1627000812000,0.0
1627000842000,0.0
1627000872000,0.0
1627000902000,0.0
1627000932000,0.0
1627000962000,0.0
1627000992000,0.0
1627001022000,0.0
1627001052000,0.0
1627001082000,0.0
1627001112000,0.0
1627001142000,0.0
1627001172000,0.0
1627001202000,0.0
1627001232000,0.0
1627001262000,0.0
1627001292000,0.0
1627001322000,0.0
1627001352000,0.0
1627001382000,0.0
1627001412000,0.0
1627001442000,0.0
1627001472000,0.0
1627001502000,0.0
1627001532000,0.0
1627001562000,0.0
1627001592000,0.0
1627001622000,0.0
1627001652000,0.0
1627001682000,0.0
1627001712000,0.0
1627001742000,0.0
1627001772000,0.0
1627001802000,0.0
1627001832000,0.0
1627001862000,0.0
1627001892000,0.0
1627001922000,0.0
1627001952000,0.0
1627001982000,0.0
1627002012000,0.0001794679851668727
1627002042000,0.0
1627002072000,0.0
1627002102000,0.0
1627002132000,0.0
1627002162000,0.0
1627002192000,0.0
1627002222000,0.0
1627002252000,0.0
1627002282000,0.0
1627002312000,0.0
1627002342000,0.0
1627002372000,0.0
1627002402000,0.0
1627002432000,0.0
1627002462000,0.0
1627002492000,0.0
1627002522000,0.0
1627002552000,0.0
1627002582000,0.0
1627002612000,0.0
1627002642000,0.0
1627002672000,0.0
1627002702000,0.0
1627002732000,0.0
1627002762000,0.0
1627002792000,0.0
1627002822000,0.0
1627002852000,0.0
1627002882000,0.0
1627002912000,0.0
1627002942000,0.0
1627002972000,0.0
1627003002000,0.0
1627003032000,0.0
1627003062000,0.0
1627003092000,0.0
1627003122000,0.0
1627003152000,0.0
1627003182000,0.0
1627003212000,0.0
1627003242000,0.0
1627003272000,0.0
1627003302000,0.0
1627003332000,0.0
1627003362000,0.0
1627003392000,0.0
1627003422000,0.0
1627003452000,0.0
1627003482000,0.0
1627003512000,0.0
1627003542000,0.0
1627003572000,0.0
1627003602000,0.0
1627003632000,0.0
1627003662000,0.0
1627003692000,0.0
1627003722000,0.0
1627003752000,0.0
1627003782000,0.0
1627003812000,0.0
1627003842000,0.0
1627003872000,0.0
1627003902000,0.0
1627003932000,0.0
1627003962000,0.0
1627003992000,0.0
1627004022000,0.0
1627004052000,0.0
1627004082000,0.0
1627004112000,0.0
1627004142000,0.0
1627004172000,0.0
1627004202000,0.0
1627004232000,0.0
1627004262000,0.0
1627004292000,0.0
1627004322000,0.0
1627004352000,0.0
1627004382000,0.0
1627004412000,0.0
1627004442000,0.0
1627004472000,0.0
1627004502000,0.0
1627004532000,0.0
1627004562000,0.0
1627004592000,0.0
1627004622000,0.0
1627004652000,0.0
1627004682000,0.0
1627004712000,0.0
1627004742000,0.0
1627004772000,0.0
1627004802000,0.0
1627004832000,0.0
1627004862000,0.0
1627004892000,0.0
1627004922000,0.0
1627004952000,0.0
1627004982000,0.0
1627005012000,0.0
1627005042000,0.0
1627005072000,0.0
1627005102000,0.0
1627005132000,0.0
1627005162000,0.0
1627005192000,0.0
1627005222000,0.0
1627005252000,0.0
1627005282000,0.0
1627005312000,0.0
1627005342000,0.0
1627005372000,0.0
1627005402000,0.0
1627005432000,0.0
1627005462000,0.0
1627005492000,0.0
1627005522000,0.0
1627005552000,0.0
1627005582000,0.0
1627005612000,0.0
1627005642000,0.0
1627005672000,0.0
1627005702000,0.0
1627005732000,0.0
1627005762000,0.0
1627005792000,0.0
1627005822000,0.0
1627005852000,0.0
1627005882000,0.0
1627005912000,0.0
1627005942000,0.0
1627005972000,0.0
1627006002000,0.0
1627006032000,0.0
1627006062000,0.0
1627006092000,0.0
1627006122000,0.0
1627006152000,0.0
1627006182000,0.0
1627006212000,0.0
1627006242000,0.0
1627006272000,0.0
1627006302000,0.0
1627006332000,0.0
1627006362000,0.0
1627006392000,0.0
1627006422000,0.0
1627006452000,0.0
1627006482000,0.0
1627006512000,0.0
1627006542000,0.0
1627006572000,0.0
1627006602000,0.0
1627006632000,0.0
1627006662000,0.0
1627006692000,0.0
1627006722000,0.0
1627006752000,0.0
1627006782000,0.0
1627006812000,0.0
1627006842000,0.0
1627006872000,0.0
1627006902000,0.0
1627006932000,0.0
1627006962000,0.0
1627006992000,0.0
1627007022000,0.0
1627007052000,0.0
1627007082000,0.0
1627007112000,0.0
1627007142000,0.0
1627007172000,0.0
1627007202000,0.0
1627007232000,0.0
1627007262000,0.0
1627007292000,0.0
1627007322000,0.0
1627007352000,0.0
1627007382000,0.0
1627007412000,0.0
1627007442000,0.0
1627007472000,0.0
1627007502000,0.0
1627007532000,0.0
1627007562000,0.0
1627007592000,0.0
1627007622000,0.0
1627007652000,0.0
1627007682000,0.0
1627007712000,0.0
1627007742000,0.0
1627007772000,0.0
1627007802000,0.0
1627007832000,0.0
1627007862000,0.0
1627007892000,0.0
1627007922000,0.0
1627007952000,0.0
1627007982000,0.0
1627008012000,0.0
1627008042000,0.0
1627008072000,0.0
1627008102000,0.0
1627008132000,0.0
1627008162000,0.0
1627008192000,0.0
1627008222000,0.0
1627008252000,0.0
1627008282000,0.0
1627008312000,0.0
1627008342000,0.0
1627008372000,0.0
1627008402000,0.0
1627008432000,0.0
1627008462000,0.0
1627008492000,0.0
1627008522000,0.0
1627008552000,0.0
1627008582000,0.0
1627008612000,0.0
1627008642000,0.0
1627008672000,0.0
1627008702000,0.0
1627008732000,0.0
1627008762000,0.0
1627008792000,0.0
1627008822000,0.0
1627008852000,0.0
1627008882000,0.0
1627008912000,0.0
1627008942000,0.0
1627008972000,0.0
1627009002000,0.0
1627009032000,0.0
1627009062000,0.0
1627009092000,0.0
1627009122000,0.0
1627009152000,0.0
1627009182000,0.0
1627009212000,0.0
1627009242000,0.0
1627009272000,0.0
1627009302000,0.0
1627009332000,0.0
1627009452000,0.0
1627009572000,0.0
1627009782000,0.0
1627009842000,0.0
1627009842000,0.0
1627009842000,0.0
1627009842000,0.0
1627009842000,0.0
1627009842000,0.0
1627009842000,0.0
1627009842000,0.0
1627009842000,0.0
1627009872000,0.0
1627009872000,0.0
1627009872000,0.0
1627009872000,0.0
1627009872000,0.0
1627009872000,0.0
1627009872000,0.0
1627009872000,0.0
1627009872000,0.0
1627009872000,0.0
1627009962000,0.0
1627009962000,0.0
1627009962000,0.0
1627010082000,0.0
1627010352000,0.0
1627010382000,0.0
1627010472000,0.0
1627010502000,0.0
1627010832000,0.0
1627010862000,0.0
1627011132000,0.0
1627011762000,0.0
1627017552000,0.0
1627017582000,0.0
1627017612000,0.0
1627017642000,0.0
1627017672000,0.0
1627017702000,0.0
1627017732000,0.0
1627017762000,0.0
1627017792000,0.0
1627017822000,0.0
1627017852000,0.0
1627017882000,0.0
1627017912000,0.0
1627017942000,0.0
1627017972000,0.0
1627018002000,0.0
1627018032000,0.0
1627018062000,0.0
1627018092000,0.0
1627018122000,0.0
1627018152000,0.0
1627018182000,0.0
1627018212000,0.0
1627018242000,0.0
1627018272000,0.0
1627018302000,0.0
1627018332000,0.0
1627018362000,0.0
1627018392000,0.0
1627018422000,0.0
1627018452000,0.0
1627018482000,0.0
1627018512000,0.0
1627018542000,0.0
1627018572000,0.0
1627018602000,0.0
1627018632000,0.0
1627018662000,0.0
1627018692000,0.0
1627018722000,0.0
1627018752000,0.0
1627018782000,0.0
1627018812000,0.0
1627018842000,0.0
1627018872000,0.0
1627018902000,0.0
1627018932000,0.0
1627018962000,0.0
1627018992000,0.0
1627019022000,0.0
1627019052000,0.0
1627019082000,0.0
1627019112000,0.0
1627019142000,0.0
1627019172000,0.0
1627019202000,0.0
1627019232000,0.0
1627019262000,0.0
1627019292000,0.0
1627019322000,0.0
1627019352000,0.0
1627019382000,0.0
1627019412000,0.0
1627019442000,0.0
1627019472000,0.0
1627019502000,0.0
1627019532000,0.0
1627019562000,0.0
1627019592000,0.0
1627019622000,0.0
1627019652000,0.0
1627019682000,0.0
1627019712000,0.0
1627019742000,0.0
1627019772000,0.0
1627019802000,0.0
1627019832000,0.0
1627019862000,0.0
1627019892000,0.0
1627019922000,0.0
1627019952000,0.0
1627019982000,0.0
1627020012000,0.0
1627020042000,0.0
1627020072000,0.0
1627020102000,0.0
1627020132000,0.0
1627020162000,0.0
1627020192000,0.0
1627020222000,0.0
1627020252000,0.0
1627020282000,0.0
1627020312000,0.0
1627020342000,0.0
1627020372000,0.0
1627020402000,0.0
1627020432000,0.0
1627020462000,0.0
1627020492000,0.0
1627020522000,0.0
1627020552000,0.0
1627020582000,0.0
1627020612000,0.0
1627020642000,0.0
1627020672000,0.0
1627020702000,0.0
1627020732000,0.0
1627020762000,0.0
1627020792000,0.0
1627020822000,0.0
1627020852000,0.0
1627020882000,0.0
1627020912000,0.0
1627020942000,0.0
1627020972000,0.0
1627021002000,0.0
1627021032000,0.0
1627021062000,0.0
1627021092000,0.0
1627021122000,0.0
1627021152000,0.0
1627021182000,0.0
1627021212000,0.0
1627021242000,0.0
1627021272000,0.0
1627021302000,0.0
1627021332000,0.0
1627021362000,0.0
1627021392000,0.0
1627021422000,0.0
1627021452000,0.0
1627021482000,0.0
1627021512000,0.0
1627021542000,0.0
1627021572000,0.0
1627021602000,0.0
1627021632000,0.0
1627021662000,0.0
1627021692000,0.0
1627021722000,0.0
1627021752000,0.0
1627021782000,0.0
1627021812000,0.0
1627021842000,0.0
1627021872000,0.0
1627021902000,0.0
1627021932000,0.0
1627021962000,0.0
1627021992000,0.0
1627022022000,0.0
1627022052000,0.0
1627022082000,0.0
1627022112000,0.0
1627022142000,0.0
1627022172000,0.0
1627022202000,0.0
1627022232000,0.0
1627022262000,0.0
1627022292000,0.0
1627022322000,0.0
1627022352000,0.0
1627022382000,0.0
1627022412000,0.0
1627022442000,0.0
1627022472000,0.0
1627022502000,0.0
1627022532000,0.0
1627022562000,0.0
1627022592000,0.0
1627022622000,0.0
1627022652000,0.0
1627022682000,0.0
1627022712000,0.0
1627022742000,0.0
1627022772000,0.0
1627022802000,0.0
1627022832000,0.0
1627022862000,0.0
1627022892000,0.0
1627022922000,0.0
1627022952000,0.0
1627022982000,0.0
1627023012000,0.0
1627023042000,0.0
1627023072000,0.0
1627023102000,0.0
1627023132000,0.0
1627023162000,0.0
1627023192000,0.0
1627023222000,0.0
1627023252000,0.0
1627023282000,0.0
1627023312000,0.0
1627023342000,0.0
1627023372000,0.0
1627023402000,0.0
1627023432000,0.0
1627023462000,0.0
1627023492000,0.0
1627023522000,0.0
1627023552000,0.0
1627023582000,0.0
1627023612000,0.0
1627023642000,0.0
1627023672000,0.0
1627023702000,0.0
1627023732000,0.0
1627023762000,0.0
1627023792000,0.0
1627023822000,0.0
1627023852000,0.0
1627023882000,0.0
1627023912000,0.0
1627023942000,0.0
1627023972000,0.0
1627024002000,0.0
1627024032000,0.0
1627024062000,0.0
1627024092000,0.0
1627024122000,0.0
1627024152000,0.0
1627024182000,0.0
1627024212000,0.0
1627024242000,0.0
1627024272000,0.0
1627024302000,0.0
1627024332000,0.0
1627024362000,0.0
1627024392000,0.0
1627024422000,0.0
1627024452000,0.0
1627024482000,0.0
1627024512000,0.0
1627024542000,0.0
1627024572000,0.0
1627024602000,0.0
1627024632000,0.0
1627024662000,0.0
1627024692000,0.0
1627024722000,0.0
1627024752000,0.0
1627024782000,0.0
1627024812000,0.0
1627024842000,0.0
1627024872000,0.0
1627024902000,0.0
1627024932000,0.0
1627024962000,0.0
1627024992000,0.0
1627025022000,0.0
1627025052000,0.0
1627025082000,0.0
1627025112000,0.0
1627025142000,0.0
1627025172000,0.0
1627025202000,0.0
1627025232000,0.0
1627025262000,0.0
1627025292000,0.0
1627025322000,0.0
1627025352000,0.0
1627025382000,0.0
1627025412000,0.0
1627025442000,0.0
1627025472000,0.0
1627025502000,0.0
1627025532000,0.0
1627025562000,0.0
1627025592000,0.0
1627025622000,0.0
1627025652000,0.0
1627025682000,0.0
1627025712000,0.0
1627025742000,0.0
1627025772000,0.0
1627025802000,0.0
1627025832000,0.0
1627025862000,0.0
1627025892000,0.0
1627025922000,0.0
1627025952000,0.0
1627025982000,0.0
1627026012000,0.0
1627026042000,0.0
1627026072000,0.0
1627026102000,0.0
1627026132000,0.0
1627026162000,0.0
1627026192000,0.0
1627026222000,0.0
1627026252000,0.0
1627026282000,0.0
1627026312000,0.0
1627026342000,0.0
1627026372000,0.0
1627026402000,0.0
1627026432000,0.0
1627026462000,0.0
1627026492000,0.0
1627026522000,0.0
1627026552000,0.00012601692865779927
1627026582000,0.0
1627026612000,0.0
1627026642000,0.0
1627026672000,0.0
1627026702000,0.0
1627026732000,0.0
1627026762000,0.0
1627026792000,0.0
1627026822000,0.0
1627026852000,0.0
1627026882000,0.0
1627026912000,0.0
1627026942000,0.0
1627026972000,0.0
1627027002000,0.0
1627027032000,0.0
1627027062000,0.0
1627027092000,0.0
1627027122000,0.0
1627027152000,0.0
1627027182000,0.0
1627027212000,0.0
1627027242000,0.0
1627027272000,0.0
1627027302000,0.0
1627027332000,0.0
1627027362000,0.0
1627027392000,0.0
1627027422000,0.0
1627027452000,0.0
1627027482000,0.0
1627027512000,0.0
1627027542000,0.0
1627027572000,0.0
1627027602000,0.0
1627027632000,0.0
1627027662000,0.0
1627027692000,0.0
1627027722000,0.0
1627027752000,0.0
1627027782000,0.0
1627027812000,0.0
1627027842000,0.0
1627027872000,0.0
1627027902000,0.0
1627027932000,0.0
1627027962000,0.0
1627027992000,0.0
1627028022000,0.0
1627028052000,0.0
1627028082000,0.0
1627028112000,0.0
1627028142000,0.0
1627028172000,0.0
1627028202000,0.0
1627028232000,0.0
1627028262000,0.0
1627028292000,0.0
1627028322000,0.0
1627028352000,0.0
1627028382000,0.0
1627028412000,0.0
1627028442000,0.0
1627028472000,0.0
1627028502000,0.0
1627028532000,0.0
1627028562000,0.0
1627028592000,0.0
1627028622000,0.0
1627028652000,0.0
1627028682000,0.0
1627028712000,0.0
1627028742000,0.0
1627028772000,0.0
1627028802000,0.0
1627028832000,0.0
1627028862000,0.0
1627028892000,0.0
1627028922000,0.0
1627028952000,0.0
1627028982000,0.0
1627029012000,0.0
1627029042000,0.0
1627029072000,0.0
1627029102000,0.0
1627029132000,0.0
1627029162000,0.0
1627029192000,0.0
1627029222000,0.0
1627029252000,0.0
1627029282000,0.0
1627029312000,0.0
1627029342000,0.0
1627029372000,0.0
1627029402000,0.0
1627029432000,0.0
1627029462000,0.0
1627029492000,0.0
1627029522000,0.0
1627029552000,0.0
1627029582000,0.0
1627029612000,0.0
1627029642000,0.0
1627029672000,0.0
1627029702000,0.0
1627029732000,0.0
1627029762000,0.0
1627029792000,0.0
1627029822000,0.0
1627029852000,0.0
1627029882000,0.0
1627029912000,0.0
1627029942000,0.0
1627029972000,0.0
1627030002000,0.0
1627030032000,0.0
1627030062000,0.0
1627030092000,0.0
1627030122000,0.0
1627030152000,0.0
1627030182000,0.0
1627030212000,0.0
1627030242000,0.0
1627030272000,0.0
1627030302000,0.0
1627030332000,0.0
1627030362000,0.0
1627030392000,0.0
1627030422000,0.0
1627030452000,0.0
1627030482000,0.0
1627030512000,0.0
1627030542000,0.0
1627030572000,0.0
1627030602000,0.0
1627030632000,0.0
1627030662000,0.0
1627030692000,0.0
1627030722000,0.0
1627030752000,0.0
1627030782000,0.0
1627030812000,0.0
1627030842000,0.0
1627030872000,0.0
1627030902000,0.0
1627030932000,0.0
1627030962000,0.0
1627030992000,0.0
1627031022000,0.0
1627031052000,0.0
1627031082000,0.0
1627031112000,0.0
1627031142000,0.0
1627031172000,0.0
1627031202000,0.0
1627031232000,0.0
1627031262000,0.0
1627031292000,0.0
1627031322000,0.0
1627031352000,0.0
1627031382000,0.0
1627031412000,0.0
1627031442000,0.0
1627031472000,0.0
1627031502000,0.0
1627031532000,0.0
1627031562000,0.0
1627031592000,0.0
1627031622000,0.0
1627031652000,0.0
1627031682000,0.0
1627031712000,0.0
1627031742000,0.0
1627031772000,0.0
1627031802000,0.0
1627031832000,0.0
1627031862000,0.0
1627031892000,0.0
1627031922000,0.0
1627031952000,0.0
1627031982000,0.0
1627032012000,0.0
1627032042000,0.0
1627032072000,0.0
1627032102000,0.0
1627032132000,0.0
1627032162000,0.0
1627032192000,0.0
1627032222000,0.0
1627032252000,0.0
1627032282000,0.0
1627032312000,0.0
1627032342000,0.0
1627032372000,0.0
1627032402000,0.0
1627032432000,0.0
1627032462000,0.0
1627032492000,0.0
1627032522000,0.0
1627032552000,0.0
1627032582000,0.0
1627032612000,0.0
1627032642000,0.0
1627032672000,0.0
1627032702000,0.0
1627032732000,0.0
1627032762000,0.0
1627032792000,0.0
1627032822000,0.0
1627032852000,0.0
1627032882000,0.0
1627032912000,0.0
1627032942000,0.0
1627032972000,0.0
1627033002000,0.0
1627033032000,0.0
1627033062000,0.0
1627033092000,0.0
1627033122000,0.0
1627033152000,0.0
1627033182000,0.0
1627033212000,0.0
1627033242000,0.0
1627033272000,0.0
1627033302000,0.0
1627033332000,0.0
1627033362000,0.0
1627033392000,0.0
1627033422000,0.0
1627033452000,0.0
1627033482000,0.0
1627033512000,0.0
1627033542000,0.0
1627033572000,0.0
1627033602000,0.0
1627033632000,0.0
1627033662000,0.0
1627033692000,0.0
1627033722000,0.0
1627033752000,0.0
1627033782000,0.0
1627033812000,0.0
1627033842000,0.0
1627033872000,0.0
1627033902000,0.0
1627033932000,0.0
1627033962000,0.0
1627033992000,0.0
1627034022000,0.0
1627034052000,0.0
1627034082000,0.0
1627034112000,0.0
1627034142000,0.0
1627034172000,0.0
1627034202000,0.0
1627034232000,0.0
1627034262000,0.0
1627034292000,0.0
1627034322000,0.0
1627034352000,0.0
1627034382000,0.0
1627034412000,0.0
1627034442000,0.0
1627034472000,0.0
1627034502000,0.0
1627034532000,0.0
1627034562000,0.0
1627034592000,0.0
1627034622000,0.0
1627034652000,0.0002652891089108911
1627034682000,0.0
1627034712000,0.0
1627034742000,0.0
1627034772000,0.0
1627034802000,0.0
1627034832000,0.0
1627034862000,0.0
1627034892000,0.0
1627034922000,0.0
1627034952000,0.0
1627034982000,0.0
1627035012000,0.0
1627035042000,0.0
1627035072000,0.0
1627035102000,0.0
1627035132000,0.0
1627035162000,0.0
1627035192000,0.0
1627035222000,0.0
1627035252000,0.0
1627035282000,0.0
1627035312000,0.0
1627035342000,0.0
1627035372000,0.0
1627035402000,0.0
1627035432000,0.0
1627035462000,0.0
1627035492000,0.0
1627035522000,0.0
1627035552000,0.0
1627035582000,0.0
1627035612000,0.0
1627035642000,0.0
1627035672000,0.0
1627035702000,0.0
1627035732000,0.0
1627035762000,0.0
1627035792000,0.0
1627035822000,0.0
1627035852000,0.0
1627035882000,0.0
1627035912000,0.0
1627035942000,0.0
1627035972000,0.0
1627036002000,0.0
1627036032000,0.0
1627036062000,0.0
1627036092000,0.0
1627036122000,0.0
1627036152000,0.0
1627036182000,0.0
1627036212000,0.0
1627036242000,0.0
1627036272000,0.0
1627036302000,0.0
1627036332000,0.0
1627036362000,0.0
1627036392000,0.0
1627036422000,0.0
1627036452000,0.0
1627036482000,0.0
1627036512000,0.0
1627036542000,0.0
1627036572000,0.0
1627036602000,0.0
1627036632000,0.0
1627036662000,0.0
1627036692000,0.0
1627036722000,0.0
1627036752000,0.0
1627036782000,0.0
1627036812000,0.0
1627036842000,0.0
1627036872000,0.0
1627036902000,0.0
1627036932000,0.0
1627036962000,0.0
1627036992000,0.0
1627037022000,0.0
1627037052000,0.0
1627037082000,0.0
1627037112000,0.0
1627037142000,0.0
1627037172000,0.0
1627037202000,0.0
1627037232000,0.0
1627037262000,0.0
1627037292000,0.0
1627037322000,0.0
1627037352000,0.0
1627037382000,0.0
1627037412000,0.0
1627037442000,0.0
1627037472000,0.0
1627037502000,0.0
1627037532000,0.0
1627037562000,0.0
1627037592000,0.0
1627037622000,0.0
1627037652000,0.0
1627037682000,0.0
1627037712000,0.0
1627037742000,0.0
1627037772000,0.0
1627037802000,0.0
1627037832000,0.0
1627037862000,0.0
1627037892000,0.0
1627037922000,0.0
1627037952000,0.0
1627037982000,0.0
1627038012000,0.0
1627038042000,0.0
1627038072000,0.0
1627038102000,0.0
1627038132000,0.0
1627038162000,0.0
1627038192000,0.0
1627038222000,0.0
1627038252000,0.0
1627038282000,0.0
1627038312000,0.0
1627038342000,0.0
1627038372000,0.0
1627038402000,0.0
1627038432000,0.0
1627038462000,0.0
1627038492000,0.0
1627038522000,0.0
1627038552000,0.0
1627038582000,0.0
1627038612000,0.0
1627038642000,0.0
1627038672000,0.0
1627038702000,0.0
1627038732000,0.0
1627038762000,0.0
1627038792000,0.0
1627038822000,0.0
1627038852000,0.0
1627038882000,0.0
1627038912000,0.0
1627038942000,0.0
1627038972000,0.0
1627039002000,0.0
1627039032000,0.0
1627039062000,0.0
1627039092000,0.0
1627039122000,0.0
1627039152000,0.0
1627039182000,0.0
1627039212000,0.0
1627039242000,0.0
1627039272000,0.0
1627039302000,0.0
1627039332000,0.0
1627039362000,0.0
1627039392000,0.0
1627039422000,0.0
1627039452000,0.0
1627039482000,0.0
1627039512000,0.0
1627039542000,0.0
1627039572000,0.0
1627039602000,0.0
1627039632000,0.0
1627039662000,0.0
1627039692000,0.0
1627039722000,0.0
1627039752000,0.0
1627039782000,0.0
1627039812000,0.0
1627039842000,0.0
1627039872000,0.0
1627039902000,0.0
1627039932000,0.0
1627039962000,0.0
1627039992000,0.0
1627040022000,0.0
1627040052000,0.0
1627040082000,0.0
1627040112000,0.0
1627040142000,0.0
1627040172000,0.0
1627040202000,0.0
1627040232000,0.0
1627040262000,0.0
1627040292000,0.0
1627040322000,0.0
1627040352000,0.0
1627040382000,0.0
1627040412000,0.0
1627040442000,0.0
1627040472000,0.0
1627040502000,0.0
1627040532000,0.0
1627040562000,0.0
1627040592000,0.0
1627040622000,0.0
1627040652000,0.0
1627040682000,0.0
1627040712000,0.0
1627040742000,0.0
1627040772000,0.0
1627040802000,0.0
1627040832000,0.0
1627040862000,0.0
1627040892000,0.0
1627040922000,0.0
1627040952000,0.0
1627040982000,0.0
1627041012000,0.0
1627041042000,0.0
1627041072000,0.0
1627041102000,0.0
1627041132000,0.0
1627041162000,0.0
1627041192000,0.0
1627041222000,0.0
1627041252000,0.0
1627041282000,0.0
1627041312000,0.0
1627041342000,0.0
1627041372000,0.0
1627041402000,0.0
1627041432000,0.0
1627041462000,0.0
1627041492000,0.0
1627041522000,0.0
1627041552000,0.0
1627041582000,0.0
1627041612000,0.0
1627041642000,0.0
1627041672000,0.0
1627041702000,0.0
1627041732000,0.0
1627041762000,0.0
1627041792000,0.0034987108655616943
1627041822000,0.0
1627041852000,0.0
1627041882000,0.0
1627041912000,0.0
1627041942000,0.0
1627041972000,0.0
1627042002000,0.0
1627042032000,0.0
1627042062000,0.0
1627042092000,0.0
1627042122000,0.0
1627042152000,0.0
1627042182000,0.0
1627042212000,0.0
1627042242000,0.0
1627042272000,0.0
1627042302000,0.0
1627042332000,0.0
1627042362000,0.0
1627042392000,0.0
1627042422000,0.0
1627042452000,0.0
1627042482000,0.0
1627042512000,0.0
1627042542000,0.00013505738705738707
1627042572000,0.0
1627042602000,0.0
1627042632000,0.0
1627042662000,0.0
1627042692000,0.0
1627042722000,0.0
1627042752000,0.0
1627042782000,0.0
1627042812000,0.0
1627042842000,0.0
1627042872000,0.0
1627042902000,0.0
1627042932000,0.0
1627042962000,0.0
1627042992000,0.0
1627043022000,0.0
1627043052000,0.0
1627043082000,0.0
1627043112000,0.0
1627043142000,0.0
1627043172000,0.0
1627043202000,0.0
1627043232000,0.0
1627043262000,0.0
1627043292000,0.0
1627043322000,0.0
1627043352000,0.0
1627043382000,0.0
1627043412000,0.0
1627043442000,0.0
1627043472000,0.0
1627043502000,0.0
1627043532000,0.0
1627043562000,0.0
1627043592000,0.0
1627043622000,0.0
1627043652000,0.0
1627043682000,0.0
1627043712000,0.0
1627043742000,0.0
1627043772000,0.0
1627043802000,0.0
1627043832000,0.0
1627043862000,0.0
1627043892000,0.0
1627043922000,0.0
1627043952000,0.0
1627043982000,0.0
1627044012000,0.0
1627044042000,0.0
1627044072000,0.0
1627044102000,0.0
1627044132000,0.0
1627044162000,0.0
1627044192000,0.0
1627044222000,0.0
1627044252000,0.0
1627044282000,0.0
1627044312000,0.0
1627044342000,0.0
1627044372000,0.0
1627044402000,0.0
1627044432000,0.0
1627044462000,0.0
1627044492000,0.0
1627044522000,0.0
1627044552000,0.0
1627044582000,0.0
1627044612000,0.0
1627044642000,0.0
1627044672000,0.0
1627044702000,0.0
1627044732000,0.0
1627044762000,0.0
1627044792000,0.0
1627044822000,0.0
1627044852000,0.0
1627044882000,0.0
1627044912000,0.0
1627044942000,0.0
1627044972000,0.0
1627045002000,0.0
1627045032000,0.0
1627045062000,0.0
1627045092000,0.0
1627045122000,0.0
1627045152000,0.0
1627045182000,0.0
1627045212000,0.0
1627045242000,0.0
1627045272000,0.0
1627045302000,0.0
1627045332000,0.0
1627045362000,0.0
1627045392000,0.0
1627045422000,0.0
1627045452000,0.0
1627045482000,0.0
1627045512000,0.0
1627045542000,0.0
1627045572000,0.0
1627045602000,0.0
1627045632000,0.0
1627045662000,0.0
1627045692000,0.0
1627045722000,0.0
1627045752000,0.0
1627045782000,0.0
1627045812000,0.0
1627045842000,0.0
1627045872000,0.0
1627045902000,0.0
1627045932000,0.0
1627045962000,0.0
1627045992000,0.0
1627046022000,0.0
1627046052000,0.0
1627046082000,0.0
1627046112000,0.0
1627046142000,0.0
1627046172000,0.0
1627046202000,0.0
1627046232000,0.0
1627046262000,0.0
1627046292000,0.0
1627046322000,0.0
1627046352000,0.0
1627046382000,0.0
1627046412000,0.0
1627046442000,0.0
1627046472000,0.0
1627046502000,0.0
1627046532000,0.0
1627046562000,0.0
1627046592000,0.0
1627046622000,0.0
1627046652000,0.0
1627046682000,0.0
1627046712000,0.0
1627046742000,0.0
1627046772000,0.0
1627046802000,0.0
1627046832000,0.0
1627046862000,0.0
1627046892000,0.0
1627046922000,0.0
1627046952000,0.0
1627046982000,0.0
1627047012000,0.0
1627047042000,0.0
1627047072000,0.0
1627047102000,0.0
1627047132000,0.0
1627047162000,0.0
1627047192000,0.0
1627047222000,0.0
1627047252000,0.0
1627047282000,0.0
1627047312000,0.0
1627047342000,0.0
1627047372000,0.0
1627047402000,0.0
1627047432000,0.0
1627047462000,0.0
1627047492000,0.0
1627047522000,0.0
1627047552000,0.00016893325373134327
1627047582000,0.0
1627047612000,0.0
1627047642000,0.0
1627047672000,0.0
1627047702000,0.00015106322263222632
1627047732000,0.0
1627047762000,0.0
1627047792000,0.0
1627047822000,0.0
1627047852000,0.0
1627047882000,0.0
1627047912000,0.0
1627047942000,0.0
1627047972000,0.0
1627048002000,0.0
1627048032000,0.0
1627048062000,0.0
1627048092000,0.0
1627048122000,0.0
1627048152000,0.0
1627048182000,0.0
1627048212000,0.0
1627048242000,0.0
1627048272000,0.0
1627048302000,0.0
1627048332000,0.0
1627048362000,0.0
1627048392000,0.0
1627048422000,0.0
1627048452000,0.0
1627048482000,0.0
1627048512000,0.0
1627048542000,0.0
1627048572000,0.0
1627048602000,0.0
1627048632000,0.0
1627048662000,0.0
1627048692000,0.0
1627048722000,0.0
1627048752000,0.0
1627048782000,0.0
1627048812000,0.0
1627048842000,0.0
1627048872000,0.0
1627048902000,0.0
1627048932000,0.0
1627048962000,0.0
1627048992000,0.0
1627049022000,0.0
1627049052000,0.0
1627049082000,0.0
1627049112000,0.0
1627049142000,0.0
1627049172000,0.0
1627049202000,0.0
1627049232000,0.0
1627049262000,0.0
1627049292000,0.0
1627049322000,0.0
1627049352000,0.0
1627049382000,0.0
1627049412000,0.0
1627049442000,0.0
1627049472000,0.0
1627049502000,0.0
1627049532000,0.0
1627049562000,0.0
1627049592000,0.0
1627049622000,0.0
1627049652000,0.0
1627049682000,0.0
1627049712000,0.0
1627049742000,0.0
1627049772000,0.0
1627049802000,0.0
1627049832000,0.0
1627049862000,0.0
1627049892000,0.0
1627049922000,0.0
1627049952000,0.0
1627049982000,0.0
1627050012000,0.0
1627050042000,0.0
1627050072000,0.0
1627050102000,0.0
1627050132000,0.0
1627050162000,0.0
1627050192000,0.0
1627050222000,0.0
1627050252000,0.0
1627050282000,0.0
1627050312000,0.0
1627050342000,0.0
1627050372000,0.0
1627050402000,0.0
1627050432000,0.0
1627050462000,0.0
1627050492000,0.0
1627050522000,0.0
1627050552000,0.0
1627050582000,0.0
1627050612000,0.0
1627050642000,0.0
1627050672000,0.0
1627050702000,0.0
1627050732000,0.0
1627050762000,0.0
1627050792000,0.0
1627050822000,0.0
1627050852000,0.0
1627050882000,0.0
1627050912000,0.0
1627050942000,0.0
1627050972000,0.0
1627051002000,0.0
1627051032000,0.0
1627051062000,0.0
1627051092000,0.0
1627051122000,0.0
1627051152000,0.0
1627051182000,0.0
1627051212000,0.0
1627051242000,0.0
1627051272000,0.0
1627051302000,0.0
1627051332000,0.0
1627051362000,0.0
1627051392000,0.0
1627051422000,0.0
1627051452000,0.0
1627051482000,0.0
1627051512000,0.0
1627051542000,0.0
1627051572000,0.0
1627051602000,0.0
1627051632000,0.0
1627051662000,0.0
1627051692000,0.0
1627051722000,0.0
1627051752000,0.0
1627051782000,0.0
1627051812000,0.0
1627051842000,0.0
1627051872000,0.0
1627051902000,0.0
1627051932000,0.0
1627051962000,0.0
1627051992000,0.0
1627052022000,0.0
1627052052000,0.0
1627052082000,0.0
1627052112000,0.0
1627052142000,0.0
1627052172000,0.0
1627052202000,0.0
1627052232000,0.0
1627052262000,0.0
1627052292000,0.0
1627052322000,0.0
1627052352000,0.0
1627052382000,0.0
1627052412000,0.0
1627052442000,0.0
1627052472000,0.00027178937426210154
1627052502000,0.0
1627052532000,0.0
1627052562000,0.0
1627052592000,0.0
1627052622000,0.0
1627052652000,0.0
1627052682000,0.0
1627052712000,0.0
1627052742000,0.0
1627052772000,0.0
1627052802000,0.0
1627052832000,0.0
1627052862000,0.0
1627052892000,0.0
1627052922000,0.0
1627052952000,0.0
1627052982000,0.0
1627053012000,0.0
1627053042000,0.0
1627053072000,0.0
1627053102000,0.0
1627053132000,0.0
1627053162000,0.0
1627053192000,0.0
1627053222000,0.0
1627053252000,0.0
1627053282000,0.0
1627053312000,0.0
1627053342000,0.0
1627053372000,0.0
1627053402000,0.0
1627053432000,0.0
1627053462000,0.0
1627053492000,0.0
1627053522000,0.0
1627053552000,0.0
1627053582000,0.0
1627053612000,0.0
1627053642000,0.0
1627053672000,0.0
1627053702000,0.0
1627053732000,0.0
1627053762000,0.0
1627053792000,0.0
1627053822000,0.0
1627053852000,0.0
1627053882000,0.0
1627053912000,0.0
1627053942000,0.0
1627053972000,0.0
1627054002000,0.0
1627054032000,0.0
1627054062000,0.0
1627054092000,0.0
1627054122000,0.0
1627054152000,0.0
1627054182000,0.0
1627054212000,0.0
1627054242000,0.0
1627054272000,0.0
1627054302000,0.0
1627054332000,0.0
1627054362000,0.0
1627054392000,0.0
1627054422000,0.0
1627054452000,0.0
1627054482000,0.0
1627054512000,0.0
1627054542000,0.0
1627054572000,0.0
1627054602000,0.0
1627054632000,0.0
1627054662000,0.0
1627054692000,0.0
1627054722000,0.0
1627054752000,0.0
1627054782000,0.0
1627054812000,0.0
1627054842000,0.0
1627054872000,0.0
1627054902000,0.0
1627054932000,0.0
1627054962000,0.0
1627054992000,0.0
1627055022000,0.0
1627055052000,0.0
1627055082000,0.0
1627055112000,0.0
1627055142000,0.0
1627055172000,0.0
1627055202000,0.0
1627055232000,0.0
1627055262000,0.0
1627055292000,0.0
1627055322000,0.0
1627055352000,0.0
1627055382000,0.0
1627055412000,0.0
1627055442000,0.0
1627055472000,0.0
1627055502000,0.0
1627055532000,0.0
1627055562000,0.0
1627055592000,0.0
1627055622000,0.0
1627055652000,0.0
1627055682000,0.0
1627055712000,0.0
1627055742000,0.0
1627055772000,0.0
1627055802000,0.0
1627055832000,0.0
1627055862000,0.0
1627055892000,0.0
1627055922000,0.0
1627055952000,0.0
1627055982000,0.0
1627056012000,0.0
1627056042000,0.0
1627056072000,0.0007000722920406942
1627056102000,0.0
1627056132000,0.0
1627056162000,0.0
1627056192000,0.0
1627056222000,0.0
1627056252000,0.0
1627056282000,0.0
1627056312000,0.0
1627056342000,0.0
1627056372000,0.0
1627056402000,0.0
1627056432000,0.0
1627056462000,0.0
1627056492000,0.0
1627056522000,0.0
1627056552000,0.0
1627056582000,0.0
1627056612000,0.0
1627056642000,0.0
1627056672000,0.0
1627056702000,0.0
1627056732000,0.0
1627056762000,0.0
1627056792000,0.0
1627056822000,0.0
1627056852000,0.0
1627056882000,0.0
1627056912000,0.0
1627056942000,0.0
1627056972000,0.0
1627057002000,0.0
1627057032000,0.0
1627057062000,0.0
1627057092000,0.0
1627057122000,0.0
1627057152000,0.0
1627057182000,0.0
1627057212000,0.0
1627057242000,0.0
1627057272000,0.0
1627057302000,0.0
1627057332000,0.0
1627057362000,0.0
1627057392000,0.0
1627057422000,0.0
1627057452000,0.0
1627057482000,0.0
1627057512000,0.0
1627057542000,0.0
1627057572000,0.0
1627057602000,0.0
1627057632000,0.0
1627057662000,0.0
1627057692000,0.0
1627057722000,0.0
1627057752000,0.0
1627057782000,0.0
1627057812000,0.0
1627057842000,0.0
1627057872000,0.0
1627057902000,0.0
1627057932000,0.0
1627057962000,0.0
1627057992000,0.0
1627058022000,0.0
1627058052000,0.0
1627058082000,0.0
1627058112000,0.0
1627058142000,0.0
1627058172000,0.0
1627058202000,0.0
1627058232000,0.0
1627058262000,0.0
1627058292000,0.0
1627058322000,0.0
1627058352000,0.0
1627058382000,0.0
1627058412000,0.0
1627058442000,0.0
1627058472000,0.0
1627058502000,0.0
1627058532000,0.0
1627058562000,0.0
1627058592000,0.0
1627058622000,0.0
1627058652000,0.0
1627058682000,0.0
1627058712000,0.0
1627058742000,0.0
1627058772000,0.0
1627058802000,0.0
1627058832000,0.0
1627058862000,0.0
1627058892000,0.0
1627058922000,0.0
1627058952000,0.0
1627058982000,0.0
1627059012000,0.0
1627059042000,0.0
1627059072000,0.0
1627059102000,0.0
1627059132000,0.0
1627059162000,0.0
1627059192000,0.0
1627059222000,0.0
1627059252000,0.0
1627059282000,0.0
1627059312000,0.0
1627059342000,0.0
1627059372000,0.0
1627059402000,0.0
1627059432000,0.0
1627059462000,0.0
1627059492000,0.0
1627059522000,0.0
1627059552000,0.0
1627059582000,0.0
1627059612000,0.0
1627059642000,0.0
1627059672000,0.0
1627059702000,0.0
1627059732000,0.0
1627059762000,0.0
1627059792000,0.0
1627059822000,0.00038488760529482554
1627059852000,0.0
1627059882000,0.0
1627059912000,0.0
1627059942000,0.0
1627059972000,0.0
1627060002000,0.0
1627060032000,0.0
1627060062000,0.0
1627060092000,0.0
1627060122000,0.0
1627060152000,0.0
1627060182000,0.0
1627060212000,0.0
1627060242000,0.0
1627060272000,0.0
1627060302000,0.0
1627060332000,0.0
1627060362000,0.0
1627060392000,0.0
1627060422000,0.0
1627060452000,0.0
1627060482000,0.0
1627060512000,0.0
1627060542000,0.0
1627060572000,0.0
1627060602000,0.0
1627060632000,0.0
1627060662000,0.0
1627060692000,0.0
1627060722000,0.0
1627060752000,0.0
1627060782000,0.0
1627060812000,0.0
1627060842000,0.0
1627060872000,0.0
1627060902000,0.0
1627060932000,0.0
1627060962000,0.0
1627060992000,0.0
1627061022000,0.0
1627061052000,0.0
1627061082000,0.0
1627061112000,0.0
1627061142000,0.0
1627061172000,0.0
1627061202000,0.0
1627061232000,0.0
1627061262000,0.0
1627061292000,0.0
1627061322000,0.0
1627061352000,0.0
1627061382000,0.0
1627061412000,0.0
1627061442000,0.0
1627061472000,0.0
1627061502000,0.0
1627061532000,0.0
1627061562000,0.0
1627061592000,0.0
1627061622000,0.0
1627061652000,0.0
1627061682000,0.0
1627061712000,0.0
1627061742000,0.0
1627061772000,0.0
1627061802000,0.0
1627061832000,0.0
1627061862000,0.0
1627061892000,0.0
1627061922000,0.0
1627061952000,0.0
1627061982000,0.0
1627062012000,0.0
1627062042000,0.0
1627062072000,0.0
1627062102000,0.0
1627062132000,0.0
1627062162000,0.0
1627062192000,0.0
1627062222000,0.0
1627062252000,0.0
1627062282000,0.0
1627062312000,0.0
1627062342000,0.0
1627062372000,0.0
1627062402000,0.0
1627062432000,0.0
1627062462000,0.0
1627062492000,0.0
1627062522000,0.0
1627062552000,0.0
1627062582000,0.0
1627062612000,0.0
1627062642000,0.0
1627062672000,0.0
1627062702000,0.0
1627062732000,0.0
1627062762000,0.0
1627062792000,0.0
1627062822000,0.0
1627062852000,0.0
1627062882000,0.0
1627062912000,0.0
1627062942000,0.0
1627062972000,0.0
1627063002000,0.0
1627063032000,0.0
1627063062000,0.0
1627063092000,0.0
1627063122000,0.0
1627063152000,0.0
1627063182000,0.0
1627063212000,0.0
1627063242000,0.0
1627063272000,0.0
1627063302000,0.0
1627063332000,0.0
1627063362000,0.0
1627063392000,0.0
1627063422000,0.0
1627063452000,0.0
1627063482000,0.0
1627063512000,0.0
1627063542000,0.0
1627063572000,0.0
1627063602000,0.0
1627063632000,0.0
1627063662000,0.0
1627063692000,0.0
1627063722000,0.0
1627063752000,0.0
1627063782000,0.0
1627063812000,0.0
1627063842000,0.0
1627063872000,0.0
1627063902000,0.0
1627063932000,0.0
1627063962000,0.0
1627063992000,0.0
1627064022000,0.0
1627064052000,0.0
1627064082000,0.0
1627064112000,0.0
1627064142000,0.0
1627064172000,0.0
1627064202000,0.0
1627064232000,0.0
1627064262000,0.0
1627064292000,0.0
1627064322000,0.0
1627064352000,0.0
1627064382000,0.0
1627064412000,0.0
1627064442000,0.0
1627064472000,0.0
1627064502000,0.0
1627064532000,0.0
1627064562000,0.0
1627064592000,0.0
1627064622000,0.0
1627064652000,0.0
1627064682000,0.0
1627064712000,0.0
1627064742000,0.0
1627064772000,0.0
1627064802000,0.0
1627064832000,0.0
1627064862000,0.0
1627064892000,0.0
1627064922000,0.0
1627064952000,0.0
1627064982000,0.0
1627065012000,0.0
1627065042000,0.0
1627065072000,0.0
1627065102000,0.0
1627065132000,0.0
1627065162000,0.0
1627065192000,0.0
1627065222000,0.0
1627065252000,0.0
1627065282000,0.0
1627065312000,0.0
1627065342000,0.0
1627065372000,0.0
1627065402000,0.0
1627065432000,0.0
1627065462000,0.0
1627065492000,0.0
1627065522000,0.0
1627065552000,0.0
1627065582000,0.0
1627065612000,0.0
1627065642000,0.0
1627065672000,0.0
1627065702000,0.0
1627065732000,0.0
1627065762000,0.0
1627065792000,0.0
1627065822000,0.0
1627065852000,0.0
1627065882000,0.0
1627065912000,0.0
1627065942000,0.0
1627065972000,0.0
1627066002000,0.0
1627066032000,0.0
1627066062000,0.0
1627066092000,0.0
1627066122000,0.0
1627066152000,0.0
1627066182000,0.0
1627066212000,0.0
1627066242000,0.0
1627066272000,0.0
1627066302000,0.0
1627066332000,0.0
1627066362000,0.0
1627066392000,0.0
1627066422000,0.0
1627066452000,0.0
1627066482000,0.0
1627066512000,0.0
1627066542000,0.0
1627066572000,0.0
1627066602000,0.0
1627066632000,0.0
1627066662000,0.0
1627066692000,0.0
1627066722000,0.0
1627066752000,0.0
1627066782000,0.0
1627066812000,0.0
1627066842000,0.0
1627066872000,0.0
1627066902000,0.0
1627066932000,0.0
1627066962000,0.0
1627066992000,0.0
1627067022000,0.0
1627067052000,0.0
1627067082000,0.0
1627067112000,0.0
1627067142000,0.0
1627067172000,0.0
1627067202000,0.0
1627067232000,0.0
1627067262000,0.0
1627067292000,0.0
1627067322000,0.0
1627067352000,0.0
1627067382000,0.0
1627067412000,0.0
1627067442000,0.0
1627067472000,0.0
1627067502000,0.0
1627067532000,0.0
1627067562000,0.0
1627067592000,0.0
1627067622000,0.0
1627067652000,0.0
1627067682000,0.0
1627067712000,0.0
1627067742000,0.0
1627067772000,0.0
1627067802000,0.0
1627067832000,0.0
1627067862000,0.0
1627067892000,0.0
1627067922000,0.0
1627067952000,0.0
1627067982000,0.0
1627068012000,0.0
1627068042000,0.0
1627068072000,0.0
1627068102000,0.0
1627068132000,0.0
1627068162000,0.0
1627068192000,0.0
1627068222000,0.0
1627068252000,0.0
1627068282000,0.0
1627068312000,0.0
1627068342000,0.0
1627068372000,0.0
1627068402000,0.0
1627068432000,0.0
1627068462000,0.0
1627068492000,0.0
1627068522000,0.0
1627068552000,0.0
1627068582000,0.0
1627068612000,0.0
1627068642000,0.0
1627068672000,0.0
1627068702000,0.0
1627068732000,0.0
1627068762000,0.0
1627068792000,0.0
1627068822000,0.0
1627068852000,0.0
1627068882000,0.0
1627068912000,0.0
1627068942000,0.0
1627068972000,0.0
1627069002000,0.0
1627069032000,0.0
1627069062000,0.0
1627069092000,0.0
1627069122000,0.0
1627069152000,0.0
1627069182000,0.0
1627069212000,0.0
1627069242000,0.0
1627069272000,0.0
1627069302000,0.0
1627069332000,0.0
1627069362000,0.0
1627069392000,0.0
1627069422000,0.0
1627069452000,0.0
1627069482000,0.0
1627069512000,0.0
1627069542000,0.0
1627069572000,0.0
1627069602000,0.0
1627069632000,0.0
1627069662000,0.0
1627069692000,0.0
1627069722000,0.0
1627069752000,0.0
1627069782000,0.0
1627069812000,0.0
1627069842000,0.0
1627069872000,0.0
1627069902000,0.0
1627069932000,0.0
1627069962000,0.0
1627069992000,0.0
1627070022000,0.0
1627070052000,0.0
1627070082000,0.0
1627070112000,0.0
1627070142000,0.0
1627070172000,0.0
1627070202000,0.0
1627070232000,0.0
1627070262000,0.0
1627070292000,0.0
1627070322000,0.0
1627070352000,0.0
1627070382000,0.0
1627070412000,0.0
1627070442000,0.0
1627070472000,0.0
1627070502000,0.0
1627070532000,0.0
1627070562000,0.0
1627070592000,0.0
1627070622000,0.0
1627070652000,0.0
1627070682000,0.0
1627070712000,0.0
1627070742000,0.0
1627070772000,0.0
1627070802000,0.0
1627070832000,0.0
1627070862000,0.0
1627070892000,0.0
1627070922000,0.0
1627070952000,0.0
1627070982000,0.0
1627071012000,0.0
1627071042000,0.0
1627071072000,0.0
1627071102000,0.0
1627071132000,0.0
1627071162000,0.0
1627071192000,0.0
1627071222000,0.0
1627071252000,0.0
1627071282000,0.0
1627071312000,0.0
1627071342000,0.0
1627071372000,0.0
1627071402000,0.00024066990291262135
1627071432000,0.0
1627071462000,0.0
1627071492000,0.0
1627071522000,0.0
1627071552000,0.0
1627071582000,0.0
1627071612000,0.0
1627071642000,0.0
1627071672000,0.0
1627071702000,0.0
1627071732000,0.0
1627071762000,0.0
1627071792000,0.0
1627071822000,0.0
1627071852000,0.0
1627071882000,0.0
1627071912000,0.0
1627071942000,0.0
1627071972000,0.0
1627072002000,0.0
1627072032000,0.0
1627072062000,0.0
1627072092000,0.0
1627072122000,0.0
1627072152000,0.0
1627072182000,0.0
1627072212000,0.0
1627072242000,0.0
1627072272000,0.0
1627072302000,0.0
1627072332000,0.0
1627072362000,0.0
1627072392000,0.0
1627072422000,0.0
1627072452000,0.0
1627072482000,0.0
1627072512000,0.0
1627072542000,0.0
1627072572000,0.0
1627072602000,0.0
1627072632000,0.0
1627072662000,0.0
1627072692000,0.0
1627072722000,0.0
1627072752000,0.0
1627072782000,0.0
1627072812000,0.0
1627072842000,0.0
1627072872000,0.0
1627072902000,0.0
1627072932000,0.0
1627072962000,0.0
1627072992000,0.0
1627073022000,0.0
1627073052000,0.0
1627073082000,0.0
1627073112000,0.0
1627073142000,0.0
1627073172000,0.0
1627073202000,0.0
1627073232000,0.0
1627073262000,0.0
1627073292000,0.0
1627073322000,0.0
1627073352000,0.0
1627073382000,0.0
1627073412000,0.0
1627073442000,0.0
1627073472000,0.0
1627073502000,0.0
1627073532000,0.0
1627073562000,0.0
1627073592000,0.0
1627073622000,0.0
1627073652000,0.0
1627073682000,0.0
1627073712000,0.0
1627073742000,0.0
1627073772000,0.0
1627073802000,0.0
1627073832000,0.0
1627073862000,0.0
1627073892000,0.0
1627073922000,0.0
1627073952000,0.0
1627073982000,0.0
1627074012000,0.0
1627074042000,0.0
1627074072000,0.0
1627074102000,0.0
1627074132000,0.0
1627074162000,0.0
1627074192000,0.0
1627074222000,0.0
1627074252000,0.0
1627074282000,0.0
1627074312000,0.0
1627074342000,0.0
1627074372000,0.0
1627074402000,0.0
1627074432000,0.0
1627074462000,0.0
1627074492000,0.0
1627074522000,0.0
1627074552000,0.0
1627074582000,0.0
1627074612000,0.0
1627074642000,0.00011732007277137659
1627074672000,0.0
1627074702000,0.0
1627074732000,0.0
1627074762000,0.0
1627074792000,0.0
1627074822000,0.0
1627074852000,0.0
1627074882000,0.0
1627074912000,0.0
1627074942000,0.0
1627074972000,0.0
1627075002000,0.0
1627075032000,0.0
1627075062000,0.0
1627075092000,0.0
1627075122000,0.0
1627075152000,0.0
1627075182000,0.0
1627075212000,0.0
1627075242000,0.0
1627075272000,0.0
1627075302000,0.0
1627075332000,0.0
1627075362000,0.0
1627075392000,0.0
1627075422000,0.0
1627075452000,0.0
1627075482000,0.0
1627075512000,0.0
1627075542000,0.0
1627075572000,0.0
1627075602000,0.0
1627075632000,0.0
1627075662000,0.0
1627075692000,0.0
1627075722000,0.0
1627075752000,0.0
1627075782000,0.0
1627075812000,0.0
1627075842000,0.0
1627075872000,0.0
1627075902000,0.0
1627075932000,0.0
1627075962000,0.0
1627075992000,0.0
1627076022000,0.0
1627076052000,0.0
1627076082000,0.0
1627076112000,0.0
1627076142000,0.0
1627076172000,0.0
1627076202000,0.0
1627076232000,0.0
1627076262000,0.0
1627076292000,0.0
1627076322000,0.0
1627076352000,0.0
1627076382000,0.0
1627076412000,0.0
1627076442000,0.0
1627076472000,0.0
1627076502000,0.0
1627076532000,0.0
1627076562000,0.0
1627076592000,0.0
1627076622000,0.0
1627076652000,0.0
1627076682000,0.0
1627076712000,0.0
1627076742000,0.0
1627076772000,0.0
1627076802000,0.0
1627076832000,0.0
1627076862000,0.0
1627076892000,0.0
1627076922000,0.0
1627076952000,0.0
1627076982000,0.0
1627077012000,0.0
1627077042000,0.0
1627077072000,0.0
1627077102000,0.0
1627077132000,0.0
1627077162000,0.0
1627077192000,0.0
1627077222000,0.0
1627077252000,0.0
1627077282000,0.0
1627077312000,0.0
1627077342000,0.0
1627077372000,0.0
1627077402000,0.0
1627077432000,0.0
1627077462000,0.0
1627077492000,0.0
1627077522000,0.0
1627077552000,0.0
1627077582000,0.0
1627077612000,0.0
1627077642000,0.0
1627077672000,0.0
1627077702000,0.0
1627077732000,0.0
1627077762000,0.0
1627077792000,0.0
1627077822000,0.0
1627077852000,0.0
1627077882000,0.0
1627077912000,0.0
1627077942000,0.0
1627077972000,0.0
1627078002000,0.0
1627078032000,0.0
1627078062000,0.0
1627078092000,0.0
1627078122000,0.0
1627078152000,0.0
1627078182000,0.0
1627078212000,0.001169889238210399
1627078242000,0.0
1627078272000,0.0
1627078302000,0.0
1627078332000,0.0
1627078362000,0.0
1627078392000,0.0
1627078422000,0.0
1627078452000,0.0
1627078482000,0.0
1627078512000,0.0
1627078542000,0.0
1627078572000,0.0
1627078602000,0.0
1627078632000,0.0
1627078662000,0.0
1627078692000,0.0
1627078722000,0.0
1627078752000,0.0
1627078782000,0.0
1627078812000,0.0
1627078842000,0.0
1627078872000,0.0
1627078902000,0.0
1627078932000,0.0
1627078962000,0.0
1627078992000,0.0
1627079022000,0.0
1627079052000,0.0
1627079082000,0.0
1627079112000,0.0
1627079142000,0.0
1627079172000,0.0
1627079202000,0.0
1627079232000,0.0
1627079262000,0.0
1627079292000,0.0
1627079322000,0.0
1627079352000,0.0
1627079382000,0.0
1627079412000,0.0
1627079442000,0.0
1627079472000,0.0
1627079502000,0.0
1627079532000,0.0
1627079562000,0.0
1627079592000,0.0
1627079622000,0.0
1627079652000,0.0
1627079682000,0.0
1627079712000,0.0
1627079742000,0.0
1627079772000,0.0
1627079802000,0.0
1627079832000,0.0
1627079862000,0.0
1627079892000,0.0
1627079922000,0.0
1627079952000,0.0
1627079982000,0.0
1627080012000,0.0
1627080042000,0.0
1627080072000,0.0
1627080102000,0.0
1627080132000,0.0
1627080162000,0.0
1627080192000,0.0
1627080222000,0.0
1627080252000,0.0
1627080282000,0.0
1627080312000,0.0
1627080342000,0.0
1627080372000,0.0
1627080402000,0.0
1627080432000,0.0
1627080462000,0.0
1627080492000,0.0
1627080522000,0.0
1627080552000,0.0
1627080582000,0.0
1627080612000,0.0
1627080642000,0.0
1627080672000,0.0
1627080702000,0.0
1627080732000,0.0
1627080762000,0.0
1627080792000,0.0
1627080822000,0.0
1627080852000,0.0
1627080882000,0.0
1627080912000,0.0
1627080942000,0.0
1627080972000,0.0
1627081002000,0.0
1627081032000,0.0
1627081062000,0.0
1627081092000,0.0
1627081122000,0.0
1627081152000,0.0
1627081182000,0.0
1627081212000,0.0
1627081242000,0.0
1627081272000,0.0
1627081302000,0.0
1627081332000,0.0
1627081362000,0.0
1627081392000,0.0
1627081422000,0.0
1627081452000,0.0
1627081482000,0.0
1627081512000,0.0
1627081542000,0.0
1627081572000,0.0
1627081602000,0.0
1627081632000,0.0
1627081662000,0.0
1627081692000,0.0
1627081722000,0.0
1627081752000,0.0
1627081782000,0.0
1627081812000,0.0
1627081842000,0.0
1627081872000,0.0
1627081902000,0.0
1627081932000,0.0
1627081962000,0.0
1627081992000,0.0
1627082022000,0.0
1627082052000,0.0
1627082082000,0.0
1627082112000,0.0
1627082142000,0.0
1627082172000,0.0
1627082202000,0.0
1627082232000,0.0
1627082262000,0.0
1627082292000,0.0
1627082322000,0.0
1627082352000,0.0
1627082382000,0.0
1627082412000,0.0
1627082442000,0.0
1627082472000,0.0
1627082502000,0.0
1627082532000,0.0
1627082562000,0.0
1627082592000,0.0
1627082622000,0.0
1627082652000,0.0
1627082682000,0.0
1627082712000,0.0
1627082742000,0.0
1627082772000,0.0
1627082802000,0.0
1627082832000,0.0
1627082862000,0.0
1627082892000,0.0
1627082922000,0.0
1627082952000,0.0
1627082982000,0.0
1627083012000,0.0
1627083042000,0.0
1627083072000,0.0
1627083102000,0.0
1627083132000,0.0
1627083162000,0.0
1627083192000,0.0
1627083222000,0.0
1627083252000,0.0
1627083282000,0.0
1627083312000,0.0
1627083342000,0.0
1627083372000,0.0
1627083402000,0.0
1627083432000,0.0
1627083462000,0.0
1627083492000,0.0
1627083522000,0.0
1627083552000,0.0
1627083582000,0.0
1627083612000,0.0
1627083642000,0.0
1627083672000,0.0
1627083702000,0.0
1627083732000,0.0
1627083762000,0.0
1627083792000,0.0
1627083822000,0.0
1627083852000,0.0
1627083882000,0.0
1627083912000,0.0
1627083942000,0.0
1627083972000,0.0
1627084002000,0.0
1627084032000,0.0
1627084062000,0.0
1627084092000,0.0
1627084122000,0.0
1627084152000,0.0
1627084182000,0.0
1627084212000,0.0
1627084242000,0.0
1627084272000,0.0
1627084302000,0.0
1627084332000,0.0
1627084362000,0.0
1627084392000,0.0
1627084422000,0.0
1627084452000,0.0
1627084482000,0.0
1627084512000,0.0
1627084542000,0.0
1627084572000,0.0
1627084602000,0.0
1627084632000,0.0
1627084662000,0.0
1627084692000,0.0
1627084722000,0.0
1627084752000,0.0
1627084782000,2.7304918032786886e-05
1627084812000,0.0
1627084842000,0.0
1627084872000,0.0
1627084902000,0.0
1627084932000,0.0
1627084962000,0.0
1627084992000,0.0
1627085022000,0.0
1627085052000,0.0
1627085082000,0.0
1627085112000,0.0
1627085142000,0.0
1627085172000,0.0
1627085202000,0.0
1627085232000,0.0
1627085262000,0.0
1627085292000,0.0
1627085322000,0.0
1627085352000,0.0
1627085382000,0.0
1627085412000,0.0
1627085442000,0.0
1627085472000,0.0
1627085502000,0.0
1627085532000,0.0
1627085562000,0.0
1627085592000,0.0
1627085622000,0.0
1627085652000,0.0
1627085682000,0.0
1627085712000,0.0
1627085742000,0.0
1627085772000,0.0
1627085802000,0.0
1627085832000,0.0
1627085862000,0.0
1627085892000,0.0
1627085922000,0.0
1627085952000,0.0
1627085982000,0.0
1627086012000,0.0
1627086042000,0.0
1627086072000,0.0
1627086102000,0.0
1627086132000,0.0
1627086162000,0.0
1627086192000,0.0
1627086222000,0.0
1627086252000,0.0
1627086282000,0.0
1627086312000,0.0
1627086342000,0.0
1627086372000,0.0
1627086402000,0.0
1627086432000,0.0
1627086462000,0.0
1627086492000,0.0
1627086522000,0.0
1627086552000,0.0
1627086582000,0.0
1627086612000,0.0
1627086642000,0.0
1627086672000,0.0
1627086702000,0.0
1627086732000,0.0
1627086762000,0.0
1627086792000,0.0
1627086822000,0.0
1627086852000,0.0
1627086882000,0.0
1627086912000,0.0
1627086942000,0.0
1627086972000,0.0
1627087002000,0.0
1627087032000,0.0
1627087062000,0.0
1627087092000,0.0
1627087122000,0.0
1627087152000,0.0
1627087182000,0.0
1627087212000,0.0
1627087242000,0.0
1627087272000,0.0
1627087302000,0.0
1627087332000,0.0
1627087362000,0.0
1627087392000,0.0
1627087422000,0.0
1627087452000,0.0
1627087482000,0.0
1627087512000,0.0
1627087542000,0.0
1627087572000,0.0
1627087602000,0.0
1627087632000,0.0
1627087662000,0.0
1627087692000,0.0
1627087722000,0.0
1627087752000,0.0
1627087782000,0.0
1627087812000,0.0
1627087842000,0.0
1627087872000,0.0
1627087902000,0.0
1627087932000,0.0
1627087962000,0.0
1627087992000,0.0
1627088022000,0.0
1627088052000,0.0
1627088082000,0.0
1627088112000,0.0
1627088142000,0.0
1627088172000,0.0
1627088202000,0.0
1627088232000,0.0
1627088262000,0.0
1627088292000,0.0
1627088322000,0.0
1627088352000,0.0
1627088382000,0.0
1627088412000,0.0
1627088442000,0.0
1627088472000,0.0
1627088502000,0.0
1627088532000,0.0
1627088562000,0.0
1627088592000,0.0
1627088622000,0.0
1627088652000,0.0
1627088682000,0.0
1627088712000,0.0
1627088742000,0.0
1627088772000,0.0
1627088802000,0.0
1627088832000,0.0
1627088862000,0.0
1627088892000,0.0
1627088922000,0.0
1627088952000,0.0
1627088982000,0.0
1627089012000,0.0
1627089042000,0.0
1627089072000,0.0
1627089102000,0.0
1627089132000,0.0
1627089162000,0.0
1627089192000,0.0
1627089222000,0.0
1627089252000,0.0
1627089282000,0.0
1627089312000,0.0
1627089342000,0.0
1627089372000,0.0
1627089402000,0.0
1627089432000,0.0
1627089462000,0.0
1627089492000,0.0
1627089522000,0.0
1627089552000,0.0
1627089582000,0.0
1627089612000,0.0
1627089642000,0.0
1627089672000,0.0
1627089702000,0.0
1627089732000,0.0
1627089762000,0.0
1627089792000,0.0
1627089822000,0.0
1627089852000,0.0
1627089882000,0.0
1627089912000,0.0
1627089942000,0.0
1627089972000,0.0
1627090002000,0.0
1627090032000,0.0
1627090062000,0.0
1627090092000,0.0
1627090122000,0.0
1627090152000,0.0
1627090182000,0.0
1627090212000,0.0
1627090242000,0.0
1627090272000,0.0
1627090302000,0.0
1627090332000,0.0
1627090362000,0.0
1627090392000,0.0
1627090422000,0.0
1627090452000,0.0
1627090482000,0.0
1627090512000,0.0
1627090542000,0.0
1627090572000,0.0
1627090602000,0.0
1627090632000,0.0
1627090662000,0.0
1627090692000,0.0
1627090722000,0.0
1627090752000,0.0
1627090782000,0.0
1627090812000,0.0
1627090842000,0.0
1627090872000,0.0
1627090902000,0.0
1627090932000,0.0
1627090962000,0.0
1627090992000,0.0
1627091022000,0.0
1627091052000,0.0
1627091082000,0.0
1627091112000,0.0
1627091142000,0.0
1627091172000,0.0
1627091202000,0.0
1627091232000,0.0
1627091262000,0.0
1627091292000,2.0277434679334918e-05
1627091322000,0.0
1627091352000,0.0
1627091382000,0.0
1627091412000,0.0
1627091442000,0.0
1627091472000,0.0
1627091502000,0.0
1627091532000,0.0
1627091562000,0.0
1627091592000,0.0
1627091622000,0.0
1627091652000,0.0
1627091682000,0.0
1627091712000,0.0
1627091742000,0.0
1627091772000,0.0
1627091802000,0.0
1627091832000,0.0
1627091862000,0.0
1627091892000,0.0
1627091922000,0.0
1627091952000,0.0
1627091982000,0.0
1627092012000,0.0
1627092042000,0.0
1627092072000,0.0
1627092102000,0.0
1627092132000,0.0
1627092162000,0.0
1627092192000,0.0
1627092222000,0.0
1627092252000,0.0
1627092282000,0.0
1627092312000,0.0
1627092342000,0.0
1627092372000,0.0
1627092402000,0.0
1627092432000,0.0
1627092462000,0.0
1627092492000,0.0
1627092522000,0.0
1627092552000,0.0
1627092582000,0.0
1627092612000,0.0
1627092642000,0.0
1627092672000,0.0
1627092702000,0.0
1627092732000,0.0
1627092762000,0.0
1627092792000,0.0
1627092822000,0.0
1627092852000,0.0
1627092882000,0.0
1627092912000,0.0
1627092942000,0.0
1627092972000,0.0
1627093002000,0.0
1627093032000,0.0
1627093062000,0.0
1627093092000,0.0
1627093122000,0.0
1627093152000,0.0
1627093182000,0.0
1627093212000,0.0
1627093242000,0.0
1627093272000,0.0
1627093302000,0.0
1627093332000,0.0
1627093362000,0.0
1627093392000,0.0
1627093422000,0.0
1627093452000,0.0
1627093482000,0.0
1627093512000,0.0
1627093542000,0.0
1627093572000,0.0
1627093602000,0.0
1627093632000,0.0
1627093662000,0.0
1627093692000,0.0
1627093722000,0.0
1627093752000,0.0
1627093782000,0.0
1627093812000,0.0
1627093842000,0.0035592745400593474
1627093872000,0.0
1627093902000,0.0
1627093932000,0.0
1627093962000,0.0
1627093992000,0.0
1627094022000,0.0
1627094052000,0.0
1627094082000,0.0
1627094112000,0.0
1627094142000,0.0
1627094172000,0.0
1627094202000,0.0
1627094232000,0.0
1627094262000,0.0
1627094292000,0.0
1627094322000,0.0
1627094352000,0.0
1627094382000,0.0
1627094412000,0.0
1627094442000,0.0
1627094472000,0.0
1627094502000,0.0
1627094532000,0.0
1627094562000,0.0
1627094592000,0.0
1627094622000,0.0
1627094652000,0.0
1627094682000,0.0
1627094712000,0.0
1627094742000,0.0
1627094772000,0.0
1627094802000,0.0
1627094832000,0.0
1627094862000,0.0
1627094892000,0.0
1627094922000,0.0
1627094952000,0.0
1627094982000,0.0
1627095012000,0.0
1627095042000,0.0
1627095072000,0.0
1627095102000,0.0
1627095132000,0.0
1627095162000,0.0
1627095192000,0.0
1627095222000,0.0
1627095252000,0.0
1627095282000,0.0
1627095312000,0.0
1627095342000,0.0
1627095372000,0.0
1627095402000,0.0
1627095432000,0.0
1627095462000,0.0
1627095492000,0.0
1627095522000,0.0
1627095552000,0.0
1627095582000,0.0
1627095612000,0.0
1627095642000,0.0
1627095672000,0.0
1627095702000,0.0
1627095732000,0.0
1627095762000,0.0
1627095792000,0.0
1627095822000,0.0
1627095852000,0.0
1627095882000,0.0
1627095912000,0.0
1627095942000,0.0
1627095972000,0.0
1627096002000,0.0
1627096032000,0.0
1627096062000,0.0
1627096092000,0.0
1627096122000,0.0
1627096152000,0.0
1627096182000,0.0
1627096212000,0.0
1627096242000,0.0
1627096272000,0.0
1627096302000,0.0
1627096332000,0.0
1627096362000,0.0
1627096392000,0.0
1627096422000,0.0
1627096452000,0.0
1627096482000,0.0
1627096512000,0.0
1627096542000,0.0
1627096572000,0.0
1627096602000,0.0
1627096632000,0.0
1627096662000,0.0
1627096692000,0.0
1627096722000,0.0
1627096752000,0.0
1627096782000,0.0
1627096812000,0.0
1627096842000,0.0
1627096872000,0.0
1627096902000,0.0
1627096932000,0.0
1627096962000,0.0
1627096992000,0.0
1627097022000,0.0
1627097052000,0.0
1627097082000,0.0
1627097112000,0.0
1627097142000,0.0
1627097172000,0.0
1627097202000,0.0
1627097232000,0.0
1627097262000,0.0
1627097292000,0.0
1627097322000,0.0
1627097352000,0.0
1627097382000,0.0
1627097412000,0.0
1627097442000,0.0
1627097472000,0.0
1627097502000,0.0
1627097532000,0.0
1627097562000,0.0
1627097592000,0.0
1627097622000,0.0
1627097652000,0.0
1627097682000,0.0
1627097712000,0.0
1627097742000,0.0
1627097772000,0.0
1627097802000,0.0
1627097832000,0.0
1627097862000,0.0
1627097892000,0.0
1627097922000,0.0
1627097952000,0.0
1627097982000,0.0
1627098012000,0.0
1627098042000,0.0
1627098072000,0.0
1627098102000,0.0
1627098132000,0.0
1627098162000,0.0
1627098192000,0.0
1627098222000,0.0
1627098252000,0.0
1627098282000,0.0
1627098312000,0.0
1627098342000,0.0
1627098372000,0.0
1627098402000,0.0
1627098432000,0.0
1627098462000,0.0
1627098492000,0.0
1627098522000,0.0
1627098552000,0.0
1627098582000,0.0
1627098612000,0.0
1627098642000,0.0
1627098672000,0.0
1627098702000,0.0
1627098732000,0.0
1627098762000,0.0
1627098792000,0.0
1627098822000,0.0
1627098852000,0.0
1627098882000,0.0
1627098912000,0.0
1627098942000,0.0
1627098972000,0.0
1627099002000,0.0
1627099032000,0.0
1627099062000,0.0
1627099092000,0.0
1627099122000,0.0
1627099152000,0.0
1627099182000,0.0
1627099212000,0.0
1627099242000,0.0
1627099272000,0.0
1627099302000,0.0
1627099332000,0.0
1627099362000,0.0
1627099392000,0.0
1627099422000,0.0
1627099452000,0.0
1627099482000,0.0
1627099512000,0.0
1627099542000,0.0
1627099572000,0.0
1627099602000,0.0
1627099632000,0.0
1627099662000,0.0
1627099692000,0.0
1627099722000,0.0
1627099752000,0.0
1627099782000,0.0
1627099812000,0.0
1627099842000,0.0
1627099872000,0.0
1627099902000,0.0
1627099932000,0.0
1627099962000,0.0
1627099992000,0.0
1627100022000,0.0
1627100052000,0.0
1627100082000,0.0
1627100112000,0.0
1627100142000,0.0
1627100172000,0.0
1627100202000,0.0
1627100232000,0.0
1627100262000,0.0
1627100292000,0.0
1627100322000,0.0
1627100352000,0.0
1627100382000,0.0
1627100412000,0.0
1627100442000,0.0
1627100472000,0.0
1627100502000,0.0
1627100532000,0.0
1627100562000,0.0
1627100592000,0.0
1627100622000,0.0
1627100652000,0.0
1627100682000,0.0
1627100712000,0.0
1627100742000,0.0
1627100772000,0.0
1627100802000,0.0
1627100832000,0.0
1627100862000,0.0
1627100892000,0.0
1627100922000,0.0
1627100952000,0.0
1627100982000,0.0
1627101012000,0.0
1627101042000,0.0
1627101072000,0.0
1627101102000,0.0
1627101132000,0.0
1627101162000,0.0
1627101192000,0.0
1627101222000,0.0
1627101252000,0.0
1627101282000,0.0
1627101312000,0.0
1627101342000,0.0
1627101372000,0.0
1627101402000,0.0
1627101432000,0.0
1627101462000,0.0
1627101492000,0.0
1627101522000,0.0
1627101552000,0.0
1627101582000,0.0
1627101612000,0.0
1627101642000,0.0
1627101672000,0.0
1627101702000,0.0
1627101732000,0.0
1627101762000,0.0
1627101792000,0.0
1627101822000,0.0
1627101852000,0.0
1627101882000,0.0
1627101912000,0.0
1627101942000,0.0
1627101972000,0.0
1627102002000,0.0
1627102032000,0.0
1627102062000,0.0
1627102092000,0.0
1627102122000,0.0
1627102152000,0.0
1627102182000,0.0
1627102212000,0.0
1627102242000,0.0
1627102272000,0.0
1627102302000,0.0
1627102332000,0.0
1627102362000,0.0
1627102392000,0.0
1627102422000,0.0
1627102452000,0.0
1627102482000,0.0
1627102512000,0.0
1627102542000,0.0
1627102572000,0.0
1627102602000,0.0
1627102632000,0.0
1627102662000,0.0
1627102692000,0.0
1627102722000,0.0
1627102752000,0.0
1627102782000,0.0
1627102812000,0.0
1627102842000,0.0
1627102872000,0.0
1627102902000,0.0
1627102932000,0.0
1627102962000,0.0
1627102992000,0.0
1627103022000,0.0
1627103052000,0.0
1627103082000,0.0
1627103112000,0.0
1627103142000,0.0
1627103172000,0.0
1627103202000,0.0
1627103232000,0.0
1627103262000,0.0
1627103292000,0.0
1627103322000,0.0
1627103352000,0.0
1627103382000,0.0
1627103412000,0.0
1627103442000,0.0
1627103472000,0.0
1627103502000,0.0
1627103532000,0.0
1627103562000,0.0
1627103592000,0.0
1627103622000,0.0
1627103652000,0.0
1627103682000,0.0
1627103712000,0.0
1627103742000,0.0
1627103772000,0.0
1627103802000,0.0
1627103832000,0.0
1627103862000,0.0
1627103892000,0.0
1627103922000,0.0
1627103952000,0.0
1627103982000,0.0
1627104012000,0.0
1627104042000,0.0
1627104072000,0.0
1627104102000,0.0
1627104132000,0.0
1627104162000,0.0
1627104192000,0.0
1627104222000,0.0
1627104252000,0.0
1627104282000,0.0
1627104312000,0.0
1627104342000,0.0
1627104372000,0.0
1627104402000,0.0
1627104432000,0.0
1627104462000,0.0
1627104492000,0.0
1627104522000,0.0
1627104552000,0.0
1627104582000,0.0
1627104612000,0.0
1627104642000,0.0
1627104672000,0.0
1627104702000,0.0
1627104732000,0.0
1627104762000,0.0
1627104792000,0.0
1627104822000,0.0
1627104852000,0.0
1627104882000,0.0
1627104912000,0.0
1627104942000,0.0
1627104972000,0.0
1627105002000,0.0
1627105032000,0.0
1627105062000,0.0
1627105092000,0.0
1627105122000,0.0
1627105152000,0.0
1627105182000,0.0
1627105212000,0.0
1627105242000,0.0
1627105272000,0.0
1627105302000,0.0
1627105332000,0.0
1627105362000,0.0
1627105392000,0.0
1627105422000,0.0
1627105452000,0.0
1627105482000,0.0
1627105512000,0.0
1627105542000,0.0
1627105572000,0.0
1627105602000,0.0
1627105632000,0.0
1627105662000,0.0
1627105692000,0.0
1627105722000,0.0
1627105752000,0.0
1627105782000,0.0
1627105812000,0.0
1627105842000,0.0
1627105872000,0.0
1627105902000,0.0
1627105932000,0.0
1627105962000,0.0
1627105992000,0.0
1627106022000,0.0
1627106052000,0.0
1627106082000,0.0
1627106112000,0.0
1627106142000,0.0
1627106172000,0.0
1627106202000,0.0
1627106232000,0.0
1627106262000,0.0
1627106292000,0.0
1627106322000,0.0
1627106352000,0.0
1627106382000,0.0
1627106412000,0.0
1627106442000,0.0
1627106472000,0.0
1627106502000,0.0
1627106532000,0.0
1627106562000,0.0
1627106592000,0.0
1627106622000,0.0
1627106652000,0.0
1627106682000,0.0
1627106712000,0.0
1627106742000,0.0
1627106772000,0.0
1627106802000,0.0
1627106832000,0.0
1627106862000,0.0
1627106892000,0.0
1627106922000,0.0
1627106952000,0.0
1627106982000,0.0
1627107012000,0.0
1627107042000,0.0
1627107072000,0.0
1627107102000,0.0
1627107132000,0.0
1627107162000,0.0
1627107192000,0.0
1627107222000,0.0
1627107252000,0.0
1627107282000,0.0
1627107312000,0.0
1627107342000,0.0
1627107372000,0.0
1627107402000,0.0
1627107432000,0.0
1627107462000,0.0
1627107492000,6.355746773202212e-06
1627107522000,0.0
1627107552000,0.0
1627107582000,0.0
1627107612000,0.0
1627107642000,0.0
1627107672000,0.0
1627107702000,0.0
1627107732000,0.0
1627107762000,0.0
1627107792000,0.0
1627107822000,0.0
1627107852000,0.0
1627107882000,0.0
1627107912000,0.0
1627107942000,0.0
1627107972000,0.0
1627108002000,0.0
1627108032000,0.0
1627108062000,0.0
1627108092000,0.0
1627108122000,0.0
1627108152000,0.0
1627108182000,0.0
1627108212000,0.0
1627108242000,0.0
1627108272000,0.0
1627108302000,0.0
1627108332000,0.0
1627108362000,0.0
1627108392000,0.0
1627108422000,0.0
1627108452000,0.0
1627108482000,0.0
1627108512000,0.0
1627108542000,0.0
1627108572000,0.0
1627108602000,0.0
1627108632000,0.0
1627108662000,0.0
1627108692000,0.0
1627108722000,0.0
1627108752000,0.0
1627108782000,0.0
1627108812000,0.0
1627108842000,0.0
1627108872000,0.0
1627108902000,0.0
1627108932000,0.0
1627108962000,0.0
1627108992000,0.0
1627109022000,0.0
1627109052000,0.0
1627109082000,0.0
1627109112000,0.0
1627109142000,0.0
1627109172000,0.0
1627109202000,0.0
1627109232000,0.0
1627109262000,0.0
1627109292000,0.0
1627109322000,0.0
1627109352000,0.0
1627109382000,0.0
1627109412000,0.0
1627109442000,0.0
1627109472000,0.0
1627109502000,0.0
1627109532000,0.0
1627109562000,0.0
1627109592000,0.0
1627109622000,0.0
1627109652000,0.0
1627109682000,0.0
1627109712000,0.0
1627109742000,0.0
1627109772000,0.0
1627109802000,0.0
1627109832000,0.0
1627109862000,0.0
1627109892000,0.0
1627109922000,0.0
1627109952000,0.0
1627109982000,0.0
1627110012000,0.0
1627110042000,0.0
1627110072000,0.0003142373125374925
1627110102000,0.0
1627110132000,0.0
1627110162000,0.0
1627110192000,0.0
1627110222000,0.0
1627110252000,0.0
1627110282000,0.0
1627110312000,0.0
1627110342000,0.0
1627110372000,0.0
1627110402000,0.0
1627110432000,0.0
1627110462000,0.0
1627110492000,0.0
1627110522000,0.0
1627110552000,0.0
1627110582000,0.0
1627110612000,0.0
1627110642000,0.0
1627110672000,0.0
1627110702000,0.0
1627110732000,0.0
1627110762000,0.0
1627110792000,0.0
1627110822000,0.0
1627110852000,0.0
1627110882000,0.0
1627110912000,0.0
1627110942000,0.0
1627110972000,0.0
1627111002000,0.0
1627111032000,0.0
1627111062000,0.0
1627111092000,0.0
1627111122000,0.0
1627111152000,0.0
1627111182000,0.0
1627111212000,0.0
1627111242000,0.0
1627111272000,0.0
1627111302000,0.0
1627111332000,0.0
1627111362000,0.0
1627111392000,0.0
1627111422000,0.0
1627111452000,0.0
1627111482000,0.0
1627111512000,0.0
1627111542000,0.0
1627111572000,0.0
1627111602000,0.0
1627111632000,0.0
1627111662000,0.0
1627111692000,0.0
1627111722000,0.0
1627111752000,0.0
1627111782000,0.0
1627111812000,0.0
1627111842000,0.0
1627111872000,0.0
1627111902000,0.0
1627111932000,0.0
1627111962000,0.0
1627111992000,0.0
1627112022000,0.0
1627112052000,0.0
1627112082000,0.0
1627112112000,0.0
1627112142000,0.0
1627112172000,0.0
1627112202000,0.0
1627112232000,0.0
1627112262000,0.0
1627112292000,0.0
1627112322000,0.0
1627112352000,0.0
1627112382000,0.0
1627112412000,0.0
1627112442000,0.0
1627112472000,0.0
1627112502000,0.0
1627112532000,0.0
1627112562000,0.0
1627112592000,0.0
1627112622000,0.0
1627112652000,0.0
1627112682000,0.0
1627112712000,0.0
1627112742000,0.0
1627112772000,0.0
1627112802000,0.0
1627112832000,0.0
1627112862000,0.0
1627112892000,0.0
1627112922000,0.0
1627112952000,0.0
1627112982000,0.0
1627113012000,0.0
1627113042000,0.0
1627113072000,0.0
1627113102000,0.0
1627113132000,0.0
1627113162000,0.0
1627113192000,0.0
1627113222000,0.0
1627113252000,0.0
1627113282000,0.0
1627113312000,0.0
1627113342000,0.0
1627113372000,0.0
1627113402000,0.0
1627113432000,0.0
1627113462000,0.0
1627113492000,0.0
1627113522000,0.0
1627113552000,0.0
1627113582000,0.0
1627113612000,0.0
1627113642000,0.0
1627113672000,0.0
1627113702000,0.0
1627113732000,0.0
1627113762000,0.0
1627113792000,0.0
1627113822000,0.0
1627113852000,0.0
1627113882000,0.0
1627113912000,0.0
1627113942000,0.0
1627113972000,0.0
1627114002000,0.0
1627114032000,0.0
1627114062000,0.0
1627114092000,0.0
1627114122000,0.0
1627114152000,0.0
1627114182000,0.0
1627114212000,0.0
1627114242000,0.0
1627114272000,0.0
1627114302000,0.0
1627114332000,0.0
1627114362000,0.0
1627114392000,0.0
1627114422000,0.0
1627114452000,0.0
1627114482000,0.0
1627114512000,0.0
1627114542000,0.0
1627114572000,0.0
1627114602000,0.0
1627114632000,0.0
1627114662000,0.0
1627114692000,0.0
1627114722000,0.0
1627114752000,0.0
1627114782000,0.0
1627114812000,0.0
1627114842000,0.0
1627114872000,0.0
1627114902000,0.0
1627114932000,0.0
1627114962000,0.0
1627114992000,0.0
1627115022000,0.0
1627115052000,0.0
1627115082000,0.0
1627115112000,0.0
1627115142000,0.0
1627115172000,0.0
1627115202000,0.0
1627115232000,0.0
1627115262000,0.0
1627115292000,0.0
1627115322000,0.0
1627115352000,0.0
1627115382000,0.0
1627115412000,0.0
1627115442000,0.0
1627115472000,0.0
1627115502000,0.0
1627115532000,0.0
1627115562000,0.0
1627115592000,0.0
1627115622000,0.0
1627115652000,0.0
1627115682000,0.0
1627115712000,0.0
1627115742000,0.0
1627115772000,0.0
1627115802000,0.0
1627115832000,0.0
1627115862000,0.0
1627115892000,0.0
1627115922000,0.0
1627115952000,0.0
1627115982000,0.0
1627116012000,0.0
1627116042000,0.0
1627116072000,0.0
1627116102000,0.0
1627116132000,0.0
1627116162000,0.0
1627116192000,0.0
1627116222000,0.0
1627116252000,0.0
1627116282000,0.0
1627116312000,0.0
1627116342000,0.0
1627116372000,0.0
1627116402000,0.0
1627116432000,0.0
1627116462000,0.0
1627116492000,0.0
1627116522000,0.0
1627116552000,0.0
1627116582000,0.0
1627116612000,0.0
1627116642000,0.0
1627116672000,0.0
1627116702000,0.0
1627116732000,0.0
1627116762000,0.0
1627116792000,0.0
1627116822000,0.0
1627116852000,0.0
1627116882000,0.0
1627116912000,0.0
1627116942000,0.0
1627116972000,0.0
1627117002000,0.0
1627117032000,0.0
1627117062000,0.0
1627117092000,0.0
1627117122000,0.0
1627117152000,0.0
1627117182000,0.0
1627117212000,0.0
1627117242000,0.0
1627117272000,0.0
1627117302000,0.0
1627117332000,0.0
1627117362000,0.0
1627117392000,0.0
1627117422000,0.0
1627117452000,0.0
1627117482000,0.0
1627117512000,0.0
1627117542000,0.0
1627117572000,0.0
1627117602000,0.0
1627117632000,0.0
1627117662000,0.0
1627117692000,0.0
1627117722000,0.0
1627117752000,0.0
1627117782000,0.0
1627117812000,0.0
1627117842000,0.0
1627117872000,0.0
1627117902000,0.0
1627117932000,9.343607361963191e-05
1627117962000,0.0
1627117992000,0.0
1627118022000,0.0
1627118052000,0.0
1627118082000,0.0
1627118112000,0.0
1627118142000,0.0
1627118172000,0.0
1627118202000,0.0
1627118232000,0.0
1627118262000,0.0
1627118292000,0.0
1627118322000,0.0
1627118352000,0.0
1627118382000,0.0
1627118412000,0.0
1627118442000,0.0
1627118472000,0.0
1627118502000,0.0
1627118532000,0.0
1627118562000,0.0
1627118592000,0.0
1627118622000,0.0
1627118652000,0.0
1627118682000,0.0
1627118712000,0.0
1627118742000,0.0
1627118772000,0.0
1627118802000,0.0
1627118832000,0.0
1627118862000,0.0
1627118892000,0.0
1627118922000,0.0
1627118952000,0.0
1627118982000,0.0
1627119012000,0.0
1627119042000,0.0
1627119072000,0.0
1627119102000,0.0
1627119132000,0.0
1627119162000,0.0
1627119192000,0.0
1627119222000,0.0
1627119252000,0.0
1627119282000,0.0
1627119312000,0.0
1627119342000,0.0
1627119372000,0.0
1627119402000,0.0
1627119432000,0.0
1627119462000,0.0
1627119492000,0.0
1627119522000,0.0
1627119552000,0.0
1627119582000,0.0
1627119612000,0.0
1627119642000,0.0
1627119672000,0.0
1627119702000,0.0
1627119732000,0.0
1627119762000,0.0
1627119792000,0.0
1627119822000,0.0
1627119852000,0.0
1627119882000,0.0
1627119912000,0.0
1627119942000,0.0
1627119972000,0.0
1627120002000,0.0
1627120032000,0.0
1627120062000,0.0
1627120092000,0.0
1627120122000,0.0
1627120152000,0.0
1627120182000,0.0
1627120212000,0.0
1627120242000,0.0
1627120272000,0.0
1627120302000,0.0
1627120332000,0.0
1627120362000,0.0
1627120392000,0.0
1627120422000,0.0
1627120452000,0.0
1627120482000,0.0
1627120512000,0.0
1627120542000,0.0
1627120572000,0.0
1627120602000,0.0
1627120632000,0.0
1627120662000,0.0
1627120692000,0.0
1627120722000,0.0
1627120752000,0.0
1627120782000,0.0
1627120812000,0.0
1627120842000,0.0
1627120872000,0.0
1627120902000,0.0
1627120932000,0.0
1627120962000,0.0
1627120992000,0.0
1627121022000,0.0
1627121052000,0.0
1627121082000,0.0
1627121112000,0.0
1627121142000,0.0
1627121172000,0.0
1627121202000,0.0
1627121232000,0.0
1627121262000,0.0
1627121292000,0.0
1627121322000,0.0
1627121352000,0.0
1627121382000,0.0
1627121412000,0.0
1627121442000,0.0
1627121472000,0.0
1627121502000,0.0
1627121532000,0.0
1627121562000,0.0
1627121592000,0.0
1627121622000,0.0
1627121652000,0.0
1627121682000,0.0
1627121712000,0.0
1627121742000,0.0
1627121772000,0.0
1627121802000,0.0
1627121832000,0.0
1627121862000,0.0
1627121892000,0.0
1627121922000,0.0
1627121952000,0.0
1627121982000,0.0
1627122012000,0.0
1627122042000,0.0
1627122072000,0.0
1627122102000,0.0
1627122132000,0.0
1627122162000,0.0
1627122192000,0.0
1627122222000,0.0
1627122252000,0.0
1627122282000,0.0
1627122312000,0.0
1627122342000,0.0
1627122372000,0.0
1627122402000,0.0
1627122432000,0.0
1627122462000,0.0
1627122492000,0.0
1627122522000,0.0
1627122552000,0.0
1627122582000,0.0
1627122612000,0.0
1627122642000,0.0
1627122672000,0.0
1627122702000,0.0
1627122732000,0.0
1627122762000,0.0
1627122792000,0.0
1627122822000,0.0
1627122852000,0.0
1627122882000,0.0
1627122912000,0.0
1627122942000,0.0
1627122972000,0.0
1627123002000,0.0
1627123032000,0.0
1627123062000,0.0
1627123092000,0.0
1627123122000,0.0
1627123152000,0.0
1627123182000,0.0
1627123212000,0.0
1627123242000,0.0
1627123272000,0.0
1627123302000,0.0
1627123332000,0.0
1627123362000,0.0
1627123392000,0.0
1627123422000,0.0
1627123452000,0.0
1627123482000,0.0
1627123512000,0.0
1627123542000,0.0
1627123572000,0.0
1627123602000,0.0
1627123632000,0.0
1627123662000,0.0
1627123692000,0.0
1627123722000,0.0
1627123752000,0.0
1627123782000,0.0
1627123812000,0.0
1627123842000,0.0
1627123872000,0.0
1627123902000,0.0
1627123932000,0.0
1627123962000,0.0
1627123992000,0.0
1627124022000,0.0
1627124052000,0.0
1627124082000,0.0
1627124112000,0.0
1627124142000,0.0
1627124172000,0.0
1627124202000,0.0
1627124232000,0.0
1627124262000,0.0
1627124292000,0.0
1627124322000,0.0
1627124352000,0.0
1627124382000,0.0
1627124412000,0.0
1627124442000,0.0
1627124472000,0.0
1627124502000,0.0
1627124532000,0.0
1627124562000,0.0
1627124592000,0.0
1627124622000,0.0
1627124652000,0.0
1627124682000,0.0
1627124712000,0.0
1627124742000,0.0
1627124772000,0.0
1627124802000,0.0
1627124832000,0.0
1627124862000,0.0
1627124892000,0.0
1627124922000,0.0
1627124952000,0.0
1627124982000,0.0
1627125012000,0.0
1627125042000,0.0
1627125072000,0.0
1627125102000,0.0
1627125132000,0.0
1627125162000,0.0
1627125192000,0.0
1627125222000,0.0
1627125252000,0.0
1627125282000,0.0
1627125312000,0.0
1627125342000,0.0
1627125372000,0.0
1627125402000,0.0
1627125432000,0.0
1627125462000,0.0
1627125492000,0.0
1627125522000,0.0
1627125552000,0.0
1627125582000,0.0
1627125612000,0.0
1627125642000,0.0
1627125672000,0.0
1627125702000,0.0
1627125732000,0.0
1627125762000,0.0
1627125792000,0.0
1627125822000,0.0
1627125852000,0.0
1627125882000,0.0
1627125912000,0.0
1627125942000,0.0
1627125972000,0.0
1627126002000,0.0
1627126032000,0.0
1627126062000,0.0
1627126092000,0.0
1627126122000,0.0
1627126152000,0.0
1627126182000,0.0
1627126212000,0.00016343007789095267
1627126242000,0.0
1627126272000,0.0
1627126302000,0.0
1627126332000,0.0
1627126362000,0.0
1627126392000,0.0
1627126422000,0.0
1627126452000,0.0
1627126482000,0.0
1627126512000,0.0
1627126542000,0.0
1627126572000,0.0
1627126602000,0.0
1627126632000,0.0
1627126662000,0.0
1627126692000,0.0
1627126722000,0.0
1627126752000,0.0
1627126782000,0.0
1627126812000,0.0
1627126842000,0.0
1627126872000,0.0
1627126902000,0.0
1627126932000,0.0
1627126962000,0.0
1627126992000,0.0
1627127022000,0.0
1627127052000,0.0
1627127082000,0.0
1627127112000,0.0
1627127142000,0.0
1627127172000,0.0
1627127202000,0.0
1627127232000,0.0
1627127262000,0.0
1627127292000,0.0
1627127322000,0.0
1627127352000,0.0
1627127382000,0.0
1627127412000,0.0
1627127442000,0.0
1627127472000,0.0
1627127502000,0.0
1627127532000,0.0
1627127562000,0.0
1627127592000,0.0
1627127622000,0.0
1627127652000,0.0
1627127682000,0.0
1627127712000,0.0
1627127742000,0.0
1627127772000,0.0
1627127802000,0.0
1627127832000,0.0
1627127862000,0.0
1627127892000,0.0
1627127922000,0.0
1627127952000,0.0
1627127982000,0.0
1627128012000,0.0
1627128042000,0.0
1627128072000,0.0
1627128102000,0.0
1627128132000,0.0
1627128162000,0.0
1627128192000,0.0
1627128222000,0.0
1627128252000,0.0
1627128282000,0.0
1627128312000,0.0
1627128342000,0.0
1627128372000,0.0
1627128402000,0.0
1627128432000,0.0
1627128462000,0.0
1627128492000,0.0
1627128522000,0.0
1627128552000,0.0
1627128582000,0.0
1627128612000,0.0
1627128642000,0.0
1627128672000,0.0
1627128702000,0.0
1627128732000,0.0
1627128762000,0.0
1627128792000,0.0
1627128822000,0.0
1627128852000,0.0
1627128882000,0.0
1627128912000,0.0
1627128942000,0.0
1627128972000,0.0
1627129002000,0.0
1627129032000,0.0
1627129062000,0.0
1627129092000,0.0
1627129122000,0.0
1627129152000,0.0
1627129182000,0.0
1627129212000,0.0
1627129242000,0.0
1627129272000,0.0
1627129302000,0.0
1627129332000,0.0
1627129362000,0.0
1627129392000,0.0
1627129422000,0.0
1627129452000,0.0
1627129482000,0.0
1627129512000,0.0
1627129542000,0.0
1627129572000,0.0
1627129602000,0.0
1627129632000,0.0
1627129662000,0.0
1627129692000,0.0
1627129722000,0.0
1627129752000,0.0
1627129782000,0.0
1627129812000,0.0
1627129842000,0.0
1627129872000,0.0
1627129902000,0.0
1627129932000,0.0
1627129962000,0.0
1627129992000,0.0
1627130022000,0.0
1627130052000,0.0
1627130082000,0.0
1627130112000,0.0
1627130142000,0.0
1627130172000,0.0
1627130202000,0.0
1627130232000,0.0
1627130262000,0.0
1627130292000,0.0
1627130322000,0.0
1627130352000,0.0
1627130382000,0.0
1627130412000,0.0
1627130442000,0.0
1627130472000,0.0
1627130502000,0.0
1627130532000,0.0003123978273989137
1627130562000,0.0
1627130592000,0.0
1627130622000,0.0
1627130652000,0.0
1627130682000,0.0
1627130712000,0.0
1627130742000,0.0
1627130772000,0.0
1627130802000,0.0
1627130832000,0.0
1627130862000,0.0
1627130892000,0.0
1627130922000,0.0
1627130952000,0.0
1627130982000,0.0
1627131012000,0.0
1627131042000,0.0
1627131072000,0.0
1627131102000,0.0
1627131132000,0.0
1627131162000,0.0
1627131192000,0.0
1627131222000,0.0
1627131252000,0.0
1627131282000,0.0
1627131312000,0.0
1627131342000,0.0
1627131372000,0.0
1627131402000,0.0
1627131432000,0.0
1627131462000,0.0
1627131492000,0.0
1627131522000,0.0
1627131552000,0.0
1627131582000,0.0
1627131612000,0.0
1627131642000,0.0
1627131672000,0.0
1627131702000,0.0
1627131732000,0.0
1627131762000,0.0
1627131792000,0.0
1627131822000,0.0
1627131852000,0.0
1627131882000,0.0
1627131912000,0.0
1627131942000,0.0
1627131972000,0.0
1627132002000,0.0
1627132032000,0.0
1627132062000,0.0
1627132092000,0.0
1627132122000,0.0
1627132152000,0.0
1627132182000,0.0
1627132212000,0.0
1627132242000,0.0
1627132272000,0.0
1627132302000,0.0
1627132332000,0.0
1627132362000,0.0
1627132392000,0.0
1627132422000,0.0
1627132452000,0.0
1627132482000,0.0
1627132512000,0.0
1627132542000,0.0
1627132572000,0.0
1627132602000,0.0
1627132632000,0.0
1627132662000,0.0
1627132692000,0.0
1627132722000,0.0
1627132752000,0.0
1627132782000,0.0
1627132812000,0.0
1627132842000,0.0
1627132872000,0.0
1627132902000,0.0
1627132932000,0.0
1627132962000,0.0
1627132992000,0.0
1627133022000,0.0
1627133052000,0.0
1627133082000,0.0
1627133112000,0.0
1627133142000,0.0
1627133172000,0.0
1627133202000,0.0
1627133232000,0.0
1627133262000,0.0
1627133292000,0.0
1627133322000,0.0
1627133352000,0.0
1627133382000,0.0
1627133412000,0.0
1627133442000,0.0
1627133472000,0.0
1627133502000,0.0
1627133532000,0.0
1627133562000,0.0
1627133592000,0.0
1627133622000,0.0
1627133652000,0.0
1627133682000,0.0
1627133712000,0.0
1627133742000,0.0
1627133772000,0.0
1627133802000,0.0
1627133832000,0.0
1627133862000,0.0
1627133892000,0.0
1627133922000,0.0
1627133952000,0.0
1627133982000,0.0
1627134012000,0.0
1627134042000,0.0
1627134072000,0.0
1627134102000,0.0
1627134132000,0.0
1627134162000,0.0
1627134192000,0.0
1627134222000,0.0
1627134252000,0.0
1627134282000,0.0
1627134312000,0.0
1627134342000,0.0
1627134372000,0.0
1627134402000,0.0
1627134432000,0.0
1627134462000,0.0
1627134492000,0.0
1627134522000,0.0
1627134552000,0.0
1627134582000,0.0
1627134612000,0.0
1627134642000,0.0
1627134672000,0.0
1627134702000,0.0
1627134732000,0.0
1627134762000,0.0
1627134792000,0.0
1627134822000,0.0
1627134852000,0.0
1627134882000,0.0
1627134912000,0.0
1627134942000,0.0
1627134972000,0.0
1627135002000,0.0
1627135032000,0.0
1627135062000,0.0
1627135092000,0.0
1627135122000,0.0
1627135152000,0.0
1627135182000,0.0
1627135212000,0.0
1627135242000,0.0
1627135272000,0.0
1627135302000,0.0
1627135332000,0.0
1627135362000,0.0
1627135392000,0.0
1627135422000,0.0
1627135452000,0.0
1627135482000,0.0
1627135512000,0.0
1627135542000,0.0
1627135572000,0.0
1627135602000,0.0
1627135632000,0.0
1627135662000,0.0
1627135692000,0.0
1627135722000,0.0
1627135752000,0.0
1627135782000,0.0
1627135812000,0.0
1627135842000,0.0
1627135872000,0.0
1627135902000,0.0
1627135932000,0.0
1627135962000,0.0
1627135992000,0.0
1627136022000,0.0
1627136052000,0.0
1627136082000,0.0
1627136112000,0.0
1627136142000,0.0
1627136172000,0.0
1627136202000,0.0
1627136232000,0.0
1627136262000,0.0
1627136292000,0.0
1627136322000,0.0
1627136352000,0.0
1627136382000,0.0
1627136412000,0.0
1627136442000,0.0
1627136472000,0.0
1627136502000,0.0
1627136532000,0.0
1627136562000,0.0
1627136592000,0.0
1627136622000,0.0
1627136652000,0.0
1627136682000,0.0
1627136712000,0.0
1627136742000,0.0
1627136772000,0.0
1627136802000,0.0
1627136832000,0.0
1627136862000,0.0
1627136892000,0.0
1627136922000,0.0
1627136952000,0.0
1627136982000,0.0
1627137012000,0.0
1627137042000,0.0
1627137072000,0.0
1627137102000,0.0
1627137132000,0.0
1627137162000,0.0
1627137192000,0.0
1627137222000,0.0
1627137252000,0.0
1627137282000,0.0
1627137312000,0.0
1627137342000,0.0
1627137372000,0.0
1627137402000,0.0
1627137432000,0.0
1627137462000,0.0
1627137492000,0.0
1627137522000,0.0
1627137552000,0.0
1627137582000,0.0
1627137612000,0.0
1627137642000,0.0
1627137672000,0.0
1627137702000,0.0
1627137732000,0.0
1627137762000,0.0
1627137792000,0.0
1627137822000,0.0
1627137852000,0.0
1627137882000,0.0
1627137912000,0.0
1627137942000,0.0
1627137972000,0.0
1627138002000,0.0
1627138032000,0.0
1627138062000,0.0
1627138092000,0.0
1627138122000,0.0
1627138152000,0.0
1627138182000,0.0
1627138212000,0.0
1627138242000,0.0
1627138272000,0.0
1627138302000,0.0
1627138332000,0.0
1627138362000,0.0
1627138392000,0.0
1627138422000,0.0
1627138452000,0.0
1627138482000,0.0
1627138512000,0.0
1627138542000,0.0
1627138572000,0.0
1627138602000,0.0
1627138632000,0.0
1627138662000,0.0
1627138692000,0.0
1627138722000,0.0
1627138752000,0.0
1627138782000,0.0
1627138812000,0.0
1627138842000,0.0
1627138872000,0.0
1627138902000,0.0
1627138932000,0.0
1627138962000,0.0
1627138992000,0.0
1627139022000,0.0
1627139052000,0.0
1627139082000,0.0
1627139112000,0.0
1627139142000,0.0
1627139172000,0.0
1627139202000,0.0
1627139232000,0.0
1627139262000,0.0
1627139292000,0.0
1627139322000,0.0
1627139352000,0.0
1627139382000,0.0
1627139412000,0.0
1627139442000,0.0
1627139472000,0.0
1627139502000,0.0
1627139532000,0.0
1627139562000,0.0
1627139592000,0.0
1627139622000,0.0
1627139652000,0.0
1627139682000,0.0
1627139712000,0.0
1627139742000,0.0
1627139772000,0.0
1627139802000,0.0
1627139832000,0.0
1627139862000,0.0
1627139892000,0.0
1627139922000,0.0
1627139952000,0.0
1627139982000,0.0
1627140012000,0.0
1627140042000,0.0
1627140072000,0.0
1627140102000,0.0
1627140132000,0.0
1627140162000,0.0
1627140192000,0.0
1627140222000,0.0
1627140252000,0.0
1627140282000,0.0
1627140312000,0.0
1627140342000,0.0
1627140372000,0.0
1627140402000,0.0
1627140432000,0.0
1627140462000,0.0
1627140492000,0.0
1627140522000,0.0
1627140552000,0.0
1627140582000,0.0
1627140612000,0.0
1627140642000,0.0
1627140672000,0.0
1627140702000,0.0
1627140732000,0.0
1627140762000,0.0
1627140792000,0.0
1627140822000,0.0
1627140852000,0.0
1627140882000,0.0
1627140912000,0.0
1627140942000,0.0
1627140972000,0.0
1627141002000,0.0
1627141032000,0.0
1627141062000,0.0
1627141092000,0.0
1627141122000,0.0
1627141152000,0.0
1627141182000,0.0
1627141212000,0.0
1627141242000,0.0
1627141272000,0.0
1627141302000,0.0
1627141332000,0.0
1627141362000,0.0
1627141392000,0.0
1627141422000,0.0
1627141452000,0.0
1627141482000,0.0
1627141512000,0.0
1627141542000,0.0
1627141572000,0.0
1627141602000,0.0
1627141632000,0.0
1627141662000,0.0
1627141692000,0.0
1627141722000,0.0
1627141752000,0.0
1627141782000,0.0
1627141812000,0.0
1627141842000,0.0
1627141872000,0.0
1627141902000,0.0
1627141932000,0.0
1627141962000,0.0
1627141992000,0.0
1627142022000,0.0
1627142052000,0.0
1627142082000,0.0
1627142112000,0.0
1627142142000,0.0
1627142172000,0.0
1627142202000,0.0
1627142232000,0.0
1627142262000,0.0
1627142292000,2.1367430639324487e-05
1627142322000,0.0
1627142352000,0.0
1627142382000,0.0
1627142412000,0.0
1627142442000,0.0
1627142472000,0.0
1627142502000,0.0
1627142532000,0.0
1627142562000,0.0
1627142592000,0.0
1627142622000,0.0
1627142652000,0.0
1627142682000,0.0
1627142712000,0.0
1627142742000,0.0
1627142772000,0.0
1627142802000,0.0
1627142832000,0.0
1627142862000,0.0
1627142892000,0.0
1627142922000,0.0
1627142952000,0.0
1627142982000,0.0
1627143012000,0.0
1627143042000,0.0
1627143072000,0.0
1627143102000,0.0002982332121212121
1627143132000,0.0
1627143162000,0.0
1627143192000,0.0
1627143222000,0.0
1627143252000,0.0
1627143282000,0.0
1627143312000,0.0
1627143342000,0.0
1627143372000,0.0
1627143402000,0.0
1627143432000,0.0
1627143462000,0.0
1627143492000,0.0
1627143522000,0.0
1627143552000,0.0
1627143582000,0.0
1627143612000,0.0
1627143642000,0.0
1627143672000,0.0
1627143702000,0.0
1627143732000,0.0
1627143762000,0.0
1627143792000,0.0
1627143822000,0.0
1627143852000,0.0
1627143882000,0.0
1627143912000,0.0
1627143942000,0.0
1627143972000,0.0
1627144002000,0.0
1627144032000,0.0
1627144062000,0.0
1627144092000,0.0
1627144122000,0.0
1627144152000,0.0
1627144182000,0.0
1627144212000,0.0
1627144242000,0.0
1627144272000,0.0
1627144302000,0.0
1627144332000,0.0
1627144362000,0.0
1627144392000,0.0
1627144422000,0.0
1627144452000,0.0
1627144482000,0.0
1627144512000,0.0
1627144542000,0.0
1627144572000,0.0
1627144602000,0.0
1627144632000,0.0
1627144662000,0.0
1627144692000,0.0
1627144722000,0.0
1627144752000,0.0
1627144782000,0.0
1627144812000,0.0
1627144842000,0.0
1627144872000,0.0
1627144902000,0.0
1627144932000,0.0
1627144962000,0.0
1627144992000,0.0
1627145022000,0.0
1627145052000,0.0
1627145082000,0.0
1627145112000,0.0
1627145142000,0.0
1627145172000,0.0
1627145202000,0.0
1627145232000,0.0
1627145262000,0.0
1627145292000,0.0
1627145322000,0.0
1627145352000,0.0
1627145382000,0.0
1627145412000,0.0
1627145442000,0.0
1627145472000,0.0
1627145502000,0.0
1627145532000,0.0
1627145562000,0.0
1627145592000,0.0
1627145622000,0.0
1627145652000,0.0
1627145682000,0.0
1627145712000,0.0
1627145742000,0.0
1627145772000,0.0
1627145802000,0.0
1627145832000,0.0
1627145862000,0.0
1627145892000,0.0
1627145922000,0.0
1627145952000,0.0
1627145982000,0.0
1627146012000,0.0
1627146042000,0.0
1627146072000,0.0
1627146102000,0.0
1627146132000,0.0
1627146162000,0.0
1627146192000,0.0
1627146222000,0.0
1627146252000,0.0
1627146282000,0.0
1627146312000,0.0
1627146342000,0.0
1627146372000,0.0
1627146402000,0.0
1627146432000,0.0
1627146462000,0.0
1627146492000,0.0
1627146522000,0.0
1627146552000,0.0
1627146582000,0.0
1627146612000,6.918686567164179e-06
1627146642000,0.0
1627146672000,0.0
1627146702000,0.0
1627146732000,8.345700483091788e-05
1627146762000,0.0
1627146792000,0.0
1627146822000,0.0
1627146852000,0.0
1627146882000,0.0
1627146912000,0.0
1627146942000,0.0
1627146972000,0.0
1627147002000,0.0
1627147032000,0.0
1627147062000,0.0
1627147092000,0.0
1627147122000,0.0
1627147152000,0.0
1627147182000,0.0
1627147212000,0.0
1627147242000,0.0
1627147272000,0.0
1627147302000,0.0
1627147332000,0.0
1627147362000,0.0
1627147392000,0.0
1627147422000,0.0
1627147452000,0.0
1627147482000,0.0
1627147512000,0.0
1627147542000,0.0
1627147572000,0.0
1627147602000,0.0
1627147632000,0.0
1627147662000,0.0
1627147692000,0.0
1627147722000,0.0
1627147752000,0.0
1627147782000,0.0
1627147812000,0.0
1627147842000,0.0
1627147872000,0.0
1627147902000,0.0
1627147932000,0.0
1627147962000,0.0
1627147992000,0.0
1627148022000,0.0
1627148052000,0.0
1627148082000,0.0
1627148112000,0.0
1627148142000,0.0
1627148172000,0.0
1627148202000,0.0
1627148232000,0.0
1627148262000,0.0
1627148292000,0.0
1627148322000,0.0
1627148352000,0.0
1627148382000,0.0
1627148412000,0.0
1627148442000,0.0
1627148472000,0.0
1627148502000,0.0
1627148532000,0.0
1627148562000,0.0
1627148592000,0.0
1627148622000,0.0
1627148652000,0.0
1627148682000,0.0
1627148712000,0.0
1627148742000,0.0
1627148772000,0.0
1627148802000,0.0
1627148832000,0.0
1627148862000,0.0
1627148892000,0.0
1627148922000,0.0
1627148952000,0.0
1627148982000,0.0
1627149012000,0.0
1627149042000,0.0
1627149072000,0.0
1627149102000,0.0
1627149132000,0.0
1627149162000,0.0
1627149192000,0.0
1627149222000,0.0
1627149252000,0.0
1627149282000,0.0
1627149312000,0.0
1627149342000,0.0
1627149372000,0.0
1627149402000,0.0
1627149432000,0.0
1627149462000,0.0
1627149492000,0.0
1627149522000,0.0
1627149552000,0.0
1627149582000,0.0
1627149612000,0.0
1627149642000,0.0
1627149672000,0.0
1627149702000,0.0
1627149732000,0.0
1627149762000,0.0
1627149792000,0.0002656825242718447
1627149822000,0.0
1627149852000,0.0
1627149882000,0.0
1627149912000,0.0
1627149942000,0.0
1627149972000,0.0
1627150002000,0.0
1627150032000,0.0
1627150062000,0.0
1627150092000,0.0
1627150122000,0.0
1627150152000,0.0
1627150182000,0.0
1627150212000,0.0
1627150242000,0.0
1627150272000,0.0
1627150302000,0.0
1627150332000,0.0
1627150362000,0.0
1627150392000,0.0
1627150422000,0.0
1627150452000,0.0
1627150482000,0.0
1627150512000,0.0
1627150542000,0.0
1627150572000,0.0
1627150602000,0.0
1627150632000,0.0
1627150662000,0.0
1627150692000,0.0
1627150722000,0.0
1627150752000,0.0
1627150782000,0.0
1627150812000,0.0
1627150842000,0.0
1627150872000,0.0
1627150902000,0.0
1627150932000,0.0
1627150962000,0.0
1627150992000,0.0
1627151022000,0.0
1627151052000,0.0
1627151082000,0.0
1627151112000,0.0
1627151142000,0.0
1627151172000,0.0
1627151202000,0.0
1627151232000,0.0
1627151262000,0.0
1627151292000,0.0
1627151322000,0.0
1627151352000,0.0
1627151382000,0.0
1627151412000,0.0
1627151442000,0.0
1627151472000,0.0
1627151502000,0.0
1627151532000,0.0
1627151562000,0.0
1627151592000,0.0
1627151622000,0.0
1627151652000,0.0
1627151682000,0.0
1627151712000,0.0
1627151742000,0.0
1627151772000,0.0
1627151802000,0.0
1627151832000,0.0
1627151862000,0.0
1627151892000,0.0
1627151922000,0.0
1627151952000,0.0
1627151982000,0.0
1627152012000,0.0
1627152042000,0.0
1627152072000,0.0
1627152102000,0.0
1627152132000,0.0
1627152162000,0.0
1627152192000,0.0
1627152222000,0.0
1627152252000,0.0
1627152282000,0.0
1627152312000,0.0
1627152342000,0.0
1627152372000,0.0
1627152402000,0.0
1627152432000,0.0
1627152462000,0.0
1627152492000,0.0
1627152522000,0.0
1627152552000,0.0
1627152582000,0.0
1627152612000,0.0
1627152642000,0.0
1627152672000,0.0
1627152702000,0.0
1627152732000,0.0
1627152762000,0.0
1627152792000,0.0
1627152822000,0.0
1627152852000,0.0
1627152882000,0.0
1627152912000,0.0
1627152942000,0.0
1627152972000,0.0
1627153002000,0.0
1627153032000,0.0
1627153062000,0.0
1627153092000,0.0
1627153122000,0.0
1627153152000,0.0
1627153182000,0.0
1627153212000,0.0
1627153242000,0.0
1627153272000,0.0
1627153302000,0.0
1627153332000,0.0
1627153362000,0.0
1627153392000,0.0
1627153422000,0.0
1627153452000,0.0
1627153482000,0.0
1627153512000,0.0
1627153542000,0.0
1627153572000,0.0
1627153602000,0.0
1627153632000,0.0
1627153662000,0.0
1627153692000,0.0
1627153722000,0.0
1627153752000,0.0
1627153782000,0.0
1627153812000,0.0
1627153842000,0.0
1627153872000,0.0
1627153902000,0.0
1627153932000,0.0
1627153962000,0.0
1627153992000,0.0
1627154022000,0.0
1627154052000,0.0
1627154082000,0.0
1627154112000,0.0
1627154142000,0.0
1627154172000,0.0
1627154202000,0.0
1627154232000,0.0
1627154262000,0.0
1627154292000,0.0
1627154322000,0.0
1627154352000,0.0
1627154382000,0.0
1627154412000,0.0
1627154442000,0.0
1627154472000,0.0
1627154502000,0.0
1627154532000,0.0
1627154562000,0.0
1627154592000,0.0
1627154622000,0.0
1627154652000,0.0
1627154682000,0.0
1627154712000,0.0
1627154742000,0.0
1627154772000,0.0
1627154802000,0.0
1627154832000,0.0
1627154862000,0.0
1627154892000,0.0
1627154922000,0.0
1627154952000,0.0
1627154982000,0.0
1627155012000,0.0
1627155042000,0.0
1627155072000,0.0
1627155102000,0.0
1627155132000,0.0
1627155162000,0.0
1627155192000,0.0
1627155222000,0.0
1627155252000,0.0
1627155282000,0.0
1627155312000,0.0
1627155342000,0.0
1627155372000,0.0
1627155402000,0.0
1627155432000,0.0
1627155462000,0.0
1627155492000,0.0
1627155522000,0.0
1627155552000,0.0
1627155582000,0.0
1627155612000,0.0
1627155642000,0.0
1627155672000,0.0
1627155702000,0.0
1627155732000,0.0
1627155762000,0.0
1627155792000,0.0
1627155822000,0.0
1627155852000,0.0
1627155882000,0.0
1627155912000,0.0
1627155942000,0.0
1627155972000,0.0
1627156002000,0.0
1627156032000,0.0
1627156062000,0.0
1627156092000,0.0
1627156122000,0.0
1627156152000,0.0
1627156182000,0.0
1627156212000,0.0
1627156242000,0.0
1627156272000,0.0
1627156302000,0.0
1627156332000,0.0
1627156362000,0.0
1627156392000,0.0
1627156422000,0.0
1627156452000,0.0
1627156482000,0.0
1627156512000,0.0
1627156542000,0.0
1627156572000,0.0
1627156602000,0.0
1627156632000,0.0
1627156662000,0.0
1627156692000,0.0
1627156722000,0.0
1627156752000,0.0
1627156782000,0.0
1627156812000,0.0
1627156842000,0.0
1627156872000,0.0
1627156902000,0.0
1627156932000,0.0
1627156962000,0.0
1627156992000,0.0
1627157022000,0.0
1627157052000,0.0
1627157082000,0.0
1627157112000,0.0
1627157142000,0.0
1627157172000,0.0
1627157202000,0.0
1627157232000,0.0
1627157262000,0.0
1627157292000,0.0
1627157322000,0.0
1627157352000,0.0
1627157382000,0.0
1627157412000,0.0
1627157442000,0.0
1627157472000,0.0
1627157502000,0.0
1627157532000,0.0
1627157562000,0.0
1627157592000,0.0
1627157622000,0.0
1627157652000,0.0
1627157682000,0.0
1627157712000,0.0
1627157742000,0.0
1627157772000,0.0
1627157802000,0.0
1627157832000,0.0
1627157862000,0.0
1627157892000,0.0
1627157922000,0.0
1627157952000,0.0
1627157982000,0.0
1627158012000,0.0
1627158042000,0.0
1627158072000,0.0
1627158102000,0.0
1627158132000,0.0
1627158162000,0.0
1627158192000,0.0
1627158222000,0.0
1627158252000,0.0
1627158282000,0.0
1627158312000,0.0
1627158342000,0.0
1627158372000,0.0
1627158402000,0.0
1627158432000,0.0
1627158462000,0.0
1627158492000,0.0
1627158522000,0.0
1627158552000,0.0
1627158582000,0.0
1627158612000,0.0
1627158642000,0.0
1627158672000,0.0
1627158702000,0.0
1627158732000,0.0
1627158762000,0.0
1627158792000,0.0
1627158822000,0.0
1627158852000,0.0
1627158882000,0.0
1627158912000,0.0
1627158942000,0.0
1627158972000,0.0
1627159002000,0.0
1627159032000,0.0
1627159062000,0.0
1627159092000,0.0
1627159122000,0.0
1627159152000,0.0
1627159182000,0.0
1627159212000,0.0
1627159242000,0.0
1627159272000,0.0
1627159302000,0.0
1627159332000,0.0
1627159362000,0.0
1627159392000,0.0
1627159422000,0.0
1627159452000,0.0
1627159482000,0.0
1627159512000,0.0
1627159542000,0.0
1627159572000,0.0
1627159602000,0.0
1627159632000,0.0
1627159662000,0.0
1627159692000,0.0
1627159722000,0.0
1627159752000,0.0
1627159782000,0.0
1627159812000,0.0
1627159842000,0.0
1627159872000,0.0
1627159902000,0.0
1627159932000,0.0
1627159962000,0.0
1627159992000,0.0
1627160022000,0.0
1627160052000,0.0
1627160082000,0.0
1627160112000,0.0
1627160142000,0.0
1627160172000,0.0
1627160202000,0.0
1627160232000,0.0
1627160262000,0.0
1627160292000,0.0
1627160322000,0.0
1627160352000,0.0
1627160382000,0.0
1627160412000,0.0
1627160442000,0.0
1627160472000,0.0
1627160502000,0.0
1627160532000,0.0
1627160562000,0.0
1627160592000,0.0
1627160622000,0.0
1627160652000,0.0
1627160682000,0.0
1627160712000,0.0
1627160742000,0.0
1627160772000,0.0
1627160802000,0.0
1627160832000,0.0
1627160862000,0.0
1627160892000,0.0
1627160922000,0.0
1627160952000,0.0
1627160982000,0.0
1627161012000,0.0
1627161042000,0.0
1627161072000,0.0
1627161102000,0.0
1627161132000,0.0
1627161162000,0.0
1627161192000,0.0
1627161222000,0.0
1627161252000,0.0
1627161282000,0.0
1627161312000,0.0
1627161342000,0.0
1627161372000,0.0
1627161402000,0.0
1627161432000,0.0
1627161462000,0.0
1627161492000,0.0
1627161522000,0.0
1627161552000,0.0
1627161582000,0.0
1627161612000,0.0
1627161642000,0.0
1627161672000,0.0
1627161702000,0.0
1627161732000,0.0
1627161762000,0.0
1627161792000,0.0
1627161822000,0.0
1627161852000,0.0
1627161882000,0.0
1627161912000,0.0
1627161942000,0.0
1627161972000,0.0
1627162002000,0.0
1627162032000,0.0
1627162062000,0.0
1627162092000,0.0
1627162122000,0.0
1627162152000,0.0
1627162182000,0.0
1627162212000,0.0
1627162242000,0.0
1627162272000,0.0
1627162302000,0.0
1627162332000,0.0
1627162362000,0.0
1627162392000,0.0
1627162422000,0.0
1627162452000,0.0
1627162482000,0.0
1627162512000,0.0
1627162542000,0.0
1627162572000,0.0
1627162602000,0.0
1627162632000,0.0
1627162662000,0.0
1627162692000,0.0
1627162722000,0.0
1627162752000,0.0
1627162782000,0.0
1627162812000,0.0
1627162842000,0.0
1627162872000,0.0
1627162902000,0.0
1627162932000,0.0
1627162962000,0.0
1627162992000,0.0
1627163022000,0.0
1627163052000,0.0
1627163082000,0.0
1627163112000,0.0
1627163142000,0.0
1627163172000,0.0
1627163202000,0.0
1627163232000,0.0
1627163262000,0.0
1627163292000,0.0
1627163322000,0.0
1627163352000,0.0
1627163382000,0.0
1627163412000,0.0
1627163442000,0.0
1627163472000,0.0
1627163502000,0.0
1627163532000,0.0
1627163562000,0.0
1627163592000,0.0
1627163622000,0.0
1627163652000,0.0
1627163682000,0.0
1627163712000,0.0
1627163742000,0.0
1627163772000,0.0
1627163802000,0.0
1627163832000,0.0
1627163862000,0.0
1627163892000,0.0
1627163922000,0.0
1627163952000,0.0
1627163982000,0.0
1627164012000,0.0
1627164042000,0.0
1627164072000,0.0
1627164102000,0.0
1627164132000,0.0
1627164162000,0.0
1627164192000,0.0
1627164222000,0.0
1627164252000,0.0
1627164282000,0.0
1627164312000,0.0
1627164342000,0.0
1627164372000,0.0
1627164402000,0.0
1627164432000,0.0
1627164462000,0.0
1627164492000,0.0
1627164522000,0.0
1627164552000,0.0
1627164582000,0.0
1627164612000,0.0
1627164642000,0.0
1627164672000,0.0
1627164702000,0.0
1627164732000,0.0
1627164762000,0.0
1627164792000,0.0
1627164822000,0.0
1627164852000,0.0
1627164882000,0.0
1627164912000,0.0
1627164942000,0.0
1627164972000,0.0
1627165002000,0.0
1627165032000,0.0
1627165062000,0.0
1627165092000,0.0
1627165122000,0.0
1627165152000,0.0
1627165182000,0.0
1627165212000,0.0
1627165242000,0.0
1627165272000,0.0
1627165302000,0.0
1627165332000,0.0
1627165362000,0.0
1627165392000,0.0
1627165422000,0.0
1627165452000,0.0
1627165482000,0.0
1627165512000,0.0
1627165542000,0.0
1627165572000,0.0
1627165602000,0.0
1627165632000,0.0
1627165662000,0.0
1627165692000,0.0
1627165722000,0.0
1627165752000,0.0
1627165782000,0.0
1627165812000,0.0
1627165842000,0.0
1627165872000,0.0
1627165902000,0.0
1627165932000,0.0
1627165962000,0.0
1627165992000,0.0
1627166022000,0.0
1627166052000,0.0
1627166082000,0.0
1627166112000,0.0
1627166142000,0.0
1627166172000,0.0
1627166202000,0.0
1627166232000,0.0
1627166262000,0.0
1627166292000,0.0
1627166322000,0.0
1627166352000,0.0
1627166382000,0.0
1627166412000,0.0
1627166442000,0.0
1627166472000,0.0
1627166502000,0.0
1627166532000,0.0
1627166562000,0.0
1627166592000,0.0
1627166622000,0.0
1627166652000,0.0
1627166682000,0.0
1627166712000,0.0
1627166742000,0.0
1627166772000,0.0
1627166802000,0.0
1627166832000,0.0
1627166862000,0.0004026369838420108
1627166892000,0.0
1627166922000,0.0
1627166952000,0.0
1627166982000,0.0
1627167012000,0.0
1627167042000,0.0
1627167072000,0.0
1627167102000,0.0
1627167132000,0.0
1627167162000,0.0
1627167192000,0.0
1627167222000,0.0
1627167252000,0.0
1627167282000,0.0
1627167312000,0.0
1627167342000,0.0
1627167372000,0.0
1627167402000,0.0
1627167432000,0.0
1627167462000,0.0
1627167492000,0.0
1627167522000,0.0
1627167552000,0.0
1627167582000,0.0
1627167612000,0.0
1627167642000,0.0
1627167672000,0.0
1627167702000,0.0
1627167732000,0.0
1627167762000,0.0
1627167792000,0.0
1627167822000,0.0
1627167852000,0.0
1627167882000,0.0
1627167912000,0.0
1627167942000,0.0
1627167972000,0.0
1627168002000,0.0
1627168032000,0.0
1627168062000,0.0
1627168092000,0.0
1627168122000,0.0
1627168152000,0.0
1627168182000,0.0
1627168212000,0.0
1627168242000,0.0
1627168272000,0.0
1627168302000,0.0
1627168332000,0.0
1627168362000,0.0
1627168392000,0.0
1627168422000,0.0
1627168452000,0.0
1627168482000,0.0
1627168512000,0.0
1627168542000,0.0
1627168572000,0.0
1627168602000,0.0
1627168632000,0.0
1627168662000,0.0
1627168692000,0.0
1627168722000,0.0
1627168752000,0.0
1627168782000,0.0
1627168812000,0.0
1627168842000,0.0
1627168872000,0.0
1627168902000,0.0
1627168932000,0.0
1627168962000,0.0
1627168992000,0.0
1627169022000,0.0
1627169052000,0.0
1627169082000,0.0
1627169112000,0.0
1627169142000,0.0
1627169172000,0.0
1627169202000,0.0
1627169232000,0.0
1627169262000,0.0
1627169292000,0.0
1627169322000,0.0
1627169352000,0.0
1627169382000,0.0
1627169412000,0.0
1627169442000,0.0
1627169472000,0.0
1627169502000,0.0
1627169532000,0.0
1627169562000,0.0
1627169592000,0.0
1627169622000,0.0
1627169652000,0.0
1627169682000,0.0
1627169712000,0.0
1627169742000,0.0
1627169772000,0.0
1627169802000,0.0
1627169832000,0.0
1627169862000,0.0
1627169892000,0.0
1627169922000,0.0
1627169952000,0.0
1627169982000,0.0
1627170012000,0.0
1627170042000,0.0
1627170072000,0.0
1627170102000,0.0
1627170132000,0.0
1627170162000,0.0
1627170192000,0.0
1627170222000,0.0
1627170252000,0.0
1627170282000,0.0
1627170312000,0.0
1627170342000,0.0
1627170372000,0.0
1627170402000,0.0
1627170432000,0.0
1627170462000,0.0
1627170492000,0.0
1627170522000,0.0
1627170552000,0.0
1627170582000,0.0
1627170612000,0.0
1627170642000,0.0
1627170672000,0.0
1627170702000,0.0
1627170732000,0.0
1627170762000,0.0
1627170792000,0.0
1627170822000,0.0
1627170852000,0.0
1627170882000,0.0
1627170912000,0.0
1627170942000,0.0
1627170972000,0.0
1627171002000,0.0
1627171032000,0.0
1627171062000,0.0
1627171092000,0.0
1627171122000,0.0
1627171152000,0.0
1627171182000,0.0
1627171212000,0.0
1627171242000,0.0
1627171272000,0.0
1627171302000,0.0
1627171332000,0.0
1627171362000,0.0
1627171392000,0.0
1627171422000,0.0
1627171452000,0.0
1627171482000,0.0
1627171512000,0.0
1627171542000,0.0
1627171572000,0.0
1627171602000,0.0
1627171632000,0.0
1627171662000,0.0
1627171692000,0.0
1627171722000,0.0
1627171752000,0.0
1627171782000,0.0
1627171812000,0.0
1627171842000,0.0
1627171872000,0.0
1627171902000,0.0
1627171932000,0.0
1627171962000,0.0
1627171992000,0.0
1627172022000,0.0
1627172052000,0.0
1627172082000,0.0
1627172112000,0.0
1627172142000,0.0
1627172172000,0.0
1627172202000,0.0
1627172232000,0.0
1627172262000,0.0
1627172292000,0.0
1627172322000,0.0
1627172352000,0.0
1627172382000,0.0
1627172412000,0.0
1627172442000,0.0
1627172472000,0.0
1627172502000,0.0
1627172532000,0.0
1627172562000,0.0
1627172592000,0.0
1627172622000,0.0
1627172652000,0.0
1627172682000,0.0
1627172712000,0.0
1627172742000,0.0
1627172772000,0.0
1627172802000,0.0
1627172832000,0.0
1627172862000,0.0
1627172892000,0.0
1627172922000,0.0
1627172952000,0.0
1627172982000,0.0
1627173012000,0.0
1627173042000,0.0
1627173072000,0.0
1627173102000,0.0
1627173132000,0.0
1627173162000,0.0
1627173192000,0.0
1627173222000,0.0
1627173252000,0.0
1627173282000,0.0
1627173312000,0.0
1627173342000,0.0
1627173372000,0.0
1627173402000,0.0
1627173432000,0.0
1627173462000,0.0
1627173492000,0.0
1627173522000,0.0
1627173552000,0.0
1627173582000,0.0
1627173612000,0.0
1627173642000,0.0
1627173672000,0.0
1627173702000,0.0
1627173732000,0.0
1627173762000,0.0
1627173792000,0.0
1627173822000,0.0
1627173852000,0.0
1627173882000,0.0
1627173912000,0.0
1627173942000,0.0
1627173972000,0.0
1627174002000,0.0
1627174032000,0.0
1627174062000,0.0
1627174092000,0.0
1627174122000,0.0
1627174152000,0.0
1627174182000,0.0
1627174212000,0.0
1627174242000,0.0
1627174272000,0.0
1627174302000,7.212910938433951e-06
1627174332000,0.0
1627174362000,0.0
1627174392000,0.0
1627174422000,0.0
1627174452000,0.0
1627174482000,0.0
1627174512000,0.0
1627174542000,0.0
1627174572000,0.0
1627174602000,0.0
1627174632000,0.0
1627174662000,0.0
1627174692000,0.0
1627174722000,0.0
1627174752000,0.0
1627174782000,0.0
1627174812000,0.0
1627174842000,0.0
1627174872000,0.0
1627174902000,0.0
1627174932000,0.0
1627174962000,0.0
1627174992000,0.0
1627175022000,0.0
1627175052000,0.0
1627175082000,0.0
1627175112000,0.0
1627175142000,0.0
1627175172000,0.0
1627175202000,0.0
1627175232000,0.0
1627175262000,0.0
1627175292000,0.0
1627175322000,0.0
1627175352000,0.0
1627175382000,0.0
1627175412000,0.0
1627175442000,0.0
1627175472000,0.0
1627175502000,0.0
1627175532000,0.0
1627175562000,0.0
1627175592000,0.0
1627175622000,0.0
1627175652000,0.0
1627175682000,0.0
1627175712000,0.0
1627175742000,0.0
1627175772000,0.0
1627175802000,0.0
1627175832000,0.0
1627175862000,0.0
1627175892000,0.0
1627175922000,0.0
1627175952000,0.0
1627175982000,0.0
1627176012000,0.0
1627176042000,0.0
1627176072000,0.0
1627176102000,0.0
1627176132000,0.0
1627176162000,0.0
1627176192000,0.0
1627176222000,0.0
1627176252000,0.0
1627176282000,0.0
1627176312000,0.0
1627176342000,0.0
1627176372000,0.0
1627176402000,0.0
1627176432000,0.0
1627176462000,0.0
1627176492000,0.0
1627176522000,0.0
1627176552000,0.0
1627176582000,0.0
1627176612000,0.0
1627176642000,0.0
1627176672000,0.0
1627176702000,0.0
1627176732000,0.0
1627176762000,0.0
1627176792000,0.0
1627176822000,0.0
1627176852000,0.0
1627176882000,0.0
1627176912000,0.0
1627176942000,0.0
1627176972000,0.0
1627177002000,0.0
1627177032000,0.0
1627177062000,0.0
1627177092000,0.0
1627177122000,0.0
1627177152000,0.0
1627177182000,0.0
1627177212000,0.0
1627177242000,0.0
1627177272000,0.0
1627177302000,0.0
1627177332000,0.0
1627177362000,0.0
1627177392000,0.0
1627177422000,0.0
1627177452000,0.0
1627177482000,0.0
1627177512000,0.0
1627177542000,0.0
1627177572000,0.0
1627177602000,0.0
1627177632000,0.0
1627177662000,0.0
1627177692000,0.0
1627177722000,0.0
1627177752000,0.0
1627177782000,0.0
1627177812000,0.0
1627177842000,0.0
1627177872000,0.0
1627177902000,0.0
1627177932000,0.0
1627177962000,0.0
1627177992000,0.0
1627178022000,0.0
1627178052000,0.0
1627178082000,0.0
1627178112000,0.0
1627178142000,0.0
1627178172000,0.0
1627178202000,0.0
1627178232000,0.0
1627178262000,0.0
1627178292000,0.0
1627178322000,0.0
1627178352000,0.0
1627178382000,0.0
1627178412000,0.0
1627178442000,0.0
1627178472000,0.0
1627178502000,0.0
1627178532000,0.0
1627178562000,0.0
1627178592000,0.0
1627178622000,0.0
1627178652000,0.0
1627178682000,0.0
1627178712000,0.0
1627178742000,0.0
1627178772000,0.0
1627178802000,0.0
1627178832000,0.0
1627178862000,0.0
1627178892000,0.0
1627178922000,0.0
1627178952000,0.0
1627178982000,0.0
1627179012000,0.0
1627179042000,0.0
1627179072000,0.0
1627179102000,0.0
1627179132000,0.0
1627179162000,0.0
1627179192000,0.0
1627179222000,0.0
1627179252000,0.0
1627179282000,0.0
1627179312000,0.0
1627179342000,0.0
1627179372000,0.0
1627179402000,0.0
1627179432000,0.0
1627179462000,0.0
1627179492000,0.0
1627179522000,0.0
1627179552000,0.0
1627179582000,0.0
1627179612000,0.0
1627179642000,0.0
1627179672000,0.0
1627179702000,0.0
1627179732000,0.0
1627179762000,0.0
1627179792000,0.0
1627179822000,0.0
1627179852000,0.0
1627179882000,0.0
1627179912000,0.0
1627179942000,0.0
1627179972000,0.0
1627180002000,0.0
1627180032000,0.0
1627180062000,0.0
1627180092000,0.0
1627180122000,0.0
1627180152000,0.0
1627180182000,0.0
1627180212000,0.0
1627180242000,0.0
1627180272000,0.0
1627180302000,0.0
1627180332000,0.0
1627180362000,0.0
1627180392000,0.0
1627180422000,0.0
1627180452000,0.0
1627180482000,0.0
1627180512000,0.0
1627180542000,0.0
1627180572000,0.0
1627180602000,0.0
1627180632000,0.0
1627180662000,0.0
1627180692000,0.0
1627180722000,0.0
1627180752000,0.0
1627180782000,0.0
1627180812000,0.0
1627180842000,0.0
1627180872000,0.0
1627180902000,0.0
1627180932000,0.0
1627180962000,0.0
1627180992000,0.0
1627181022000,0.0
1627181052000,0.0
1627181082000,0.0
1627181112000,0.0
1627181142000,0.0
1627181172000,0.0
1627181202000,0.0
1627181232000,0.0
1627181262000,0.0
1627181292000,0.0
1627181322000,0.0
1627181352000,0.0
1627181382000,0.0
1627181412000,0.0
1627181442000,0.0
1627181472000,0.0
1627181502000,0.0
1627181532000,0.0
1627181562000,0.0
1627181592000,0.0
1627181622000,0.0
1627181652000,0.0
1627181682000,0.0
1627181712000,0.0
1627181742000,0.0
1627181772000,0.0
1627181802000,1.859542362399505e-05
1627181832000,0.0
1627181862000,0.0
1627181892000,0.0
1627181922000,0.0
1627181952000,0.0
1627181982000,0.0
1627182012000,0.0
1627182042000,0.0
1627182072000,0.0
1627182102000,0.0
1627182132000,0.0
1627182162000,0.0
1627182192000,0.0
1627182222000,0.0
1627182252000,0.0
1627182282000,0.0
1627182312000,0.0
1627182342000,0.0
1627182372000,0.0
1627182402000,0.0
1627182432000,0.0
1627182462000,0.0
1627182492000,0.0
1627182522000,0.0
1627182552000,0.0
1627182582000,0.0
1627182612000,0.0
1627182642000,0.0
1627182672000,0.0
1627182702000,0.0
1627182732000,0.0
1627182762000,0.0
1627182792000,0.0
1627182822000,0.0
1627182852000,0.0
1627182882000,0.0
1627182912000,0.0
1627182942000,0.0
1627182972000,0.0
1627183002000,0.0
1627183032000,0.0
1627183062000,0.0
1627183092000,0.0
1627183122000,0.0
1627183152000,0.0
1627183182000,0.0
1627183212000,0.0
1627183242000,0.0
1627183272000,0.0
1627183302000,0.0
1627183332000,0.0
1627183362000,0.0
1627183392000,0.0
1627183422000,0.0
1627183452000,0.0
1627183482000,0.0
1627183512000,0.0
1627183542000,0.0
1627183572000,0.0
1627183602000,0.0
1627183632000,0.0
1627183662000,0.0
1627183692000,0.0
1627183722000,0.0
1627183752000,0.0
1627183782000,0.0
1627183812000,0.0
1627183842000,0.0
1627183872000,0.0
1627183902000,0.0
1627183932000,0.0
1627183962000,0.0
1627183992000,0.0
1627184022000,0.0
1627184052000,0.0
1627184082000,0.0
1627184112000,0.0
1627184142000,0.0
1627184172000,0.0
1627184202000,0.0
1627184232000,0.0
1627184262000,0.0
1627184292000,0.0
1627184322000,0.0
1627184352000,0.0
1627184382000,0.0
1627184412000,0.0
1627184442000,0.0
1627184472000,0.0
1627184502000,0.0
1627184532000,0.0
1627184562000,0.0
1627184592000,0.0
1627184622000,0.0
1627184652000,0.0
1627184682000,0.0
1627184712000,0.0
1627184742000,0.0
1627184772000,0.0
1627184802000,0.0
1627184832000,0.0
1627184862000,0.0
1627184892000,0.0
1627184922000,0.0
1627184952000,0.0
1627184982000,0.0
1627185012000,0.0
1627185042000,0.0
1627185072000,0.0
1627185102000,0.0
1627185132000,0.0
1627185162000,0.0
1627185192000,0.0
1627185222000,0.0
1627185252000,0.0
1627185282000,0.0
1627185312000,0.0
1627185342000,0.0
1627185372000,0.0
1627185402000,0.0
1627185432000,0.0
1627185462000,0.0
1627185492000,0.0
1627185522000,0.0
1627185552000,0.0
1627185582000,0.0
1627185612000,0.0
1627185642000,0.0
1627185672000,0.0
1627185702000,0.0
1627185732000,0.0
1627185762000,0.0
1627185792000,0.0
1627185822000,0.0
1627185852000,0.0
1627185882000,0.0
1627185912000,0.0
1627185942000,0.0
1627185972000,0.0
1627186002000,0.0
1627186032000,0.0
1627186062000,0.0
1627186092000,0.0
1627186122000,0.0
1627186152000,0.0
1627186182000,0.0
1627186212000,0.0
1627186242000,0.0
1627186272000,0.0
1627186302000,0.0
1627186332000,0.0
1627186362000,0.0
1627186392000,0.0
1627186422000,0.0
1627186452000,0.0
1627186482000,0.0
1627186512000,0.0
1627186542000,0.0
1627186572000,0.0
1627186602000,0.0
1627186632000,0.0
1627186662000,0.0
1627186692000,0.0
1627186722000,0.0
1627186752000,0.0
1627186782000,0.0
1627186812000,0.0
1627186842000,0.0
1627186872000,0.0
1627186902000,0.0
1627186932000,0.0
1627186962000,0.0
1627186992000,0.0
1627187022000,0.0
1627187052000,0.0
1627187082000,0.0
1627187112000,0.0
1627187142000,0.0
1627187172000,0.0
1627187202000,0.0
1627187232000,0.0
1627187262000,0.0
1627187292000,0.0
1627187322000,0.0
1627187352000,0.0
1627187382000,0.0
1627187412000,0.0
1627187442000,0.0
1627187472000,0.0
1627187502000,0.0
1627187532000,0.0
1627187562000,0.0
1627187592000,0.0
1627187622000,0.0
1627187652000,0.0
1627187682000,0.0
1627187712000,0.0
1627187742000,0.0
1627187772000,0.0
1627187802000,0.0
1627187832000,0.0
1627187862000,0.0
1627187892000,0.0
1627187922000,0.0
1627187952000,0.0
1627187982000,0.0
1627188012000,0.0
1627188042000,0.0
1627188072000,0.0
1627188102000,0.0
1627188132000,0.0
1627188162000,0.0
1627188192000,0.0
1627188222000,0.0
1627188252000,0.0
1627188282000,0.0
1627188312000,0.0
1627188342000,0.0
1627188372000,0.0
1627188402000,0.0
1627188432000,0.0
1627188462000,0.0
1627188492000,0.0
1627188522000,0.0
1627188552000,0.0
1627188582000,0.0
1627188612000,0.0
1627188642000,0.0
1627188672000,0.0
1627188702000,0.0
1627188732000,0.0
1627188762000,0.0
1627188792000,0.0
1627188822000,0.0
1627188852000,0.0
1627188882000,0.0
1627188912000,0.0
1627188942000,0.0
1627188972000,0.0
1627189002000,0.0
1627189032000,0.0
1627189062000,0.0
1627189092000,0.0
1627189122000,0.0
1627189152000,0.0
1627189182000,0.0
1627189212000,0.0
1627189242000,0.0
1627189272000,0.0
1627189302000,0.0
1627189332000,0.0
1627189362000,0.0
1627189392000,0.0
1627189422000,0.0
1627189452000,0.0
1627189482000,0.0
1627189512000,0.0
1627189542000,0.0
1627189572000,0.0
1627189602000,0.0
1627189632000,0.0
1627189662000,0.0
1627189692000,0.0
1627189722000,0.0
1627189752000,0.0
1627189782000,0.0
1627189812000,0.0
1627189842000,0.0
1627189872000,0.0
1627189902000,0.0
1627189932000,0.0
1627189962000,0.0
1627189992000,0.0
1627190022000,0.0
1627190052000,0.0
1627190082000,0.0
1627190112000,0.0
1627190142000,0.0
1627190172000,0.0
1627190202000,0.0
1627190232000,0.0
1627190262000,0.0
1627190292000,0.0
1627190322000,0.0
1627190352000,0.0
1627190382000,0.0
1627190412000,0.0
1627190442000,0.0
1627190472000,0.0
1627190502000,0.0
1627190532000,0.0
1627190562000,0.0
1627190592000,0.0
1627190622000,0.0
1627190652000,0.0
1627190682000,0.0
1627190712000,0.0
1627190742000,0.0
1627190772000,0.0
1627190802000,0.0
1627190832000,0.0
1627190862000,0.0
1627190892000,0.0
1627190922000,0.0
1627190952000,0.0
1627190982000,0.0
1627191012000,0.0
1627191042000,0.0
1627191072000,0.0
1627191102000,0.0
1627191132000,0.0
1627191162000,0.0
1627191192000,0.0
1627191222000,0.0
1627191252000,0.0
1627191282000,0.0
1627191312000,0.0
1627191342000,0.0
1627191372000,0.0
1627191402000,0.0
1627191432000,0.0
1627191462000,0.0
1627191492000,0.0
1627191522000,0.0
1627191552000,0.0
1627191582000,0.0
1627191612000,0.0
1627191642000,0.0
1627191672000,0.0
1627191702000,0.0
1627191732000,0.0
1627191762000,0.0
1627191792000,0.0
1627191822000,0.0
1627191852000,0.0
1627191882000,0.0
1627191912000,0.0
1627191942000,0.0
1627191972000,0.0
1627192002000,0.0
1627192032000,0.0
1627192062000,0.0
1627192092000,0.0
1627192122000,0.0
1627192152000,0.0
1627192182000,0.0
1627192212000,0.0
1627192242000,0.0
1627192272000,0.0
1627192302000,0.0
1627192332000,0.0
1627192362000,0.0
1627192392000,0.0
1627192422000,0.0
1627192452000,0.0
1627192482000,0.0
1627192512000,0.0
1627192542000,0.0
1627192572000,0.0
1627192602000,0.0
1627192632000,0.0
1627192662000,0.0
1627192692000,0.0
1627192722000,0.0
1627192752000,0.0
1627192782000,0.0
1627192812000,0.0
1627192842000,0.0
1627192872000,0.0
1627192902000,0.0
1627192932000,0.0
1627192962000,0.0
1627192992000,0.0
1627193022000,0.0
1627193052000,0.0
1627193082000,0.0
1627193112000,0.0
1627193142000,0.0
1627193172000,0.0
1627193202000,0.0
1627193232000,0.0
1627193262000,0.0
1627193292000,0.0
1627193322000,0.0
1627193352000,0.0
1627193382000,0.0
1627193412000,0.0
1627193442000,0.0
1627193472000,0.0
1627193502000,0.0
1627193532000,0.0
1627193562000,0.0
1627193592000,0.0
1627193622000,0.0
1627193652000,0.0
1627193682000,0.0
1627193712000,0.0
1627193742000,0.0
1627193772000,0.0
1627193802000,0.0
1627193832000,0.0
1627193862000,0.0
1627193892000,0.0
1627193922000,0.0
1627193952000,0.0
1627193982000,0.0
1627194012000,0.0
1627194042000,0.0
1627194072000,0.0
1627194102000,0.0
1627194132000,0.0
1627194162000,0.0
1627194192000,0.0
1627194222000,0.0
1627194252000,0.0
1627194282000,0.0
1627194312000,0.0
1627194342000,0.0
1627194372000,0.0
1627194402000,0.0
1627194432000,0.0
1627194462000,0.0
1627194492000,0.0
1627194522000,0.0
1627194552000,0.0
1627194582000,0.0
1627194612000,0.0
1627194642000,0.0
1627194672000,0.0
1627194702000,0.0
1627194732000,0.0
1627194762000,0.0
1627194792000,0.0
1627194822000,0.0
1627194852000,0.0
1627194882000,0.0
1627194912000,0.0
1627194942000,0.0
1627194972000,0.0
1627195002000,0.0
1627195032000,0.0
1627195062000,0.0
1627195092000,0.0
1627195122000,0.0
1627195152000,0.0
1627195182000,0.0
1627195212000,0.0
1627195242000,0.0
1627195272000,0.0
1627195302000,0.0
1627195332000,0.0
1627195362000,0.0
1627195392000,0.0
1627195422000,0.0
1627195452000,0.0
1627195482000,0.0
1627195512000,0.0
1627195542000,0.0
1627195572000,0.0
1627195602000,0.0
1627195632000,0.0
1627195662000,0.0
1627195692000,0.0
1627195722000,0.0
1627195752000,0.0
1627195782000,0.0
1627195812000,0.0
1627195842000,0.0
1627195872000,9.981465157832042e-05
1627195902000,0.0
1627195932000,0.0
1627195962000,0.0
1627195992000,0.0
1627196022000,0.0
1627196052000,0.0
1627196082000,0.0
1627196112000,0.0
1627196142000,0.0
1627196172000,0.0
1627196202000,0.0
1627196232000,0.0
1627196262000,0.0
1627196292000,0.0
1627196322000,0.0
1627196352000,0.0
1627196382000,0.0
1627196412000,0.0
1627196442000,0.0
1627196472000,0.0
1627196502000,0.0
1627196532000,0.0
1627196562000,0.0
1627196592000,0.0
1627196622000,0.0
1627196652000,0.0
1627196682000,0.0
1627196712000,0.0
1627196742000,0.0
1627196772000,0.0
1627196802000,0.0
1627196832000,0.0
1627196862000,0.0
1627196892000,0.0
1627196922000,0.0
1627196952000,0.0
1627196982000,0.0
1627197012000,0.0
1627197042000,0.0
1627197072000,0.0
1627197102000,0.0
1627197132000,0.0
1627197162000,0.0
1627197192000,0.0
1627197222000,0.0
1627197252000,0.0
1627197282000,0.0
1627197312000,0.0
1627197342000,0.0
1627197372000,0.0
1627197402000,0.0
1627197432000,0.0
1627197462000,0.0
1627197492000,0.0
1627197522000,0.0
1627197552000,0.0
1627197582000,0.0
1627197612000,0.0
1627197642000,0.0
1627197672000,0.0
1627197702000,0.0
1627197732000,0.0
1627197762000,0.0
1627197792000,0.0
1627197822000,0.0
1627197852000,0.0
1627197882000,0.0
1627197912000,0.0
1627197942000,0.0
1627197972000,0.0
1627198002000,0.0
1627198032000,0.0
1627198062000,0.0
1627198092000,0.0
1627198122000,0.0
1627198152000,0.0
1627198182000,0.0
1627198212000,0.0
1627198242000,0.0
1627198272000,0.0
1627198302000,0.0
1627198332000,0.0
1627198362000,0.0
1627198392000,0.0
1627198422000,0.0
1627198452000,0.0
1627198482000,0.0
1627198512000,0.0
1627198542000,0.0
1627198572000,0.0
1627198602000,0.0
1627198632000,0.0
1627198662000,0.0
1627198692000,0.0
1627198722000,0.0
1627198752000,0.0
1627198782000,0.0
1627198812000,0.0
1627198842000,0.0
1627198872000,0.0
1627198902000,0.0
1627198932000,0.0
1627198962000,0.0
1627198992000,0.0
1627199022000,0.0
1627199052000,0.0
1627199082000,0.0
1627199112000,0.0
1627199142000,0.0
1627199172000,0.0
1627199202000,0.0
1627199232000,0.0
1627199262000,0.0
1627199292000,0.0
1627199322000,0.0
1627199352000,0.0
1627199382000,0.0
1627199412000,0.0
1627199442000,0.0
1627199472000,0.0
1627199502000,0.0
1627199532000,0.0
1627199562000,0.0
1627199592000,0.0
1627199622000,0.0
1627199652000,0.0
1627199682000,0.0
1627199712000,0.0
1627199742000,0.0
1627199772000,0.0
1627199802000,0.0
1627199832000,0.0
1627199862000,0.0
1627199892000,0.0
1627199922000,0.0
1627199952000,0.0
1627199982000,0.0
1627200012000,0.0
1627200042000,0.0
1627200072000,0.0
1627200102000,0.0
1627200132000,0.0
1627200162000,0.0
1627200192000,0.0
1627200222000,0.0
1627200252000,0.0
1627200282000,0.0
1627200312000,0.0
1627200342000,0.0
1627200372000,0.0
1627200402000,0.0
1627200432000,0.0
1627200462000,0.0
1627200492000,0.0
1627200522000,0.0
1627200552000,0.0
1627200582000,0.0
1627200612000,0.0
1627200642000,0.0
1627200672000,0.0
1627200702000,0.0
1627200732000,0.0
1627200762000,0.0
1627200792000,0.0
1627200822000,0.0
1627200852000,0.0
1627200882000,0.0
1627200912000,0.0
1627200942000,0.0
1627200972000,0.0
1627201002000,0.0
1627201032000,0.0
1627201062000,0.0
1627201092000,0.0
1627201122000,0.0
1627201152000,0.0
1627201182000,0.0
1627201212000,0.0
1627201242000,0.0
1627201272000,0.0
1627201302000,0.0
1627201332000,0.0
1627201362000,0.0
1627201392000,0.0
1627201422000,0.0
1627201452000,0.0
1627201482000,0.0
1627201512000,0.0
1627201542000,0.0
1627201572000,0.0
1627201602000,0.0
1627201632000,0.0
1627201662000,0.0
1627201692000,0.0
1627201722000,0.0
1627201752000,0.0
1627201782000,0.0
1627201812000,0.0
1627201842000,0.0
1627201872000,0.0
1627201902000,0.0
1627201932000,0.0
1627201962000,0.0
1627201992000,0.0
1627202022000,0.0
1627202052000,0.0
1627202082000,0.0
1627202112000,0.0
1627202142000,0.0
1627202172000,0.0
1627202202000,0.0
1627202232000,0.0
1627202262000,0.0
1627202292000,0.0
1627202322000,0.0
1627202352000,0.0
1627202382000,0.0005076177671068427
1627202412000,0.0
1627202442000,0.0
1627202472000,0.0
1627202502000,0.0
1627202532000,0.0
1627202562000,0.0
1627202592000,0.0
1627202622000,0.0
1627202652000,0.0
1627202682000,0.0
1627202712000,0.0
1627202742000,0.0
1627202772000,0.0
1627202802000,0.0
1627202832000,0.0
1627202862000,0.0
1627202892000,0.0
1627202922000,0.0
1627202952000,0.0
1627202982000,0.0
1627203012000,0.0
1627203042000,0.0
1627203072000,0.0
1627203102000,0.0
1627203132000,0.0
1627203162000,0.0
1627203192000,0.0
1627203222000,0.0
1627203252000,0.0
1627203282000,0.0
1627203312000,0.0
1627203342000,0.0
1627203372000,0.0
1627203402000,0.0
1627203432000,0.0
1627203462000,0.0
1627203492000,0.0
1627203522000,0.0
1627203552000,0.0
1627203582000,0.0
1627203612000,0.0
1627203642000,0.0
1627203672000,0.0
1627203702000,0.0
1627203732000,0.0
1627203762000,0.0
1627203792000,0.0
1627203822000,0.0
1627203852000,0.0
1627203882000,0.0
1627203912000,0.0
1627203942000,0.0
1627203972000,0.0
1627204002000,0.0
1627204032000,0.0
1627204062000,0.0
1627204092000,0.0
1627204122000,0.0
1627204152000,0.0
1627204182000,0.0
1627204212000,0.0
1627204242000,0.0
1627204272000,0.0
1627204302000,0.0
1627204332000,0.0
1627204362000,0.0
1627204392000,0.0
1627204422000,0.0
1627204452000,0.0
1627204482000,0.0
1627204512000,0.0
1627204542000,0.0
1627204572000,0.0
1627204602000,0.0
1627204632000,0.0
1627204662000,0.0
1627204692000,0.0
1627204722000,0.0
1627204752000,0.0
1627204782000,0.0
1627204812000,0.0
1627204842000,0.0
1627204872000,0.0
1627204902000,0.0
1627204932000,0.0
1627204962000,0.0
1627204992000,0.0
1627205022000,0.0
1627205052000,0.0
1627205082000,0.0
1627205112000,0.0
1627205142000,0.0
1627205172000,0.0
1627205202000,0.0
1627205232000,0.0
1627205262000,0.0
1627205292000,0.0
1627205322000,0.0
1627205352000,0.0
1627205382000,0.0
1627205412000,0.0
1627205442000,0.0
1627205472000,0.0
1627205502000,0.0
1627205532000,0.0
1627205562000,0.0
1627205592000,0.0
1627205622000,0.0
1627205652000,0.0
1627205682000,0.0
1627205712000,0.0
1627205742000,0.0
1627205772000,0.0
1627205802000,0.0
1627205832000,0.0
1627205862000,0.0
1627205892000,0.0
1627205922000,0.0
1627205952000,0.0
1627205982000,0.0
1627206012000,0.0
1627206042000,0.0
1627206072000,0.0
1627206102000,0.0
1627206132000,0.0
1627206162000,0.0
1627206192000,0.0
1627206222000,0.0
1627206252000,0.0
1627206282000,0.0
1627206312000,0.0
1627206342000,0.0
1627206372000,0.0
1627206402000,0.0
1627206432000,0.0
1627206462000,0.0
1627206492000,0.0
1627206522000,0.0
1627206552000,0.0
1627206582000,0.0
1627206612000,0.0
1627206642000,0.0
1627206672000,0.0
1627206702000,0.0
1627206732000,0.0
1627206762000,0.0
1627206792000,0.0
1627206822000,0.0
1627206852000,0.0
1627206882000,0.0
1627206912000,0.0
1627206942000,0.0
1627206972000,0.0
1627207002000,0.0
1627207032000,0.0
1627207062000,0.0
1627207092000,0.0
1627207122000,0.0
1627207152000,0.0
1627207182000,0.0
1627207212000,0.0
1627207242000,0.0
1627207272000,0.0
1627207302000,0.0
1627207332000,0.0
1627207362000,0.0
1627207392000,0.0
1627207422000,0.0
1627207452000,0.0
1627207482000,0.0
1627207512000,0.0
1627207542000,0.0
1627207572000,0.0
1627207602000,0.0
1627207632000,0.0
1627207662000,0.0
1627207692000,0.0
1627207722000,0.0
1627207752000,0.0
1627207782000,0.0
1627207812000,0.0
1627207842000,0.0
1627207872000,0.0
1627207902000,0.0
1627207932000,0.0
1627207962000,0.0
1627207992000,0.0
1627208022000,0.0
1627208052000,0.0
1627208082000,0.0
1627208112000,0.0
1627208142000,0.0
1627208172000,0.0
1627208202000,0.0
1627208232000,0.0
1627208262000,0.0
1627208292000,0.0
1627208322000,0.0
1627208352000,0.0
1627208382000,0.0
1627208412000,0.0
1627208442000,0.0
1627208472000,0.0
1627208502000,0.0
1627208532000,0.0
1627208562000,0.0
1627208592000,0.0
1627208622000,0.0
1627208652000,0.0
1627208682000,0.0
1627208712000,0.0
1627208742000,0.0
1627208772000,0.0
1627208802000,0.0
1627208832000,0.0
1627208862000,0.0
1627208892000,0.0
1627208922000,0.0
1627208952000,0.0
1627208982000,0.0
1627209012000,0.0
1627209042000,0.0
1627209072000,0.0
1627209102000,0.0
1627209132000,0.0
1627209162000,0.0
1627209192000,0.0
1627209222000,0.0
1627209252000,0.0
1627209282000,0.0
1627209312000,0.0
1627209342000,0.0
1627209372000,0.0
1627209402000,0.0
1627209432000,0.0
1627209462000,0.0
1627209492000,0.0
1627209522000,0.0
1627209552000,0.0
1627209582000,0.0
1627209612000,0.0
1627209642000,0.0
1627209672000,0.0
1627209702000,0.0
1627209732000,0.0
1627209762000,0.0
1627209792000,0.0
1627209822000,0.0
1627209852000,0.0
1627209882000,0.0
1627209912000,0.0
1627209942000,0.0
1627209972000,0.0
1627210002000,0.0
1627210032000,0.0
1627210062000,0.0
1627210092000,0.0
1627210122000,0.0
1627210152000,0.0
1627210182000,0.0
1627210212000,0.0
1627210242000,0.0
1627210272000,0.0
1627210302000,0.0
1627210332000,0.0
1627210362000,0.0
1627210392000,0.0
1627210422000,0.0
1627210452000,0.0
1627210482000,0.0
1627210512000,0.0
1627210542000,0.0
1627210572000,0.0
1627210602000,0.0
1627210632000,0.0
1627210662000,0.0
1627210692000,0.0
1627210722000,0.0
1627210752000,0.0
1627210782000,0.0
1627210812000,0.0
1627210842000,0.0
1627210872000,0.0
1627210902000,0.0
1627210932000,0.0
1627210962000,0.0
1627210992000,0.0
1627211022000,0.0
1627211052000,0.0
1627211082000,0.0
1627211112000,0.0
1627211142000,0.0
1627211172000,0.0
1627211202000,0.0
1627211232000,0.0
1627211262000,0.0
1627211292000,0.0
1627211322000,0.0
1627211352000,0.0
1627211382000,0.0
1627211412000,0.0
1627211442000,0.0
1627211472000,0.0
1627211502000,0.0
1627211532000,0.0
1627211562000,0.0
1627211592000,0.0
1627211622000,0.0
1627211652000,0.0
1627211682000,0.0
1627211712000,0.0
1627211742000,0.0
1627211772000,0.0
1627211802000,0.0
1627211832000,0.0
1627211862000,0.0
1627211892000,0.0
1627211922000,0.0
1627211952000,0.0
1627211982000,0.0
1627212012000,0.0
1627212042000,0.0
1627212072000,0.0
1627212102000,0.0
1627212132000,0.0
1627212162000,0.0
1627212192000,0.0
1627212222000,0.0
1627212252000,0.0
1627212282000,0.0
1627212312000,0.0
1627212342000,0.0
1627212372000,0.0
1627212402000,0.0
1627212432000,0.0
1627212462000,0.0
1627212492000,0.0
1627212522000,0.0
1627212552000,0.0
1627212582000,0.0
1627212612000,0.0
1627212642000,0.0
1627212672000,0.0
1627212702000,0.0
1627212732000,0.0
1627212762000,0.0
1627212792000,0.0
1627212822000,0.0
1627212852000,0.0
1627212882000,0.0
1627212912000,0.0
1627212942000,0.0
1627212972000,0.0
1627213002000,0.0
1627213032000,0.0
1627213062000,0.0
1627213092000,0.0
1627213122000,0.0
1627213152000,0.0
1627213182000,0.0
1627213212000,0.0
1627213242000,0.0
1627213272000,0.0
1627213302000,0.0
1627213332000,0.0
1627213362000,0.0
1627213392000,0.0
1627213422000,0.0
1627213452000,0.0
1627213482000,0.0
1627213512000,0.0
1627213542000,0.0
1627213572000,0.0
1627213602000,0.0
1627213632000,0.0
1627213662000,0.0
1627213692000,0.0
1627213722000,0.0
1627213752000,0.0
1627213782000,0.0
1627213812000,0.0
1627213842000,0.0
1627213872000,0.0
1627213902000,0.0
1627213932000,0.0
1627213962000,0.0
1627213992000,0.0
1627214022000,0.0
1627214052000,0.0
1627214082000,0.0
1627214112000,0.0
1627214142000,0.0
1627214172000,0.0
1627214202000,0.0
1627214232000,0.0
1627214262000,0.0
1627214292000,0.0
1627214322000,0.0
1627214352000,0.0
1627214382000,0.0
1627214412000,0.0
1627214442000,0.0
1627214472000,0.0
1627214502000,0.0
1627214532000,0.0
1627214562000,0.0
1627214592000,0.0
1627214622000,0.0
1627214652000,0.0
1627214682000,0.0
1627214712000,0.0
1627214742000,0.0
1627214772000,2.1400123380629242e-05
1627214802000,0.0
1627214832000,0.0
1627214862000,0.0
1627214892000,0.0
1627214922000,0.0
1627214952000,0.0
1627214982000,0.0
1627215012000,0.0
1627215042000,0.0
1627215072000,0.0
1627215102000,0.0
1627215132000,0.0
1627215162000,0.0
1627215192000,0.0
1627215222000,0.0
1627215252000,0.0
1627215282000,0.0
1627215312000,0.0
1627215342000,0.0
1627215372000,0.0
1627215402000,0.0
1627215432000,0.0
1627215462000,0.0
1627215522000,0.0
1627215552000,0.0
1627215582000,0.0
1627215612000,0.0
1627215642000,0.0
1627215672000,0.0
1627215702000,0.0
1627215732000,0.0
1627215762000,0.0
1627215792000,0.0
1627215822000,0.0
1627215852000,0.0
1627215882000,0.0
1627215912000,0.0
1627215942000,0.0
1627215972000,0.0
1627216002000,0.0
1627216032000,0.0
1627216062000,0.0
1627216092000,0.0
1627216122000,0.0
1627216152000,0.0
1627216182000,0.0
1627216212000,0.0
1627216242000,0.0
1627216272000,0.0
1627216302000,0.0
1627216332000,0.0
1627216362000,0.0
1627216392000,0.0
1627216422000,0.0
1627216452000,0.0
1627216482000,0.0
1627216512000,0.0
1627216542000,0.0
1627216572000,0.0
1627216602000,0.0
1627216632000,0.0
1627216662000,0.0
1627216692000,0.0
1627216722000,0.0
1627216752000,0.0
1627216782000,0.0
1627216812000,0.0
1627216842000,0.0
1627216872000,0.0
1627216902000,0.0
1627216932000,0.0
1627216962000,0.0
1627216992000,0.0
1627217022000,0.0
1627217052000,0.0
1627217082000,0.0
1627217112000,0.0
1627217142000,0.0
1627217172000,0.0
1627217202000,0.0
1627217232000,0.0
1627217262000,0.0
1627217292000,0.0
1627217322000,0.0
1627217352000,0.0
1627217382000,0.0
1627217412000,0.0
1627217442000,0.0
1627217472000,0.0
1627217502000,0.0
1627217532000,0.0
1627217562000,0.0
1627217592000,0.0
1627217622000,0.0
1627217652000,0.0
1627217682000,0.0
1627217712000,0.0
1627217742000,0.0
1627217772000,0.0
1627217802000,0.0
1627217832000,0.0
1627217862000,0.0
1627217892000,3.861691542288557e-06
1627217922000,0.0
1627217952000,0.0
1627217982000,0.0
1627218012000,0.0
1627218042000,0.0
1627218072000,0.0
1627218102000,0.0
1627218132000,0.0
1627218162000,0.0
1627218192000,0.0
1627218222000,0.0
1627218252000,0.0
1627218282000,0.0
1627218312000,0.0
1627218342000,0.0
1627218372000,0.0
1627218402000,0.0
1627218432000,0.0
1627218462000,0.0
1627218492000,0.0
1627218522000,0.0
1627218552000,0.0
1627218582000,0.0
1627218612000,0.0
1627218642000,0.0
1627218672000,0.0
1627218702000,0.0
1627218732000,0.0
1627218762000,0.0
1627218792000,0.0
1627218822000,0.0
1627218852000,0.0
1627218882000,0.0
1627218912000,0.0
1627218942000,0.0
1627218972000,0.0
1627219002000,0.0
1627219032000,0.0
1627219062000,0.0
1627219092000,0.0
1627219122000,0.0
1627219152000,0.0
1627219182000,0.0
1627219212000,0.0
1627219242000,0.0
1627219272000,0.0
1627219302000,0.0
1627219332000,0.0
1627219362000,0.0
1627219392000,0.0
1627219422000,0.0
1627219452000,0.0
1627219482000,0.0
1627219512000,0.0
1627219542000,0.0
1627219572000,0.0
1627219602000,0.0
1627219632000,0.0
1627219662000,0.0
1627219692000,0.0
1627219722000,0.0
1627219752000,0.0
1627219782000,0.0
1627219812000,0.0
1627219842000,0.0
1627219872000,0.0
1627219902000,0.0
1627219932000,0.0
1627219962000,0.0
1627219992000,0.0
1627220022000,0.0
1627220052000,0.0
1627220082000,0.0
1627220112000,0.0
1627220142000,0.0
1627220172000,0.0
1627220202000,0.0
1627220232000,0.0
1627220262000,0.0
1627220292000,0.0
1627220322000,0.0
1627220352000,0.0
1627220382000,0.0
1627220412000,0.0
1627220442000,0.0
1627220472000,0.0
1627220502000,0.0
1627220532000,0.0
1627220562000,0.0
1627220592000,0.0
1627220622000,0.0
1627220652000,0.0
1627220682000,0.0
1627220712000,0.0
1627220742000,0.0
1627220772000,0.0
1627220802000,0.0
1627220832000,0.0
1627220862000,0.0
1627220892000,0.0
1627220922000,0.0
1627220952000,0.0
1627220982000,0.0
1627221012000,0.0
1627221042000,0.0
1627221072000,0.0
1627221102000,0.0
1627221132000,0.0
1627221162000,0.0
1627221192000,0.0
1627221222000,0.0
1627221252000,0.0
1627221282000,0.0
1627221312000,0.0
1627221342000,0.0
1627221372000,0.0
1627221402000,0.0
1627221432000,0.0
1627221462000,0.0
1627221492000,0.0
1627221522000,0.0
1627221552000,0.0
1627221582000,0.0
1627221612000,0.0
1627221642000,0.0
1627221672000,0.0
1627221702000,0.0
1627221732000,0.0
1627221762000,0.0
1627221792000,0.0
1627221822000,0.0
1627221852000,0.0
1627221882000,0.0
1627221912000,0.0
1627221942000,0.0
1627221972000,0.0
1627222002000,0.0
1627222032000,0.0
1627222062000,0.0
1627222092000,0.0
1627222122000,0.0
1627222152000,0.0
1627222182000,0.0
1627222212000,0.0
1627222242000,0.0
1627222272000,0.0
1627222302000,0.0
1627222332000,0.0
1627222362000,0.0
1627222392000,0.0
1627222422000,0.0
1627222452000,0.0
1627222482000,0.0
1627222512000,0.0
1627222542000,0.0
1627222572000,0.0
1627222602000,0.0
1627222632000,0.0
1627222662000,0.0
1627222692000,0.0
1627222722000,0.0
1627222752000,0.0
1627222782000,0.0
1627222812000,0.0
1627222842000,0.0
1627222872000,0.0
1627222902000,0.0
1627222932000,0.0
1627222962000,0.0
1627222992000,0.0
1627223022000,0.0
1627223052000,0.0
1627223082000,0.0
1627223112000,0.0
1627223142000,0.0
1627223172000,0.0
1627223202000,0.0
1627223232000,0.0
1627223262000,0.0
1627223292000,0.0
1627223322000,0.0
1627223352000,0.0
1627223382000,0.0
1627223412000,0.0
1627223442000,0.0
1627223472000,0.0
1627223502000,0.0
1627223532000,0.0
1627223562000,0.0
1627223592000,0.0
1627223622000,0.0
1627223652000,0.0
1627223682000,0.0
1627223712000,0.0
1627223742000,0.0
1627223772000,0.0
1627223802000,0.0
1627223832000,0.0
1627223862000,0.0
1627223892000,0.0
1627223922000,0.0
1627223952000,0.0
1627223982000,0.0
1627224012000,0.0
1627224042000,0.0
1627224072000,0.0
1627224102000,0.0
1627224132000,0.0
1627224162000,0.0
1627224192000,0.0
1627224222000,0.0
1627224252000,0.0
1627224282000,0.0
1627224312000,0.0
1627224342000,0.0
1627224372000,0.0
1627224402000,0.0
1627224432000,0.0
1627224462000,0.0
1627224492000,0.0
1627224522000,0.0
1627224552000,0.0
1627224582000,0.0
1627224612000,0.0
1627224642000,0.0
1627224672000,0.0
1627224702000,0.0
1627224732000,0.0
1627224762000,0.0
1627224792000,0.0
1627224822000,0.0
1627224852000,0.0
1627224882000,0.0
1627224912000,0.0
1627224942000,0.0
1627224972000,0.0
1627225002000,0.0
1627225032000,0.0
1627225062000,0.0
1627225092000,0.0
1627225122000,0.0
1627225152000,0.0
1627225182000,0.0
1627225212000,0.0
1627225242000,0.0
1627225272000,0.0
1627225302000,0.0
1627225332000,0.0
1627225362000,0.0
1627225392000,0.0
1627225422000,0.0
1627225452000,0.0
1627225482000,0.0
1627225512000,0.0
1627225542000,0.0
1627225572000,0.0
1627225602000,0.0
1627225632000,0.0
1627225662000,0.0
1627225692000,0.0
1627225722000,0.0
1627225752000,0.0
1627225782000,0.0
1627225812000,0.0
1627225842000,0.0
1627225872000,0.0
1627225902000,0.0
1627225932000,0.0
1627225962000,0.0
1627225992000,0.0
1627226022000,0.0
1627226052000,0.0
1627226082000,0.0
1627226112000,0.0
1627226142000,0.0
1627226172000,0.0
1627226202000,0.0
1627226232000,0.0
1627226262000,0.0
1627226292000,0.0
1627226322000,0.0
1627226352000,0.0
1627226382000,0.0
1627226412000,0.0
1627226442000,0.0
1627226472000,0.0
1627226502000,0.0
1627226532000,0.0
1627226562000,0.0
1627226592000,0.0
1627226622000,0.0
1627226652000,0.0
1627226682000,0.0
1627226712000,0.0
1627226742000,0.0
1627226772000,0.0
1627226802000,0.0
1627226832000,0.0
1627226862000,0.0
1627226892000,0.0
1627226922000,0.0
1627226952000,0.0
1627226982000,0.0
1627227012000,0.0
1627227042000,0.0
1627227072000,0.0
1627227102000,0.0
1627227132000,0.0
1627227162000,0.0
1627227192000,0.0
1627227222000,0.0
1627227252000,0.0
1627227282000,0.0
1627227312000,0.0
1627227342000,0.0
1627227372000,0.0
1627227402000,0.0
1627227432000,0.0
1627227462000,0.0
1627227492000,0.0
1627227522000,0.0
1627227552000,0.0
1627227582000,0.0
1627227612000,0.0
1627227642000,0.0
1627227672000,0.0
1627227702000,0.0
1627227732000,0.0
1627227762000,0.0
1627227792000,0.0
1627227822000,0.0
1627227852000,0.0
1627227882000,0.0
1627227912000,0.0
1627227942000,0.0
1627227972000,0.0
1627228002000,0.0
1627228032000,0.0
1627228062000,0.0
1627228092000,0.0
1627228122000,0.0
1627228152000,0.0
1627228182000,0.0
1627228212000,0.0
1627228242000,0.0
1627228272000,0.0
1627228302000,0.0
1627228332000,0.0
1627228362000,0.0
1627228392000,0.0
1627228422000,0.0
1627228452000,0.0
1627228482000,0.0
1627228512000,0.0
1627228542000,0.0
1627228572000,0.0
1627228602000,0.0
1627228632000,0.0
1627228662000,0.0
1627228692000,0.0
1627228722000,0.0
1627228752000,0.0
1627228782000,0.0
1627228812000,0.0
1627228842000,0.0
1627228872000,0.0
1627228902000,0.0
1627228932000,0.0
1627228962000,0.0
1627228992000,0.0
1627229022000,0.0
1627229052000,0.0
1627229082000,0.0
1627229112000,0.0
1627229142000,0.0
1627229172000,0.0
1627229202000,0.0
1627229232000,0.0
1627229262000,0.0
1627229292000,0.0
1627229322000,0.0
1627229352000,0.0
1627229382000,0.0
1627229412000,0.0
1627229442000,0.0
1627229472000,0.0
1627229502000,0.0
1627229532000,0.0
1627229562000,0.0
1627229592000,0.0
1627229622000,0.0
1627229652000,0.0
1627229682000,0.0
1627229712000,0.0
1627229742000,0.0
1627229772000,0.0
1627229802000,0.0
1627229832000,0.0
1627229862000,0.0
1627229892000,0.0
1627229922000,0.0
1627229952000,0.0
1627229982000,0.0
1627230012000,0.0
1627230042000,0.0
1627230072000,0.0
1627230102000,0.0
1627230132000,0.0
1627230162000,0.0
1627230192000,0.0
1627230222000,0.0
1627230252000,0.0
1627230282000,0.0
1627230312000,0.0
1627230342000,0.0
1627230372000,0.0
1627230402000,0.0
1627230432000,0.0
1627230462000,0.0
1627230492000,0.0
1627230522000,0.0
1627230552000,0.0
1627230582000,0.0
1627230612000,0.0
1627230642000,0.0
1627230672000,0.0
1627230702000,0.0
1627230732000,0.0
1627230762000,0.0
1627230792000,0.0
1627230822000,0.0
1627230852000,0.0
1627230882000,0.0
1627230912000,0.0
1627230942000,0.0
1627230972000,0.0
1627231002000,0.0
1627231032000,0.0
1627231062000,0.0
1627231092000,0.0
1627231122000,0.0
1627231152000,0.0
1627231182000,0.0
1627231212000,0.0
1627231242000,0.0
1627231272000,0.0
1627231302000,0.0
1627231332000,0.0
1627231362000,0.0
1627231392000,0.0
1627231422000,0.0
1627231452000,0.0
1627231482000,0.0
1627231512000,0.0
1627231542000,0.0
1627231572000,0.0
1627231602000,0.0
1627231632000,0.0
1627231662000,0.0
1627231692000,0.0
1627231722000,0.0
1627231752000,0.0
1627231782000,0.0
1627231812000,0.0
1627231842000,0.0
1627231872000,0.0
1627231902000,0.0
1627231932000,0.0
1627231962000,0.0
1627231992000,0.0
1627232022000,0.0
1627232052000,0.0
1627232082000,0.0
1627232112000,0.0
1627232142000,0.0
1627232172000,0.0
1627232202000,0.0
1627232232000,0.0
1627232262000,0.0
1627232292000,0.0
1627232322000,0.0
1627232352000,0.0
1627232382000,0.0
1627232412000,0.0
1627232442000,0.0
1627232472000,0.0
1627232502000,0.0
1627232532000,0.0
1627232562000,0.0
1627232592000,0.0
1627232622000,0.0
1627232652000,0.0
1627232682000,0.0
1627232712000,0.0
1627232742000,0.0
1627232772000,0.0
1627232802000,0.0
1627232832000,0.0
1627232862000,0.0
1627232892000,0.0
1627232922000,0.0
1627232952000,0.0
1627232982000,0.0
1627233012000,0.0
1627233042000,0.0
1627233072000,0.0
1627233102000,0.0
1627233132000,0.0
1627233162000,0.0
1627233192000,0.0
1627233222000,0.0
1627233252000,0.0
1627233282000,0.0
1627233312000,0.0
1627233342000,0.0
1627233372000,0.0
1627233402000,0.0
1627233432000,0.0
1627233462000,0.0
1627233492000,0.0
1627233522000,0.0
1627233552000,0.0
1627233582000,0.0
1627233612000,0.0
1627233642000,0.0
1627233672000,0.0
1627233702000,0.0
1627233732000,0.0
1627233762000,0.0
1627233792000,0.0
1627233822000,0.0
1627233852000,0.0
1627233882000,0.0
1627233912000,0.0
1627233942000,0.0
1627233972000,0.0
1627234002000,0.0
1627234032000,0.0
1627234062000,0.0
1627234092000,0.0
1627234122000,0.0
1627234152000,0.0
1627234182000,0.0
1627234212000,0.0
1627234242000,0.0
1627234272000,0.0
1627234302000,0.0
1627234332000,0.0
1627234362000,0.0
1627234392000,0.0
1627234422000,0.0
1627234452000,0.0
1627234482000,0.0
1627234512000,0.0
1627234542000,0.0
1627234572000,0.0
1627234602000,0.0
1627234632000,0.0
1627234662000,0.0
1627234692000,0.0
1627234722000,0.0
1627234752000,0.0
1627234782000,0.0
1627234812000,0.0
1627234842000,0.0
1627234872000,0.0
1627234902000,0.0
1627234932000,0.0
1627234962000,0.0
1627234992000,0.0
1627235022000,0.0
1627235052000,0.0
1627235082000,0.0
1627235112000,0.0
1627235142000,0.0
1627235172000,0.0
1627235202000,0.0
1627235232000,0.0
1627235262000,0.0
1627235292000,0.0
1627235322000,0.0
1627235352000,0.0
1627235382000,0.0
1627235412000,0.0
1627235442000,0.0
1627235472000,0.0
1627235502000,0.0
1627235532000,0.0
1627235562000,0.0
1627235592000,0.0
1627235622000,0.0
1627235652000,0.0
1627235682000,0.0
1627235712000,0.0
1627235742000,0.0
1627235772000,0.0
1627235802000,0.0
1627235832000,0.0
1627235862000,0.0
1627235892000,0.0
1627235922000,0.0
1627235952000,0.0
1627235982000,0.0
1627236012000,0.0
1627236042000,0.0
1627236072000,0.0
1627236102000,0.0
1627236132000,0.0
1627236162000,0.0
1627236192000,0.0
1627236222000,0.0
1627236252000,0.0
1627236282000,0.0
1627236312000,0.0
1627236342000,0.0
1627236372000,0.0
1627236402000,0.0
1627236432000,0.0
1627236462000,0.0
1627236492000,0.0
1627236522000,0.0
1627236552000,0.0
1627236582000,0.0
1627236612000,0.0
1627236642000,0.0
1627236672000,0.0
1627236702000,0.0
1627236732000,0.0
1627236762000,0.0
1627236792000,0.0
1627236822000,0.0
1627236852000,0.0
1627236882000,0.0
1627236912000,0.0
1627236942000,0.0
1627236972000,0.0
1627237002000,0.0
1627237032000,0.0
1627237062000,0.0
1627237092000,0.0
1627237122000,0.0
1627237152000,0.0
1627237182000,0.0
1627237212000,0.0
1627237242000,0.0
1627237272000,0.0
1627237302000,0.0
1627237332000,0.0
1627237362000,0.0
1627237392000,0.0
1627237422000,0.0
1627237452000,0.0
1627237482000,0.0
1627237512000,0.0
1627237542000,0.0
1627237572000,0.0
1627237602000,0.0
1627237632000,0.0
1627237662000,0.0
1627237692000,0.0
1627237722000,0.0
1627237752000,0.0
1627237782000,0.0
1627237812000,0.0
1627237842000,0.0
1627237872000,0.0
1627237902000,0.0
1627237932000,0.0
1627237962000,0.0
1627237992000,0.0
1627238022000,0.0
1627238052000,0.0
1627238082000,0.0
1627238112000,0.0
1627238142000,0.0
1627238172000,0.0
1627238202000,0.0
1627238232000,0.0
1627238262000,0.0
1627238292000,0.0
1627238322000,0.0
1627238352000,0.0
1627238382000,0.0
1627238412000,0.0
1627238442000,0.0
1627238472000,0.0
1627238502000,0.0
1627238532000,0.0
1627238562000,0.0
1627238592000,0.0
1627238622000,0.0
1627238652000,0.0
1627238682000,0.0
1627238712000,0.0
1627238742000,0.0
1627238772000,0.0
1627238802000,0.0
1627238832000,0.0
1627238862000,0.0
1627238892000,0.0
1627238922000,0.0
1627238952000,0.0
1627238982000,0.0
1627239012000,0.0
1627239042000,0.0
1627239072000,0.0
1627239102000,0.0
1627239132000,0.0
1627239162000,0.0
1627239192000,0.0
1627239222000,0.0
1627239252000,0.0
1627239282000,0.0
1627239312000,0.0
1627239342000,0.0
1627239372000,0.0
1627239402000,0.0
1627239432000,0.0
1627239462000,0.0
1627239492000,0.0
1627239522000,0.0
1627239552000,0.0
1627239582000,0.0
1627239612000,0.0
1627239642000,0.0
1627239672000,0.0
1627239702000,0.0
1627239732000,0.0
1627239762000,0.0
1627239792000,0.0
1627239822000,0.0
1627239852000,0.0
1627239882000,0.0
1627239912000,0.0
1627239942000,0.0
1627239972000,0.0
1627240002000,0.0
1627240032000,0.0
1627240062000,0.0
1627240092000,0.0
1627240122000,0.0
1627240152000,0.0
1627240182000,0.0
1627240212000,0.0
1627240242000,0.0
1627240272000,0.0
1627240302000,0.0
1627240332000,0.0
1627240362000,0.0
1627240392000,0.0
1627240422000,0.0
1627240452000,0.0
1627240482000,0.0
1627240512000,0.0
1627240542000,0.0
1627240572000,0.0
1627240602000,0.0
1627240632000,0.0
1627240662000,0.0
1627240692000,0.0
1627240722000,0.0
1627240752000,0.0
1627240782000,0.0
1627240812000,0.0
1627240842000,0.0
1627240872000,0.0
1627240902000,0.0
1627240932000,0.0
1627240962000,0.0
1627240992000,0.0
1627241022000,0.0
1627241052000,0.0
1627241082000,0.0
1627241112000,0.0
1627241142000,0.0
1627241172000,0.0
1627241202000,0.0
1627241232000,0.0
1627241262000,0.0
1627241292000,0.0
1627241322000,0.0
1627241352000,0.0
1627241382000,0.0
1627241412000,0.0
1627241442000,0.0
1627241472000,0.0
1627241502000,0.0
1627241532000,0.0
1627241562000,0.0
1627241592000,0.0
1627241622000,0.0
1627241652000,0.0
1627241682000,0.0
1627241712000,0.0
1627241742000,0.0
1627241772000,0.0
1627241802000,0.0
1627241832000,0.0
1627241862000,0.0
1627241892000,0.0
1627241922000,0.0
1627241952000,0.0
1627241982000,0.0
1627242012000,0.0
1627242042000,0.0
1627242072000,0.0
1627242102000,0.0
1627242132000,0.0
1627242162000,0.0
1627242192000,0.0
1627242222000,0.0
1627242252000,0.0
1627242282000,0.0
1627242312000,0.0
1627242342000,0.0
1627242372000,0.0
1627242402000,0.0
1627242432000,0.0
1627242462000,0.0
1627242492000,0.0
1627242522000,0.0
1627242552000,0.0
1627242582000,0.0
1627242612000,0.0
1627242642000,0.0
1627242672000,0.0
1627242702000,0.0
1627242732000,0.0
1627242762000,0.0
1627242792000,0.0
1627242822000,0.0
1627242852000,0.0
1627242882000,0.0
1627242912000,0.0
1627242942000,0.0
1627242972000,0.0
1627243002000,0.0
1627243032000,0.0
1627243062000,0.0
1627243092000,0.0
1627243122000,0.0
1627243152000,0.0
1627243182000,0.0
1627243212000,0.0
1627243242000,0.0
1627243272000,0.0
1627243302000,0.0
1627243332000,0.0
1627243362000,0.0
1627243392000,0.0
1627243422000,0.0
1627243452000,0.0
1627243482000,0.0
1627243512000,0.0
1627243542000,0.0
1627243572000,0.0
1627243602000,0.0
1627243632000,0.0
1627243662000,0.0
1627243692000,0.0
1627243722000,0.0
1627243752000,0.0
1627243782000,0.0
1627243812000,0.0
1627243842000,0.0
1627243872000,0.0
1627243902000,0.0
1627243932000,0.0
1627243962000,0.0
1627243992000,0.0
1627244022000,0.0
1627244052000,0.0
1627244082000,0.0
1627244112000,0.0
1627244142000,0.0
1627244172000,0.0
1627244202000,0.0
1627244232000,0.0
1627244262000,0.0
1627244292000,0.0
1627244322000,0.0
1627244352000,0.0
1627244382000,0.0
1627244412000,0.0
1627244442000,0.0
1627244472000,0.0
1627244502000,0.0
1627244532000,0.0
1627244562000,0.0
1627244592000,0.0
1627244622000,0.0
1627244652000,0.0
1627244682000,0.0
1627244712000,0.0
1627244742000,0.0
1627244772000,0.0
1627244802000,0.0
1627244832000,0.0
1627244862000,0.0
1627244892000,0.0
1627244922000,0.0
1627244952000,0.0
1627244982000,0.0
1627245012000,0.0
1627245042000,0.0
1627245072000,0.0
1627245102000,0.0
1627245132000,0.0
1627245162000,0.0
1627245192000,0.0
1627245222000,0.0
1627245252000,0.0
1627245282000,0.0
1627245312000,0.0
1627245342000,0.0
1627245372000,0.0
1627245402000,0.0
1627245432000,0.0
1627245462000,0.0
1627245492000,0.0
1627245522000,0.0
1627245552000,0.0
1627245582000,0.0
1627245612000,0.0
1627245642000,0.0
1627245672000,0.0
1627245702000,0.0
1627245732000,0.0
1627245762000,0.0
1627245792000,0.0
1627245822000,0.0
1627245852000,0.0
1627245882000,0.0
1627245912000,0.0
1627245942000,0.0
1627245972000,0.0
1627246002000,0.0
1627246032000,0.0
1627246062000,0.0
1627246092000,0.0
1627246122000,0.0
1627246152000,0.0
1627246182000,0.0
1627246212000,0.0
1627246242000,0.0
1627246272000,0.0
1627246302000,0.0
1627246332000,0.0
1627246362000,0.0
1627246392000,0.0
1627246422000,0.0
1627246452000,0.0
1627246482000,0.0
1627246512000,0.0
1627246542000,0.0
1627246572000,0.0
1627246602000,0.0
1627246632000,0.0
1627246662000,0.0
1627246692000,0.0
1627246722000,0.0
1627246752000,0.0
1627246782000,0.0
1627246812000,0.0
1627246842000,0.0
1627246872000,0.0
1627246902000,0.0
1627246932000,0.0
1627246962000,0.0
1627246992000,0.0
1627247022000,0.0
1627247052000,0.0
1627247082000,0.0
1627247112000,0.0
1627247142000,0.0
1627247172000,0.0
1627247202000,0.0
1627247232000,0.0
1627247262000,0.0
1627247292000,0.0
1627247322000,0.0
1627247352000,0.0
1627247382000,0.0
1627247412000,0.0
1627247442000,0.0
1627247472000,0.0
1627247502000,0.0
1627247532000,0.0
1627247562000,0.0
1627247592000,0.0
1627247622000,0.0
1627247652000,0.0
1627247682000,0.0
1627247712000,0.0
1627247742000,0.0
1627247772000,0.0
1627247802000,0.0
1627247832000,0.0
1627247862000,0.0
1627247892000,0.0
1627247922000,0.0
1627247952000,0.0
1627247982000,0.0
1627248012000,0.0
1627248042000,0.0
1627248072000,0.0
1627248102000,0.0
1627248132000,0.0
1627248162000,0.0
1627248192000,0.0
1627248222000,0.0
1627248252000,0.0
1627248282000,0.0
1627248312000,0.0
1627248342000,0.0
1627248372000,0.0
1627248402000,0.0
1627248432000,0.0
1627248462000,0.0
1627248492000,0.0
1627248522000,0.0
1627248552000,0.0
1627248582000,0.0
1627248612000,0.0
1627248642000,0.0
1627248672000,0.0
1627248702000,0.0
1627248732000,0.0
1627248762000,0.0
1627248792000,0.0
1627248822000,0.0
1627248852000,0.0
1627248882000,0.0
1627248912000,0.0
1627248942000,0.0
1627248972000,0.0
1627249002000,0.0
1627249032000,0.0
1627249062000,0.0
1627249092000,0.0
1627249122000,0.0
1627249152000,0.0
1627249182000,0.0
1627249212000,0.0
1627249242000,0.0
1627249272000,0.0
1627249302000,0.0
1627249332000,0.0
1627249362000,0.0
1627249392000,0.0
1627249422000,0.0
1627249452000,0.0
1627249482000,0.0
1627249512000,0.0
1627249542000,0.0
1627249572000,0.0
1627249602000,0.0
1627249632000,0.0
1627249662000,0.0
1627249692000,0.0
1627249722000,0.0
1627249752000,0.0
1627249782000,0.0
1627249812000,0.0
1627249842000,0.0
1627249872000,0.0
1627249902000,0.0
1627249932000,0.0
1627249962000,0.0
1627249992000,0.0
1627250022000,0.0
1627250052000,0.0
1627250082000,0.0
1627250112000,0.0
1627250142000,0.0
1627250172000,0.0
1627250202000,0.0
1627250232000,0.0
1627250262000,0.0
1627250292000,0.0
1627250322000,0.0
1627250352000,0.0
1627250382000,0.0
1627250412000,0.0
1627250442000,0.0
1627250472000,0.0
1627250502000,0.0
1627250532000,0.0
1627250562000,0.0
1627250592000,0.0
1627250622000,0.0
1627250652000,0.0
1627250682000,0.0
1627250712000,0.0
1627250742000,0.0
1627250772000,0.0
1627250802000,0.0
1627250832000,0.0
1627250862000,0.0
1627250892000,0.0
1627250922000,0.0
1627250952000,0.0
1627250982000,0.0
1627251012000,0.0
1627251042000,0.0
1627251072000,0.0
1627251102000,0.0
1627251132000,0.0
1627251162000,0.0
1627251192000,0.0
1627251222000,0.0
1627251252000,0.0
1627251282000,0.0
1627251312000,0.0
1627251342000,0.0
1627251372000,0.0
1627251402000,0.0
1627251432000,0.0
1627251462000,0.0
1627251492000,0.0
1627251522000,0.0
1627251552000,0.0
1627251582000,0.0
1627251612000,0.0
1627251642000,0.0
1627251672000,0.0
1627251702000,0.0
1627251732000,0.0
1627251762000,0.0
1627251792000,0.0
1627251822000,0.0
1627251852000,0.0
1627251882000,0.0
1627251912000,0.0
1627251942000,0.0
1627251972000,0.0
1627252002000,0.0
1627252032000,0.0
1627252062000,0.0
1627252092000,0.0
1627252122000,0.0
1627252152000,0.0
1627252182000,0.0
1627252212000,0.0
1627252242000,0.0
1627252272000,0.0
1627252302000,0.0
1627252332000,0.0
1627252362000,0.0
1627252392000,0.0
1627252422000,0.0
1627252452000,0.0
1627252482000,0.0
1627252512000,0.0
1627252542000,0.0
1627252572000,0.0
1627252602000,0.0
1627252632000,0.0
1627252662000,0.0
1627252692000,0.0
1627252722000,0.0
1627252752000,0.0
1627252782000,0.0
1627252812000,0.0
1627252842000,0.0
1627252872000,0.0
1627252902000,0.0
1627252932000,0.0
1627252962000,0.0
1627252992000,0.0
1627253022000,0.0
1627253052000,0.0
1627253082000,0.0
1627253112000,0.0
1627253142000,0.0
1627253172000,0.0
1627253202000,0.0
1627253232000,0.0
1627253262000,0.0
1627253292000,0.0
1627253322000,0.0
1627253352000,0.0
1627253382000,0.0
1627253412000,0.0
1627253442000,0.0
1627253472000,0.0
1627253502000,0.0
1627253532000,0.0
1627253562000,0.0
1627253592000,0.0
1627253622000,0.0
1627253652000,0.0
1627253682000,0.0
1627253712000,0.0
1627253742000,0.0
1627253772000,0.0
1627253802000,0.0
1627253832000,0.0
1627253862000,0.0
1627253892000,0.0
1627253922000,0.0
1627253952000,0.0
1627253982000,0.0
1627254012000,0.0
1627254042000,0.0
1627254072000,0.0
1627254102000,0.0
1627254132000,0.0
1627254162000,0.0
1627254192000,0.0
1627254222000,0.0
1627254252000,0.0
1627254282000,0.0
1627254312000,0.0
1627254342000,0.0
1627254372000,0.0
1627254402000,0.0
1627254432000,0.0
1627254462000,0.0
1627254492000,0.0
1627254522000,0.0
1627254552000,0.0
1627254582000,0.0
1627254612000,0.0
1627254642000,0.0
1627254672000,0.0
1627254702000,0.0
1627254732000,0.0
1627254762000,0.0
1627254792000,0.0
1627254822000,0.0
1627254852000,0.0
1627254882000,0.0
1627254912000,0.0
1627254942000,0.0
1627254972000,0.0
1627255002000,0.0
1627255032000,0.0
1627255062000,0.0
1627255092000,0.0
1627255122000,0.0
1627255152000,0.0
1627255182000,0.0
1627255212000,0.0
1627255242000,0.0
1627255272000,0.0
1627255302000,0.0
1627255332000,0.0
1627255362000,0.0
1627255392000,0.0
1627255422000,0.0
1627255452000,0.0
1627255482000,0.0
1627255512000,0.0
1627255542000,0.0
1627255572000,0.0
1627255602000,0.0
1627255632000,0.0
1627255662000,0.0
1627255692000,0.0
1627255722000,0.0
1627255752000,0.0
1627255782000,0.0
1627255812000,0.0
1627255842000,0.0
1627255872000,0.0
1627255902000,0.0
1627255932000,0.0
1627255962000,0.0
1627255992000,0.0
1627256022000,0.0
1627256052000,0.0
1627256082000,0.0
1627256112000,0.0
1627256142000,0.0
1627256172000,0.0
1627256202000,0.0
1627256232000,0.0
1627256262000,0.0
1627256292000,0.0
1627256322000,0.0
1627256352000,0.0
1627256382000,0.0
1627256412000,0.0
1627256442000,0.0
1627256472000,0.0
1627256502000,0.0
1627256532000,0.0
1627256562000,0.0
1627256592000,0.0
1627256622000,0.0
1627256652000,0.0
1627256682000,0.0
1627256712000,0.0
1627256742000,0.0
1627256772000,2.7829585798816567e-05
1627256802000,0.0
1627256832000,0.0
1627256862000,0.0
1627256892000,0.0
1627256922000,0.0
1627256952000,0.0
1627256982000,6.1793103448275865e-06
1627257012000,0.0
1627257042000,0.0
1627257072000,0.0
1627257102000,0.0
1627257132000,0.0
1627257162000,0.0
1627257192000,0.0
1627257222000,0.0
1627257252000,0.0
1627257282000,0.0
1627257312000,0.0
1627257342000,0.0
1627257372000,0.0
1627257402000,0.0
1627257432000,0.0
1627257462000,0.0
1627257492000,0.0
1627257522000,0.0
1627257552000,0.0
1627257582000,0.0
1627257612000,0.0
1627257642000,0.0
1627257672000,0.0
1627257702000,0.0
1627257732000,0.0
1627257762000,0.0
1627257792000,0.0
1627257822000,0.0
1627257852000,0.0
1627257882000,0.0
1627257912000,0.0
1627257942000,0.0
1627257972000,0.0
1627258002000,0.0
1627258032000,0.0
1627258062000,0.0
1627258092000,0.0
1627258122000,0.0
1627258152000,0.0
1627258182000,0.0
1627258212000,0.0
1627258242000,0.0
1627258272000,0.0
1627258302000,0.0
1627258332000,0.0
1627258362000,0.0
1627258392000,0.0
1627258422000,0.0
1627258452000,0.0
1627258482000,0.0
1627258512000,0.0
1627258542000,0.0
1627258572000,0.0
1627258602000,0.0
1627258632000,0.0
1627258662000,0.0
1627258692000,0.0
1627258722000,0.0
1627258752000,0.0
1627258782000,0.0
1627258812000,0.0
1627258842000,0.0
1627258872000,0.0
1627258902000,0.0
1627258932000,0.0
1627258962000,0.0
1627258992000,0.0
1627259022000,0.0
1627259052000,0.0
1627259082000,0.0
1627259112000,0.0
1627259142000,0.0
1627259172000,0.0
1627259202000,0.0
1627259232000,0.0
1627259262000,0.0
1627259292000,0.0
1627259322000,0.0
1627259352000,0.0
1627259382000,0.0
1627259412000,0.0
1627259442000,0.0
1627259472000,0.0
1627259502000,0.0
1627259532000,0.0
1627259562000,0.0
1627259592000,0.0
1627259622000,0.0
1627259652000,0.0
1627259682000,0.0
1627259712000,0.0
1627259742000,0.0
1627259772000,0.0
1627259802000,0.0
1627259832000,0.0
1627259862000,0.0
1627259892000,0.0
1627259922000,0.0
1627259952000,0.0
1627259982000,0.0
1627260012000,0.0
1627260042000,0.0
1627260072000,0.0
1627260102000,0.0
1627260132000,0.0
1627260162000,0.0
1627260192000,0.0
1627260222000,0.0
1627260252000,0.0
1627260282000,0.0
1627260312000,0.0
1627260342000,0.0
1627260372000,0.0
1627260402000,0.0
1627260432000,0.0
1627260462000,0.0
1627260492000,0.0
1627260522000,0.0
1627260552000,0.0
1627260582000,0.0
1627260612000,0.0
1627260642000,0.0
1627260672000,0.0
1627260702000,0.0
1627260732000,0.0
1627260762000,0.0
1627260792000,0.0
1627260822000,0.0
1627260852000,0.0
1627260882000,0.0
1627260912000,0.0
1627260942000,0.0
1627260972000,0.0
1627261002000,0.0
1627261032000,0.0
1627261062000,0.0
1627261092000,0.0
1627261122000,0.0
1627261152000,0.0
1627261182000,0.0
1627261212000,0.0
1627261242000,0.0
1627261272000,0.0
1627261302000,0.0
1627261332000,0.0
1627261362000,0.0
1627261392000,0.0
1627261422000,0.0
1627261452000,0.0
1627261482000,0.0
1627261512000,0.0
1627261542000,0.0
1627261572000,0.0
1627261602000,0.0
1627261632000,0.0
1627261662000,0.0
1627261692000,0.0
1627261722000,0.0
1627261752000,0.0
1627261782000,0.0
1627261812000,0.0
1627261842000,0.0
1627261872000,0.0
1627261902000,0.0
1627261932000,0.0
1627261962000,0.0
1627261992000,0.0
1627262022000,0.0
1627262052000,0.0
1627262082000,0.0
1627262112000,0.0
1627262142000,0.0
1627262172000,0.0
1627262202000,0.0
1627262232000,0.0
1627262262000,0.0
1627262292000,0.0
1627262322000,0.0
1627262352000,0.0
1627262382000,0.0
1627262412000,0.0
1627262442000,0.0
1627262472000,0.0
1627262502000,0.0
1627262532000,0.0
1627262562000,0.0
1627262592000,0.0
1627262622000,0.0
1627262652000,0.0
1627262682000,0.0
1627262712000,0.0
1627262742000,0.0
1627262772000,0.0
1627262802000,0.0
1627262832000,0.0
1627262862000,0.0
1627262892000,0.0
1627262922000,0.0
1627262952000,0.0
1627262982000,0.0
1627263012000,0.0
1627263042000,0.0
1627263072000,0.0
1627263102000,0.0
1627263132000,0.0
1627263162000,0.0
1627263192000,0.0
1627263222000,0.0
1627263252000,0.0
1627263282000,0.0
1627263312000,0.0
1627263342000,0.0
1627263372000,0.0
1627263402000,0.0
1627263432000,0.0
1627263462000,0.0
1627263492000,0.0
1627263522000,0.0
1627263552000,0.0
1627263582000,0.0
1627263612000,0.0
1627263642000,0.0
1627263672000,0.0
1627263702000,0.0
1627263732000,0.0
1627263762000,0.0
1627263792000,0.0
1627263822000,0.0
1627263852000,0.0
1627263882000,0.0
1627263912000,0.0
1627263942000,0.0
1627263972000,0.0
1627264002000,0.0
1627264032000,0.0
1627264062000,0.0
1627264092000,0.0
1627264122000,0.0
1627264152000,0.0
1627264182000,0.0
1627264212000,0.0
1627264242000,0.0
1627264272000,0.0
1627264302000,0.0
1627264332000,0.0
1627264362000,0.0
1627264392000,0.0
1627264422000,0.0
1627264452000,0.0
1627264482000,0.0
1627264512000,0.0
1627264542000,0.0
1627264572000,0.0
1627264602000,0.0
1627264632000,0.0
1627264662000,0.0
1627264692000,0.0
1627264722000,0.0
1627264752000,0.0
1627264782000,0.0
1627264812000,0.0
1627264842000,0.0
1627264872000,0.0
1627264902000,0.0
1627264932000,0.0
1627264962000,0.0
1627264992000,0.0
1627265022000,0.0
1627265052000,0.0
1627265082000,0.0
1627265112000,0.0
1627265142000,0.0
1627265172000,0.0
1627265202000,0.0
1627265232000,0.0
1627265262000,0.0
1627265292000,0.0
1627265322000,0.0
1627265352000,0.0
1627265382000,0.0
1627265412000,0.0
1627265442000,0.0
1627265472000,0.0
1627265502000,0.0
1627265532000,0.0
1627265562000,0.0
1627265592000,0.0
1627265622000,0.0
1627265652000,0.0
1627265682000,0.0
1627265712000,0.0
1627265742000,0.0
1627265772000,0.0
1627265802000,0.0
1627265832000,0.0
1627265862000,0.0
1627265892000,0.0
1627265922000,0.0
1627265952000,0.0
1627265982000,0.0
1627266012000,0.0
1627266042000,0.0
1627266072000,0.0
1627266102000,0.0
1627266132000,0.0
1627266162000,0.0
1627266192000,0.0
1627266222000,0.0
1627266252000,0.0
1627266282000,0.0
1627266312000,0.0
1627266342000,0.0
1627266372000,0.0
1627266402000,0.0
1627266432000,0.0
1627266462000,0.0
1627266492000,0.0
1627266522000,0.0
1627266552000,0.0
1627266582000,0.0
1627266612000,0.0
1627266642000,0.0
1627266672000,0.0
1627266702000,0.0
1627266732000,0.0
1627266762000,0.0
1627266792000,0.0
1627266822000,0.0
1627266852000,0.0
1627266882000,0.0
1627266912000,0.0
1627266942000,0.0
1627266972000,0.0
1627267002000,0.0
1627267032000,0.0
1627267062000,0.0
1627267092000,0.0
1627267122000,0.0
1627267152000,0.0
1627267182000,0.0
1627267212000,0.0
1627267242000,0.0
1627267272000,0.0
1627267302000,0.0
1627267332000,0.0
1627267362000,0.0
1627267392000,0.0
1627267422000,0.0
1627267452000,0.0
1627267482000,0.0
1627267512000,0.0
1627267542000,0.0
1627267572000,0.0
1627267602000,0.0
1627267632000,0.0
1627267662000,0.0
1627267692000,0.0
1627267722000,0.0
1627267752000,0.0
1627267782000,0.0
1627267812000,0.0
1627267842000,0.0
1627267872000,0.0
1627267902000,0.0
1627267932000,0.0
1627267962000,0.0
1627267992000,0.0
1627268022000,0.0
1627268052000,0.0
1627268082000,0.0
1627268112000,0.0
1627268142000,0.0
1627268172000,0.0
1627268202000,0.0
1627268232000,0.0
1627268262000,0.0
1627268292000,0.0
1627268322000,0.0
1627268352000,0.0
1627268382000,0.0
1627268412000,0.0
1627268442000,0.0
1627268472000,0.0
1627268502000,0.0
1627268532000,0.0
1627268562000,0.0
1627268592000,0.0
1627268622000,0.0
1627268652000,0.0
1627268682000,0.0
1627268712000,0.0
1627268742000,0.0
1627268772000,0.0
1627268802000,0.0
1627268832000,0.0
1627268862000,0.0
1627268892000,0.0
1627268922000,0.0
1627268952000,0.0
1627268982000,0.0
1627269012000,0.0
1627269042000,0.0
1627269072000,0.0
1627269102000,0.0
1627269132000,0.0
1627269162000,0.0
1627269192000,0.0
1627269222000,0.0
1627269252000,0.0
1627269282000,0.0
1627269312000,0.0
1627269342000,0.0
1627269372000,0.0
1627269402000,0.0
1627269432000,0.0
1627269462000,0.0
1627269492000,0.0
1627269522000,0.0
1627269552000,0.0
1627269582000,0.0
1627269612000,0.0
1627269642000,0.0
1627269672000,0.0
1627269702000,0.0
1627269732000,0.0
1627269762000,0.0
1627269792000,0.0
1627269822000,0.0
1627269852000,0.0
1627269882000,0.0
1627269912000,0.0
1627269942000,0.0
1627269972000,0.0
1627270002000,0.0
1627270032000,0.0
1627270062000,0.00016771488058787507
1627270092000,0.0
1627270122000,0.0
1627270152000,0.0
1627270182000,0.0
1627270212000,0.0
1627270242000,0.0
1627270272000,0.0
1627270302000,0.0
1627270332000,0.0
1627270362000,0.0
1627270392000,0.0
1627270422000,0.0
1627270452000,0.0
1627270482000,0.0
1627270512000,0.0
1627270542000,0.0
1627270572000,0.0
1627270602000,0.0
1627270632000,0.0
1627270662000,0.0
1627270692000,0.0
1627270722000,0.0
1627270752000,0.0
1627270782000,0.0
1627270812000,0.0
1627270842000,0.0
1627270872000,0.0
1627270902000,0.0
1627270932000,0.0
1627270962000,0.0
1627270992000,0.0
1627271022000,0.0
1627271052000,0.0
1627271082000,0.0
1627271112000,0.0
1627271142000,0.0
1627271172000,0.0
1627271202000,0.0
1627271232000,0.0
1627271262000,0.0
1627271292000,0.0
1627271322000,0.0
1627271352000,0.0
1627271382000,0.0
1627271412000,0.0
1627271442000,0.0
1627271472000,0.0
1627271502000,0.0
1627271532000,0.0
1627271562000,0.0
1627271592000,0.0
1627271622000,0.0
1627271652000,0.0
1627271682000,0.0
1627271712000,0.0
1627271742000,0.0
1627271772000,0.0
1627271802000,0.0
1627271832000,0.0
1627271862000,0.0
1627271892000,0.0
1627271922000,0.0
1627271952000,0.0
1627271982000,0.0
1627272012000,0.0
1627272042000,0.0
1627272072000,0.0
1627272102000,0.0
1627272132000,0.0
1627272162000,0.0
1627272192000,0.0
1627272222000,0.0
1627272252000,0.0
1627272282000,0.0
1627272312000,0.0
1627272342000,0.0
1627272372000,0.0
1627272402000,0.0
1627272432000,0.0
1627272462000,0.0
1627272492000,0.0
1627272522000,0.0
1627272552000,0.0
1627272582000,0.0
1627272612000,0.0
1627272642000,0.0
1627272672000,0.0
1627272702000,0.0
1627272732000,0.0
1627272762000,0.0
1627272792000,0.0
1627272822000,0.0
1627272852000,0.0
1627272882000,0.0
1627272912000,0.0
1627272942000,0.0
1627272972000,0.0
1627273002000,0.0
1627273032000,0.0
1627273062000,0.0
1627273092000,0.0
1627273122000,0.0
1627273152000,0.0
1627273182000,0.0
1627273212000,0.0
1627273242000,0.0
1627273272000,0.0
1627273302000,0.0
1627273332000,0.0
1627273362000,0.0
1627273392000,0.0
1627273422000,0.0
1627273452000,0.0
1627273482000,0.0
1627273512000,0.0
1627273542000,0.0006030513609467455
1627273572000,0.0
1627273602000,0.0
1627273632000,0.0
1627273662000,0.0
1627273692000,0.0
1627273722000,0.0
1627273752000,0.0
1627273782000,0.0
1627273812000,0.0
1627273842000,0.0
1627273872000,0.0
1627273902000,0.0
1627273932000,0.0
1627273962000,0.0
1627273992000,0.0
1627274022000,0.0
1627274052000,0.0
1627274082000,0.0
1627274112000,0.0
1627274142000,0.0
1627274172000,0.0
1627274202000,0.0
1627274232000,0.0
1627274262000,0.0
1627274292000,0.0
1627274322000,0.0
1627274352000,0.0
1627274382000,0.0
1627274412000,0.0
1627274442000,0.0
1627274472000,0.0
1627274502000,0.0
1627274532000,0.0
1627274562000,0.0
1627274592000,0.0
1627274622000,0.0
1627274652000,0.0
1627274682000,0.0
1627274712000,0.0
1627274742000,0.0
1627274772000,0.0
1627274802000,0.0
1627274832000,0.0
1627274862000,0.0
1627274892000,0.0
1627274922000,0.0
1627274952000,0.0
1627274982000,0.0
1627275012000,0.0
1627275042000,0.0
1627275072000,0.0
1627275102000,0.0
1627275132000,0.0
1627275162000,0.0
1627275192000,0.0
1627275222000,0.0
1627275252000,0.0
1627275282000,0.0
1627275312000,0.0
1627275342000,0.0
1627275372000,0.0
1627275402000,0.0
1627275432000,0.0
1627275462000,0.0
1627275492000,0.0
1627275522000,0.0
1627275552000,0.0
1627275582000,0.0
1627275612000,0.0
1627275642000,0.0
1627275672000,0.0
1627275702000,0.0
1627275732000,0.0
1627275762000,0.0
1627275792000,0.0
1627275822000,0.0
1627275852000,0.0
1627275882000,0.0
1627275912000,0.0
1627275942000,0.0
1627275972000,0.0
1627276002000,0.0
1627276032000,0.0
1627276062000,0.0
1627276092000,0.0
1627276122000,0.0
1627276152000,0.0
1627276182000,0.0
1627276212000,0.0
1627276242000,0.0
1627276272000,0.0
1627276302000,0.0
1627276332000,0.0
1627276362000,0.0
1627276392000,0.0
1627276422000,0.0
1627276452000,0.0
1627276482000,0.0
1627276512000,0.0
1627276542000,0.0
1627276572000,0.0
1627276602000,0.0
1627276632000,0.0
1627276662000,0.0
1627276692000,0.0
1627276722000,0.0
1627276752000,0.0
1627276782000,0.0
1627276812000,0.0
1627276842000,0.0
1627276872000,0.0
1627276902000,0.0
1627276932000,0.0
1627276962000,0.0
1627276992000,0.0
1627277022000,0.0
1627277052000,0.0
1627277082000,0.0
1627277112000,0.0
1627277142000,0.0
1627277172000,0.0
1627277202000,0.0
1627277232000,0.0
1627277262000,0.0
1627277292000,0.0
1627277322000,0.0
1627277352000,0.0
1627277382000,0.0
1627277412000,0.0
1627277442000,0.0
1627277472000,0.0
1627277502000,0.0
1627277532000,0.0
1627277562000,0.0
1627277592000,0.0
1627277622000,0.0
1627277652000,0.0
1627277682000,0.0
1627277712000,0.0
1627277742000,0.0
1627277772000,0.0
1627277802000,0.0
1627277832000,0.0
1627277862000,0.0
1627277892000,0.0
1627277922000,0.0
1627277952000,0.0
1627277982000,0.0
1627278012000,0.0
1627278042000,0.0
1627278072000,0.0
1627278102000,0.0
1627278132000,0.0
1627278162000,0.0
1627278192000,0.0
1627278222000,0.0
1627278252000,0.0
1627278282000,0.0
1627278312000,0.0
1627278342000,0.0
1627278372000,0.0
1627278402000,0.0
1627278432000,0.0
1627278462000,0.0
1627278492000,0.0
1627278522000,0.0
1627278552000,0.0
1627278582000,0.0
1627278612000,0.0
1627278642000,0.0
1627278672000,0.0
1627278702000,0.0
1627278732000,0.0
1627278762000,0.0
1627278792000,0.0
1627278822000,0.0
1627278852000,0.0
1627278882000,0.0
1627278912000,0.0
1627278942000,0.0
1627278972000,0.0
1627279002000,0.0
1627279032000,0.0
1627279062000,0.0
1627279092000,0.0
1627279122000,0.0
1627279152000,0.0
1627279182000,0.0
1627279212000,0.0
1627279242000,0.0
1627279272000,0.0
1627279302000,0.0
1627279332000,0.0
1627279362000,0.0
1627279392000,0.0
1627279422000,0.0
1627279452000,0.0
1627279482000,0.0
1627279512000,0.0
1627279542000,0.0
1627279572000,0.0
1627279602000,0.0
1627279632000,0.0
1627279662000,0.0
1627279692000,0.0
1627279722000,0.0
1627279752000,0.0
1627279782000,0.0
1627279812000,0.0
1627279842000,0.0
1627279872000,0.0
1627279902000,0.0
1627279932000,0.0
1627279962000,0.0
1627279992000,0.0
1627280022000,0.0
1627280052000,0.0
1627280082000,0.0
1627280112000,0.0
1627280142000,0.0
1627280172000,0.0
1627280202000,0.0
1627280232000,0.0
1627280262000,0.0
1627280292000,0.0
1627280322000,0.0
1627280352000,0.0
1627280382000,0.0
1627280412000,0.0
1627280442000,0.0
1627280472000,0.0
1627280502000,0.0
1627280532000,0.0
1627280562000,0.0
1627280592000,0.0
1627280622000,0.0
1627280652000,0.00048026079714455684
1627280682000,0.0
1627280712000,0.0
1627280742000,0.0
1627280772000,0.0
1627280802000,0.0
1627280832000,0.0
1627280862000,0.0
1627280892000,0.0
1627280922000,0.0
1627280952000,0.0
1627280982000,0.0
1627281012000,0.0
1627281042000,0.0
1627281072000,0.0
1627281102000,0.0
1627281132000,0.0
1627281162000,0.0
1627281192000,0.0
1627281222000,0.0
1627281252000,0.0
1627281282000,0.0
1627281312000,0.0
1627281342000,0.0
1627281372000,0.0
1627281402000,0.0
1627281432000,0.0
1627281462000,0.0
1627281492000,0.0
1627281522000,0.0
1627281552000,0.0
1627281582000,0.0
1627281612000,0.0
1627281642000,0.0
1627281672000,0.0
1627281702000,0.0
1627281732000,0.0
1627281762000,0.0
1627281792000,0.0
1627281822000,0.0
1627281852000,0.0
1627281882000,0.0
1627281912000,0.0
1627281942000,0.0
1627281972000,0.0
1627282002000,0.0
1627282032000,0.0
1627282062000,0.0
1627282092000,0.0
1627282122000,0.0
1627282152000,0.0
1627282182000,0.0
1627282212000,0.0
1627282242000,0.0
1627282272000,0.0
1627282302000,0.0
1627282332000,0.0
1627282362000,0.0
1627282392000,0.0
1627282422000,0.0
1627282452000,0.0
1627282482000,0.0
1627282512000,0.0
1627282542000,0.0
1627282572000,0.0
1627282602000,0.0
1627282632000,0.0
1627282662000,0.0
1627282692000,0.0
1627282722000,0.0
1627282752000,0.0
1627282782000,0.0
1627282812000,0.0
1627282842000,0.0
1627282872000,0.0
1627282902000,0.0
1627282932000,0.0
1627282962000,0.0
1627282992000,0.0
1627283022000,0.0
1627283052000,0.0
1627283082000,0.0
1627283112000,0.0
1627283142000,0.0
1627283172000,0.0
1627283202000,0.0
1627283232000,0.0
1627283262000,0.0
1627283292000,0.0
1627283322000,0.0
1627283352000,0.0
1627283382000,0.0
1627283412000,0.0
1627283442000,0.0
1627283472000,0.0
1627283502000,0.0
1627283532000,0.0
1627283562000,0.0
1627283592000,0.0
1627283622000,0.0
1627283652000,0.0
1627283682000,0.0
1627283712000,0.0
1627283742000,0.0
1627283772000,0.0
1627283802000,0.0
1627283832000,0.0
1627283862000,0.0
1627283892000,0.0
1627283922000,0.0
1627283952000,0.0
1627283982000,0.0
1627284012000,0.0
1627284042000,0.0
1627284072000,0.0
1627284102000,0.0
1627284132000,0.0
1627284162000,0.0
1627284192000,0.0
1627284222000,0.0
1627284252000,0.0
1627284282000,0.0
1627284312000,0.0
1627284342000,0.0
1627284372000,0.0
1627284402000,0.0
1627284432000,0.0
1627284462000,0.0
1627284492000,0.0
1627284522000,0.0
1627284552000,0.0
1627284582000,0.0
1627284612000,0.0
1627284642000,0.0
1627284672000,0.0
1627284702000,0.0
1627284732000,0.0
1627284762000,0.0
1627284792000,0.0
1627284822000,0.0
1627284852000,0.0
1627284882000,0.0
1627284912000,0.0
1627284942000,0.0
1627284972000,0.0
1627285002000,0.0
1627285032000,0.0
1627285062000,0.0
1627285092000,0.0
1627285122000,0.0
1627285152000,0.0
1627285182000,0.0
1627285212000,0.0
1627285242000,0.0
1627285272000,0.0
1627285302000,0.0
1627285332000,0.0
1627285362000,0.0
1627285392000,0.0
1627285422000,0.0
1627285452000,0.0
1627285482000,0.0
1627285512000,0.0
1627285542000,0.0
1627285572000,0.0
1627285602000,0.0
1627285632000,0.0
1627285662000,0.0
1627285692000,0.0
1627285722000,0.0
1627285752000,0.0
1627285782000,0.0
1627285812000,0.0
1627285842000,0.0
1627285872000,0.0
1627285902000,0.0
1627285932000,0.0
1627285962000,0.0
1627285992000,0.0
1627286022000,0.0
1627286052000,0.0
1627286082000,0.0
1627286112000,0.0
1627286142000,0.0
1627286172000,0.0
1627286202000,0.0
1627286232000,0.0
1627286262000,0.0
1627286292000,0.0
1627286322000,0.0
1627286352000,0.0
1627286382000,0.0
1627286412000,0.0
1627286442000,0.0
1627286472000,0.0
1627286502000,0.0
1627286532000,0.0
1627286562000,0.0
1627286592000,0.0
1627286622000,0.0
1627286652000,0.0
1627286682000,0.0
1627286712000,0.0
1627286742000,0.0
1627286772000,0.0
1627286802000,0.0
1627286832000,0.0
1627286862000,0.0
1627286892000,0.0
1627286922000,0.0
1627286952000,0.0
1627286982000,0.0
1627287012000,0.0
1627287042000,0.0
1627287072000,0.0
1627287102000,0.0
1627287132000,0.0
1627287162000,0.0
1627287192000,0.0
1627287222000,0.0
1627287252000,0.0
1627287282000,0.0
1627287312000,0.0
1627287342000,0.0
1627287372000,0.0
1627287402000,0.0
1627287432000,0.0
1627287462000,0.0
1627287492000,0.0
1627287522000,0.0
1627287552000,0.0
1627287582000,0.0
1627287612000,0.0
1627287642000,0.0
1627287672000,0.0
1627287702000,0.0
1627287732000,0.0
1627287762000,0.0
1627287792000,0.0
1627287822000,0.0
1627287852000,0.0
1627287882000,0.0
1627287912000,0.0
1627287942000,0.0
1627287972000,0.0
1627288002000,0.0
1627288032000,0.0
1627288062000,0.0
1627288092000,0.0
1627288122000,0.0
1627288152000,0.0
1627288182000,0.0
1627288212000,0.0
1627288242000,0.0
1627288272000,0.0
1627288302000,0.0
1627288332000,0.0
1627288362000,0.0
1627288392000,0.0
1627288422000,0.0
1627288452000,0.0
1627288482000,0.0
1627288512000,0.0
1627288542000,0.0
1627288572000,0.0
1627288602000,0.0
1627288632000,0.0
1627288662000,0.0
1627288692000,0.0
1627288722000,0.0
1627288752000,0.0
1627288782000,0.0
1627288812000,0.0
1627288842000,0.0
1627288872000,0.0
1627288902000,0.0
1627288932000,0.0
1627288962000,0.0
1627288992000,0.0
1627289022000,0.0
1627289052000,0.0
1627289082000,0.0
1627289112000,0.0
1627289142000,0.0
1627289172000,0.0
1627289202000,0.0
1627289232000,0.0
1627289262000,0.0
1627289292000,0.0
1627289322000,0.0
1627289352000,0.0
1627289382000,0.0
1627289412000,0.0
1627289442000,0.0
1627289472000,0.0
1627289502000,0.0
1627289532000,0.0
1627289562000,0.0
1627289592000,0.0
1627289622000,0.0
1627289652000,0.0
1627289682000,0.0
1627289712000,0.0
1627289742000,0.0
1627289772000,0.0
1627289802000,0.0
1627289832000,0.0
1627289862000,0.0
1627289892000,0.0
1627289922000,0.0
1627289952000,0.0
1627289982000,0.0
1627290012000,0.0
1627290042000,0.0
1627290072000,0.0
1627290102000,0.0
1627290132000,0.0
1627290162000,0.0
1627290192000,0.0
1627290222000,0.0
1627290252000,0.0
1627290282000,0.0
1627290312000,0.0
1627290342000,0.0
1627290372000,0.0
1627290402000,0.0
1627290432000,0.0
1627290462000,0.0
1627290492000,0.0
1627290522000,0.0
1627290552000,0.0
1627290582000,0.0
1627290612000,0.0
1627290642000,0.0
1627290672000,0.0
1627290702000,0.0
1627290732000,0.0
1627290762000,0.0
1627290792000,0.0
1627290822000,0.0
1627290852000,0.0
1627290882000,0.0
1627290912000,0.0
1627290942000,0.0
1627290972000,0.0
1627291002000,0.0
1627291032000,0.0006491309157959435
1627291062000,0.0
1627291092000,0.0
1627291122000,0.0
1627291152000,0.0
1627291182000,0.0
1627291212000,0.0
1627291242000,0.0
1627291272000,0.0
1627291302000,0.0
1627291332000,0.0
1627291362000,0.0
1627291392000,0.0
1627291422000,0.0
1627291452000,0.0
1627291482000,0.0
1627291512000,0.0
1627291542000,0.0
1627291572000,0.0
1627291602000,0.0
1627291632000,0.0
1627291662000,0.0
1627291692000,0.0
1627291722000,0.0
1627291752000,0.0
1627291782000,0.0
1627291812000,0.0
1627291842000,0.0
1627291872000,0.0
1627291902000,0.0
1627291932000,0.0
1627291962000,0.0
1627291992000,0.0
1627292022000,0.0
1627292052000,0.0
1627292082000,0.0
1627292112000,0.0
1627292142000,0.0
1627292172000,0.0
1627292202000,0.0
1627292232000,0.0
1627292262000,0.0
1627292292000,0.0
1627292322000,0.0
1627292352000,0.0
1627292382000,0.0
1627292412000,0.0
1627292442000,0.0
1627292472000,0.0
1627292502000,0.0
1627292532000,0.0
1627292562000,0.0
1627292592000,0.0
1627292622000,0.0
1627292652000,0.0
1627292682000,0.0
1627292712000,0.0
1627292742000,0.0
1627292772000,0.0
1627292802000,0.0
1627292832000,0.0
1627292862000,0.0
1627292892000,0.0
1627292922000,0.0
1627292952000,0.0
1627292982000,0.0
1627293012000,0.0
1627293042000,0.0
1627293072000,0.0
1627293102000,0.0
1627293132000,0.0
1627293162000,0.0
1627293192000,0.0
1627293222000,0.0
1627293252000,0.0
1627293282000,0.0
1627293312000,0.0
1627293342000,0.0
1627293372000,0.0
1627293402000,0.0
1627293432000,0.0
1627293462000,0.0
1627293492000,0.0
1627293522000,0.0
1627293552000,0.0
1627293582000,0.0
1627293612000,0.0
1627293642000,0.0
1627293672000,0.0
1627293702000,0.0
1627293732000,0.0
1627293762000,0.0
1627293792000,0.0
1627293822000,0.0
1627293852000,0.0
1627293882000,0.0
1627293912000,0.0
1627293942000,0.0
1627293972000,0.0
1627294002000,0.0
1627294032000,0.0
1627294062000,0.0
1627294092000,0.0
1627294122000,0.0
1627294152000,0.0
1627294182000,0.0
1627294212000,0.0
1627294242000,0.0
1627294272000,0.0
1627294302000,0.0
1627294332000,0.0
1627294362000,0.0
1627294392000,0.0
1627294422000,0.0
1627294452000,0.0
1627294482000,0.0
1627294512000,0.0
1627294542000,0.0
1627294572000,0.0
1627294602000,0.0
1627294632000,0.0
1627294662000,0.0
1627294692000,0.0
1627294722000,0.0
1627294752000,0.0
1627294782000,0.0
1627294812000,0.0
1627294842000,0.0
1627294872000,0.0
1627294902000,0.0
1627294932000,0.0
1627294962000,0.0
1627294992000,0.0
1627295022000,0.0
1627295052000,0.0
1627295082000,0.0
1627295112000,0.0
1627295142000,0.0
1627295172000,0.0
1627295202000,0.0
1627295232000,0.0
1627295262000,0.0
1627295292000,0.0
1627295322000,0.0
1627295352000,0.0
1627295382000,0.0
1627295412000,0.0
1627295442000,0.0
1627295472000,0.0
1627295502000,0.0
1627295532000,0.0
1627295562000,0.0
1627295592000,0.0
1627295622000,0.0
1627295652000,0.0
1627295682000,0.0
1627295712000,0.0
1627295742000,0.0
1627295772000,0.0
1627295802000,0.0
1627295832000,0.0
1627295862000,0.0
1627295892000,0.0
1627295922000,0.0
1627295952000,0.0
1627295982000,0.0
1627296012000,0.0
1627296042000,0.0
1627296072000,0.0
1627296102000,0.0
1627296132000,0.0
1627296162000,0.0
1627296192000,0.0
1627296222000,0.0
1627296252000,0.0
1627296282000,0.0
1627296312000,0.0
1627296342000,0.0
1627296372000,0.0
1627296402000,0.0
1627296432000,0.0
1627296462000,0.0
1627296492000,0.0
1627296522000,0.0
1627296552000,0.0
1627296582000,0.0
1627296612000,0.0
1627296642000,0.0
1627296672000,0.0
1627296702000,0.0
1627296732000,0.0
1627296762000,0.0
1627296792000,0.0
1627296822000,0.0
1627296852000,0.0
1627296882000,0.0
1627296912000,0.0
1627296942000,0.0
1627296972000,0.0
1627297002000,0.0
1627297032000,0.0
1627297062000,0.0
1627297092000,0.0
1627297122000,0.0
1627297152000,0.0
1627297182000,0.0
1627297212000,0.0
1627297242000,0.0
1627297272000,0.0
1627297302000,0.0
1627297332000,0.0
1627297362000,0.0
1627297392000,0.0
1627297422000,0.0
1627297452000,0.0
1627297482000,0.0
1627297512000,0.0
1627297542000,0.0
1627297572000,0.0
1627297602000,0.0
1627297632000,0.0
1627297662000,0.0
1627297692000,0.0
1627297722000,0.0
1627297752000,0.0
1627297782000,0.0
1627297812000,0.0
1627297842000,0.0
1627297872000,0.0
1627297902000,0.0
1627297932000,0.0
1627297962000,0.0
1627297992000,0.0
1627298022000,0.0
1627298052000,0.0
1627298082000,0.0
1627298112000,0.0
1627298142000,0.0
1627298172000,0.0
1627298202000,0.0
1627298232000,0.0
1627298262000,0.0
1627298292000,0.0
1627298322000,0.0
1627298352000,0.0
1627298382000,0.0
1627298412000,0.0
1627298442000,0.0
1627298472000,0.0
1627298502000,0.0
1627298532000,0.0
1627298562000,0.0
1627298592000,0.0
1627298622000,0.0
1627298652000,0.0
1627298682000,0.0
1627298712000,0.0
1627298742000,0.0
1627298772000,0.0
1627298802000,0.0
1627298832000,0.0
1627298862000,0.0
1627298892000,0.0
1627298922000,0.0
1627298952000,0.0
1627298982000,0.0
1627299012000,0.0
1627299042000,0.0
1627299072000,0.0
1627299102000,0.0
1627299132000,0.0
1627299162000,0.0
1627299192000,0.0
1627299222000,0.0
1627299252000,0.0
1627299282000,0.0
1627299312000,0.0
1627299342000,0.0
1627299372000,0.0
1627299402000,0.0
1627299432000,0.0
1627299462000,0.0
1627299492000,0.0
1627299522000,0.0
1627299552000,0.0
1627299582000,0.0
1627299612000,0.0
1627299642000,0.0
1627299672000,0.0
1627299702000,0.0
1627299732000,0.0
1627299762000,0.0
1627299792000,0.0
1627299822000,0.0
1627299852000,0.0
1627299882000,0.0
1627299912000,0.0
1627299942000,0.0
1627299972000,0.0
1627300002000,0.0
1627300032000,0.0
1627300062000,0.0
1627300092000,0.0
1627300122000,0.0
1627300152000,0.0
1627300182000,0.0
1627300212000,0.0
1627300242000,0.0
1627300272000,0.0
1627300302000,0.0
1627300332000,0.0
1627300362000,0.0
1627300392000,0.0
1627300422000,0.0
1627300452000,0.0
1627300482000,0.0
1627300512000,0.0
1627300542000,0.0
1627300572000,0.0
1627300602000,0.0
1627300632000,0.0
1627300662000,0.0
1627300692000,0.0
1627300722000,0.0
1627300752000,0.0
1627300782000,0.0
1627300812000,0.0
1627300842000,0.0
1627300872000,0.0
1627300902000,0.0
1627300932000,0.0
1627300962000,0.0
1627300992000,0.0
1627301022000,0.0
1627301052000,0.0
1627301082000,0.0
1627301112000,0.0
1627301142000,0.0
1627301172000,0.0
1627301202000,0.0
1627301232000,0.0
1627301262000,0.0
1627301292000,0.0
1627301322000,0.0
1627301352000,0.0
1627301382000,0.0
1627301412000,0.0
1627301442000,0.0
1627301472000,0.0
1627301502000,0.0
1627301532000,0.0
1627301562000,0.0
1627301592000,0.0
1627301622000,0.0
1627301652000,0.0
1627301682000,0.0
1627301712000,0.0
1627301742000,0.0
1627301772000,0.0
1627301802000,0.0
1627301832000,0.0
1627301862000,0.0
1627301892000,0.0
1627301922000,0.0
1627301952000,0.0
1627301982000,0.0
1627302012000,0.0
1627302042000,0.0
1627302072000,0.0
1627302102000,0.0
1627302132000,0.0
1627302162000,0.0
1627302192000,0.0
1627302222000,0.0
1627302252000,0.0
1627302282000,0.0
1627302312000,0.0
1627302342000,0.0
1627302372000,0.0
1627302402000,0.0
1627302432000,0.0
1627302462000,0.0
1627302492000,0.0
1627302522000,0.0
1627302552000,0.0
1627302582000,0.0
1627302612000,0.0
1627302642000,0.0
1627302672000,0.0
1627302702000,0.0
1627302732000,0.0
1627302762000,0.0
1627302792000,0.0
1627302822000,0.0
1627302852000,0.0
1627302882000,0.0
1627302912000,0.0
1627302942000,0.0
1627302972000,0.0
1627303002000,0.0
1627303032000,0.0
1627303062000,0.0
1627303092000,0.0
1627303122000,0.0
1627303152000,0.0
1627303182000,0.0
1627303212000,0.0
1627303242000,0.0
1627303272000,0.0
1627303302000,0.0
1627303332000,0.0
1627303362000,0.0
1627303392000,0.0
1627303422000,0.0
1627303452000,0.0
1627303482000,0.0
1627303512000,0.0
1627303542000,0.0
1627303572000,0.0
1627303602000,0.0
1627303632000,0.0
1627303662000,0.0
1627303692000,0.0
1627303722000,0.0
1627303752000,0.0
1627303782000,0.0
1627303812000,0.0
1627303842000,0.0
1627303872000,0.0
1627303902000,0.0
1627303932000,0.0
1627303962000,0.0
1627303992000,0.0
1627304022000,0.0
1627304052000,0.0
1627304082000,0.0
1627304112000,0.0
1627304142000,0.0
1627304172000,0.0
1627304202000,0.0
1627304232000,0.0
1627304262000,0.0
1627304292000,0.0
1627304322000,0.0
1627304352000,0.0
1627304382000,0.0
1627304412000,0.0
1627304442000,0.0
1627304472000,0.0
1627304502000,0.0
1627304532000,0.0
1627304562000,0.0
1627304592000,0.0
1627304622000,0.0
1627304652000,0.0
1627304682000,0.0
1627304712000,0.0
1627304742000,0.0
1627304772000,0.0
1627304802000,0.0
1627304832000,0.0
1627304862000,0.0
1627304892000,0.0
1627304922000,0.0
1627304952000,0.0
1627304982000,0.0
1627305012000,0.0
1627305042000,0.0
1627305072000,0.0
1627305102000,0.0
1627305132000,0.0
1627305162000,0.0
1627305192000,0.0
1627305222000,0.0
1627305252000,0.0
1627305282000,0.0
1627305312000,0.0
1627305342000,0.0
1627305372000,0.0
1627305402000,0.0
1627305432000,0.0
1627305462000,0.0
1627305492000,0.0
1627305522000,0.0
1627305552000,0.0
1627305582000,0.0
1627305612000,0.0
1627305642000,0.0
1627305672000,0.0
1627305702000,0.0
1627305732000,0.0
1627305762000,0.0
1627305792000,0.0
1627305822000,0.0
1627305852000,0.0
1627305882000,0.0
1627305912000,0.0
1627305942000,0.0
1627305972000,0.0
1627306002000,0.0
1627306032000,0.0
1627306062000,0.0
1627306092000,0.0
1627306122000,0.0
1627306152000,0.0
1627306182000,0.0
1627306212000,0.0
1627306242000,0.0
1627306272000,0.0
1627306302000,0.0
1627306332000,0.0
1627306362000,0.0
1627306392000,0.0
1627306422000,0.0
1627306452000,0.0
1627306482000,0.0
1627306512000,0.0
1627306542000,0.0
1627306572000,0.0
1627306602000,0.0
1627306632000,0.0
1627306662000,0.0
1627306692000,0.0
1627306722000,0.0
1627306752000,0.0
1627306782000,0.0
1627306812000,0.0
1627306842000,0.0
1627306872000,0.0
1627306902000,0.0
1627306932000,0.0
1627306962000,0.0
1627306992000,0.0
1627307022000,0.0
1627307052000,0.0
1627307082000,0.0
1627307112000,0.0
1627307142000,0.0
1627307172000,0.0
1627307202000,0.0
1627307232000,0.0
1627307262000,0.0
1627307292000,0.0
1627307322000,0.0
1627307352000,0.0
1627307382000,0.0
1627307412000,0.0
1627307442000,0.0
1627307472000,0.0
1627307502000,0.0
1627307532000,0.0
1627307562000,0.0
1627307592000,0.0
1627307622000,0.0
1627307652000,0.0
1627307682000,0.0
1627307712000,0.0
1627307742000,0.0
1627307772000,0.0
1627307802000,0.0
1627307832000,0.0
1627307862000,0.0
1627307892000,0.0
1627307922000,0.0
1627307952000,0.0
1627307982000,0.0
1627308012000,0.0
1627308042000,0.0
1627308072000,0.0
1627308102000,0.0
1627308132000,0.0
1627308162000,0.0
1627308192000,0.0
1627308222000,0.0
1627308252000,0.0
1627308282000,0.0
1627308312000,0.0
1627308342000,0.0
1627308372000,0.0
1627308402000,0.0
1627308432000,0.0
1627308462000,0.0
1627308492000,0.0
1627308522000,0.0
1627308552000,0.0
1627308582000,0.0
1627308612000,0.0
1627308642000,0.0
1627308672000,0.0
1627308702000,0.0
1627308732000,0.0
1627308762000,0.0
1627308792000,0.0
1627308822000,0.0
1627308852000,0.0
1627308882000,0.0
1627308912000,0.0
1627308942000,0.0
1627308972000,0.0
1627309002000,0.0
1627309032000,0.0
1627309062000,0.0
1627309092000,0.0
1627309122000,0.0
1627309152000,0.0
1627309182000,0.0
1627309212000,0.0
1627309242000,0.0
1627309272000,0.0
1627309302000,0.0
1627309332000,0.0
1627309362000,0.0
1627309392000,0.0
1627309422000,0.0
1627309452000,0.0
1627309482000,0.0
1627309512000,0.0
1627309542000,0.0
1627309572000,0.0
1627309602000,0.0
1627309632000,0.0
1627309662000,0.0
1627309692000,0.0
1627309722000,0.0
1627309752000,0.0
1627309782000,0.0
1627309812000,0.0
1627309842000,0.0
1627309872000,0.0
1627309902000,0.0
1627309932000,0.0
1627309962000,0.0
1627309992000,0.0
1627310022000,0.0
1627310052000,0.0
1627310082000,0.0
1627310112000,0.0
1627310142000,0.0
1627310172000,0.0
1627310202000,0.0
1627310232000,0.0
1627310262000,0.0
1627310292000,0.0
1627310322000,0.0
1627310352000,0.0
1627310382000,0.0
1627310412000,0.0
1627310442000,0.0
1627310472000,0.0
1627310502000,0.0
1627310532000,0.0
1627310562000,0.0
1627310592000,0.0
1627310622000,0.0
1627310652000,0.0
1627310682000,0.0
1627310712000,0.0
1627310742000,0.0
1627310772000,0.0
1627310802000,0.0
1627310832000,0.0
1627310862000,0.0
1627310892000,0.0
1627310922000,0.0
1627310952000,0.0
1627310982000,0.0
1627311012000,0.0
1627311042000,0.0
1627311072000,0.0
1627311102000,0.0
1627311132000,0.0
1627311162000,0.0
1627311192000,0.0
1627311222000,0.0
1627311252000,0.0
1627311282000,0.0
1627311312000,0.0
1627311342000,0.0
1627311372000,0.0
1627311402000,0.0
1627311432000,0.0
1627311462000,0.0
1627311492000,0.0
1627311522000,0.0
1627311552000,0.0
1627311582000,0.0
1627311612000,0.0
1627311642000,0.0
1627311672000,0.0
1627311702000,0.0
1627311732000,0.0
1627311762000,0.0
1627311792000,0.0
1627311822000,0.0
1627311852000,0.0
1627311882000,0.0
1627311912000,0.0
1627311942000,0.0
1627311972000,0.0
1627312002000,0.0
1627312032000,0.0
1627312062000,0.0
1627312092000,0.0
1627312122000,0.0
1627312152000,0.0
1627312182000,0.0
1627312212000,0.0
1627312242000,0.0
1627312272000,0.0
1627312302000,0.0
1627312332000,0.0
1627312362000,0.0
1627312392000,0.0
1627312422000,0.0
1627312452000,0.0
1627312482000,0.0
1627312512000,0.0
1627312542000,0.0
1627312572000,0.0
1627312602000,0.0
1627312632000,0.0
1627312662000,0.0
1627312692000,0.0
1627312722000,0.0
1627312752000,0.0
1627312782000,0.0
1627312812000,0.0
1627312842000,0.0
1627312872000,0.0
1627312902000,0.0
1627312932000,0.0
1627312962000,0.0
1627312992000,0.0
1627313022000,0.0
1627313052000,0.0
1627313082000,0.0
1627313112000,0.0
1627313142000,0.0
1627313172000,0.0
1627313202000,0.0
1627313232000,0.0
1627313262000,0.0
1627313292000,0.0
1627313322000,0.0
1627313352000,0.0
1627313382000,0.0
1627313412000,0.0
1627313442000,0.0
1627313472000,0.0
1627313502000,0.0
1627313532000,0.0
1627313562000,0.0
1627313592000,0.0
1627313622000,0.0
1627313652000,0.0
1627313682000,0.0
1627313712000,0.0
1627313742000,0.0
1627313772000,0.0
1627313802000,0.0
1627313832000,0.0
1627313862000,0.0
1627313892000,0.0
1627313922000,0.0
1627313952000,0.0
1627313982000,0.0
1627314012000,0.0
1627314042000,0.0
1627314072000,0.0
1627314102000,0.0
1627314132000,0.0
1627314162000,0.0
1627314192000,0.0
1627314222000,0.0
1627314252000,0.0
1627314282000,0.0
1627314312000,0.0
1627314342000,0.0
1627314372000,0.0
1627314402000,0.0
1627314432000,0.0
1627314462000,0.0
1627314492000,0.0
1627314522000,0.0
1627314552000,0.0
1627314582000,0.0
1627314612000,0.0
1627314642000,0.0
1627314672000,0.0
1627314702000,0.0
1627314732000,0.0
1627314762000,0.0
1627314792000,0.0
1627314822000,0.0
1627314852000,0.0
1627314882000,0.0
1627314912000,0.0
1627314942000,0.0
1627314972000,0.0
1627315002000,0.0
1627315032000,0.0
1627315062000,0.0
1627315092000,0.0
1627315122000,0.0
1627315152000,0.0
1627315182000,0.0
1627315212000,0.0
1627315242000,0.0
1627315272000,0.0
1627315302000,0.0
1627315332000,0.0
1627315362000,0.0
1627315392000,0.0
1627315422000,0.0
1627315452000,0.0
1627315482000,0.0
1627315512000,0.0
1627315542000,0.0
1627315572000,0.0
1627315602000,0.0
1627315632000,0.0
1627315662000,0.0
1627315692000,0.0
1627315722000,0.0
1627315752000,0.0
1627315782000,0.0
1627315812000,0.0
1627315842000,0.0
1627315872000,0.0
1627315902000,0.0
1627315932000,0.0
1627315962000,0.0
1627315992000,0.0
1627316022000,0.0
1627316052000,0.0
1627316082000,0.0
1627316112000,0.0
1627316142000,0.0
1627316172000,0.0
1627316202000,0.0
1627316232000,0.0
1627316262000,0.0
1627316292000,0.0
1627316322000,0.0
1627316352000,0.0
1627316382000,0.0
1627316412000,0.0
1627316442000,0.0
1627316472000,0.0
1627316502000,0.0
1627316532000,0.0
1627316562000,0.0
1627316592000,0.0
1627316622000,0.0
1627316652000,0.0
1627316682000,0.0
1627316712000,0.0
1627316742000,0.0
1627316772000,0.0
1627316802000,0.0
1627316832000,0.0
1627316862000,0.0
1627316892000,0.0
1627316922000,0.0
1627316952000,0.0
1627316982000,0.0
1627317012000,0.0
1627317042000,0.0
1627317072000,0.0
1627317102000,0.0
1627317132000,0.0
1627317162000,0.0
1627317192000,0.0
1627317222000,0.0
1627317252000,0.0
1627317282000,0.0
1627317312000,0.0
1627317342000,0.0
1627317372000,0.0
1627317402000,0.0
1627317432000,0.0
1627317462000,0.0
1627317492000,0.0
1627317522000,0.0
1627317552000,0.0
1627317582000,0.0
1627317612000,0.0
1627317642000,0.0
1627317672000,0.0
1627317702000,0.0
1627317732000,0.0
1627317762000,0.0
1627317792000,0.0
1627317822000,0.0
1627317852000,0.0
1627317882000,0.0
1627317912000,0.0
1627317942000,0.0
1627317972000,0.0
1627318002000,0.0
1627318032000,0.0
1627318062000,0.0
1627318092000,0.0
1627318122000,0.0
1627318152000,0.0
1627318182000,0.0
1627318212000,0.0002811507050889025
1627318242000,0.0
1627318272000,0.0
1627318302000,0.0
1627318332000,0.0
1627318362000,0.0
1627318392000,0.0
1627318422000,0.0
1627318452000,0.0
1627318482000,0.0
1627318512000,0.0
1627318542000,0.0
1627318572000,0.0
1627318602000,0.0
1627318632000,0.0
1627318662000,0.0
1627318692000,0.0
1627318722000,0.0
1627318752000,0.0
1627318782000,0.0
1627318812000,0.0
1627318842000,0.0
1627318872000,0.0
1627318902000,0.0
1627318932000,0.0
1627318962000,0.0
1627318992000,0.0
1627319022000,0.0
1627319052000,0.0
1627319082000,0.0
1627319112000,0.0
1627319142000,0.0
1627319172000,0.0
1627319202000,0.0
1627319232000,0.0
1627319262000,0.0
1627319292000,0.0
1627319322000,0.0
1627319352000,0.0
1627319382000,0.0
1627319412000,0.0
1627319442000,0.0
1627319472000,0.0
1627319502000,0.0
1627319532000,0.0
1627319562000,0.0
1627319592000,0.0
1627319622000,0.0
1627319652000,0.0
1627319682000,0.0
1627319712000,0.0
1627319742000,0.0
1627319772000,0.0
1627319802000,0.0
1627319832000,0.0
1627319862000,0.0
1627319892000,0.0
1627319922000,0.0
1627319952000,0.0
1627319982000,0.0
1627320012000,0.0
1627320042000,0.0
1627320072000,0.0
1627320102000,0.0
1627320132000,0.0
1627320162000,0.0
1627320192000,0.0
1627320222000,0.0
1627320252000,0.0
1627320282000,0.0
1627320312000,0.0
1627320342000,0.0
1627320372000,0.0
1627320402000,0.0
1627320432000,0.0
1627320462000,0.0
1627320492000,0.0
1627320522000,0.0
1627320552000,0.0
1627320582000,0.0
1627320612000,0.0
1627320642000,0.0
1627320672000,0.0
1627320702000,0.0
1627320732000,0.0
1627320762000,0.0
1627320792000,0.0
1627320822000,0.0
1627320852000,0.0
1627320882000,0.0
1627320912000,0.0
1627320942000,0.0
1627320972000,0.0
1627321002000,0.0
1627321032000,0.0
1627321062000,0.0
1627321092000,0.0
1627321122000,0.0
1627321152000,0.0
1627321182000,0.0
1627321212000,0.0
1627321242000,0.0
1627321272000,0.0
1627321302000,0.0
1627321332000,0.0
1627321362000,0.0
1627321392000,0.0
1627321422000,0.0
1627321452000,0.0
1627321482000,0.0
1627321512000,0.0
1627321542000,0.0
1627321572000,0.0
1627321602000,0.0
1627321632000,0.0
1627321662000,0.0
1627321692000,0.0
1627321722000,0.0
1627321752000,0.0
1627321782000,0.0
1627321812000,0.0
1627321842000,0.0
1627321872000,0.0
1627321902000,0.0
1627321932000,0.0
1627321962000,0.0
1627321992000,0.0
1627322022000,0.0
1627322052000,0.0
1627322082000,0.0
1627322112000,0.0
1627322142000,0.00017800974450386215
1627322172000,0.0
1627322202000,0.0
1627322232000,0.0
1627322262000,0.0
1627322292000,0.0
1627322322000,0.0
1627322352000,0.0
1627322382000,0.0
1627322412000,0.0
1627322442000,0.0
1627322472000,0.0
1627322502000,0.0
1627322532000,0.0
1627322562000,0.00017892303980699637
1627322592000,0.0
1627322622000,0.0
1627322652000,0.0
1627322682000,0.0
1627322712000,0.0
1627322742000,0.0
1627322772000,0.0
1627322802000,0.0
1627322832000,0.0
1627322862000,0.0
1627322892000,0.0
1627322922000,0.0
1627322952000,0.0
1627322982000,0.0
1627323012000,0.0
1627323042000,0.0
1627323072000,0.0
1627323102000,0.0
1627323132000,0.0
1627323162000,0.0
1627323192000,0.0
1627323222000,0.0
1627323252000,0.0
1627323282000,0.0
1627323312000,0.0
1627323342000,0.0
1627323372000,0.0
1627323402000,0.0
1627323432000,0.0
1627323462000,0.0
1627323492000,0.0
1627323522000,0.0
1627323552000,0.0
1627323582000,0.0
1627323612000,0.0
1627323642000,0.0
1627323672000,0.0
1627323702000,0.0
1627323732000,0.0
1627323762000,0.0
1627323792000,0.0
1627323822000,0.0
1627323852000,0.0
1627323882000,0.0
1627323912000,0.0
1627323942000,0.0
1627323972000,0.0
1627324002000,0.0
1627324032000,0.0
1627324062000,0.0
1627324092000,0.0
1627324122000,0.0
1627324152000,0.0
1627324182000,0.0
1627324212000,0.0
1627324242000,0.0
1627324272000,0.0
1627324302000,0.0
1627324332000,0.0
1627324362000,0.0
1627324392000,0.0
1627324422000,0.0
1627324452000,0.0
1627324482000,0.0
1627324512000,0.0
1627324542000,0.0
1627324572000,0.0
1627324602000,0.0
1627324632000,0.0
1627324662000,0.0
1627324692000,0.0
1627324722000,0.0
1627324752000,0.0
1627324782000,0.0
1627324812000,0.0
1627324842000,0.0002880842603550296
1627324872000,0.0
1627324902000,0.0
1627324932000,0.0
1627324962000,0.0
1627324992000,0.0
1627325022000,0.0
1627325052000,0.0
1627325082000,0.0
1627325112000,0.0
1627325142000,0.0
1627325172000,0.0
1627325202000,0.0002159760047990402
1627325232000,0.0
1627325262000,0.0
1627325292000,0.0
1627325322000,0.0
1627325352000,0.0
1627325382000,0.0
1627325412000,0.0
1627325442000,0.0
1627325472000,0.0
1627325502000,0.0
1627325532000,0.0
1627325562000,0.0
1627325592000,0.0001657130328867235
1627325622000,0.0
1627325652000,0.0
1627325682000,0.0
1627325712000,0.0
1627325742000,0.0
1627325772000,0.0
1627325802000,0.0
1627325832000,0.0
1627325862000,0.0
1627325892000,0.0
1627325922000,0.0
1627325952000,0.0
1627325982000,0.0
1627326012000,0.0
1627326042000,0.0
1627326072000,0.0
1627326102000,0.0
1627326132000,0.0
1627326162000,0.0
1627326192000,0.0
1627326222000,0.0
1627326252000,0.0
1627326282000,0.0
1627326312000,0.0
1627326342000,0.0
1627326372000,0.0
1627326402000,0.0
1627326432000,0.0
1627326462000,0.0
1627326492000,0.0
1627326522000,0.0
1627326552000,0.0
1627326582000,0.0
1627326612000,0.0
1627326642000,0.0
1627326672000,0.0
1627326702000,0.0
1627326732000,0.0
1627326762000,0.0
1627326792000,0.0
1627326822000,0.0
1627326852000,0.0
1627326882000,0.0
1627326912000,0.00013383849423193684
1627326942000,0.0
1627326972000,0.0
1627327002000,0.0
1627327032000,0.0
1627327062000,0.0
1627327092000,0.0
1627327122000,0.0
1627327152000,0.0
1627327182000,0.0
1627327212000,0.0
1627327242000,0.0
1627327272000,0.0
1627327302000,0.0
1627327332000,0.0
1627327362000,0.0
1627327392000,0.0
1627327422000,0.0
1627327452000,0.0
1627327482000,0.0
1627327512000,0.0
1627327542000,0.0
1627327572000,7.275961538461538e-06
1627327602000,0.0
1627327632000,0.0
1627327662000,0.0
1627327692000,0.0
1627327722000,0.0
1627327752000,0.0
1627327782000,0.00017632389057750759
1627327812000,0.0
1627327842000,0.0
1627327872000,0.0
1627327902000,0.0
1627327932000,0.0
1627327962000,0.0
1627327992000,0.0
1627328022000,0.0
1627328052000,0.0
1627328082000,0.0
1627328112000,0.0
1627328142000,0.0
1627328172000,0.0
1627328202000,0.0
1627328232000,0.0
1627328262000,0.0
1627328292000,0.0
1627328322000,0.0
1627328352000,0.0
1627328382000,0.0
1627328412000,0.0
1627328442000,0.0
1627328472000,0.0
1627328502000,0.0
1627328532000,0.0
1627328562000,0.0
1627328592000,0.0
1627328622000,0.0
1627328652000,0.0
1627328682000,0.0
1627328712000,0.0
1627328742000,0.0
1627328772000,0.0
1627328802000,0.0
1627328832000,0.0
1627328862000,0.0
1627328892000,0.0
1627328922000,0.0
1627328952000,0.0
1627328982000,0.0
1627329012000,0.0
1627329042000,0.0
1627329072000,0.0
1627329102000,0.0
1627329132000,0.0
1627329162000,0.0
1627329192000,0.0
1627329222000,0.0
1627329252000,0.0
1627329282000,0.0
1627329312000,0.0
1627329342000,0.0
1627329372000,0.0
1627329402000,0.0
1627329432000,0.0
1627329462000,0.0
1627329492000,0.0
1627329522000,0.0
1627329552000,0.0
1627329582000,0.0
1627329612000,0.0
1627329642000,0.0
1627329672000,0.0
1627329702000,0.0
1627329732000,0.0
1627329762000,0.0
1627329792000,0.0
1627329822000,0.0
1627329852000,0.0
1627329882000,0.0
1627329912000,0.0
1627329942000,0.0
1627329972000,0.0
1627330002000,0.0
1627330032000,0.0
1627330062000,0.0
1627330092000,0.0
1627330122000,0.0
1627330152000,0.0
1627330182000,0.0
1627330212000,0.0
1627330242000,0.0
1627330272000,0.0
1627330302000,0.0
1627330332000,0.0
1627330362000,0.0
1627330392000,0.0
1627330422000,0.0
1627330452000,0.0
1627330482000,0.0
1627330512000,0.0
1627330542000,0.0
1627330572000,0.0
1627330602000,0.0
1627330632000,0.0
1627330662000,0.0
1627330692000,0.0
1627330722000,0.0
1627330752000,0.0
1627330782000,0.0
1627330812000,0.0
1627330842000,0.0
1627330872000,0.0
1627330902000,0.0
1627330932000,0.0
1627330962000,0.0
1627330992000,0.0
1627331022000,0.0
1627331052000,0.0
1627331082000,0.0
1627331112000,0.0
1627331142000,0.0
1627331172000,0.0
1627331202000,0.0
1627331232000,0.0
1627331262000,0.0
1627331292000,0.0
1627331322000,0.0
1627331352000,0.0
1627331382000,0.0
1627331412000,0.0
1627331442000,0.0
1627331472000,0.0
1627331502000,0.0
1627331532000,0.0
1627331562000,0.0
1627331592000,0.0
1627331622000,0.0
1627331652000,0.0
1627331682000,0.0
1627331712000,0.0
1627331742000,0.0
1627331772000,0.0
1627331802000,0.0
1627331832000,0.0
1627331862000,0.0
1627331892000,0.0
1627331922000,0.0
1627331952000,0.0
1627331982000,0.0
1627332012000,0.0
1627332042000,0.0
1627332072000,0.0
1627332102000,0.0
1627332132000,0.0
1627332162000,0.0
1627332192000,0.0
1627332222000,0.0
1627332252000,0.0
1627332282000,0.0
1627332312000,0.0
1627332342000,0.0
1627332372000,0.0
1627332402000,0.0
1627332432000,0.0
1627332462000,0.0
1627332492000,0.0
1627332522000,0.0
1627332552000,0.0
1627332582000,0.0
1627332612000,0.0
1627332642000,0.0
1627332672000,0.0
1627332702000,0.0
1627332732000,0.0
1627332762000,0.0
1627332792000,0.0
1627332822000,0.0
1627332852000,0.0
1627332882000,0.0
1627332912000,0.0
1627332942000,0.0
1627332972000,0.0
1627333002000,0.0
1627333032000,0.0
1627333062000,0.0
1627333092000,0.0
1627333122000,0.0
1627333152000,0.0
1627333182000,0.0
1627333212000,0.0
1627333242000,0.0
1627333272000,0.0
1627333302000,0.0
1627333332000,0.0
1627333362000,0.0
1627333392000,0.0
1627333422000,0.0
1627333452000,0.0
1627333482000,0.0
1627333512000,0.0
1627333542000,0.0
1627333572000,0.0
1627333602000,0.0
1627333632000,0.0
1627333662000,0.0
1627333692000,0.0
1627333722000,0.0
1627333752000,0.0
1627333782000,0.0
1627333812000,0.0
1627333842000,0.0
1627333872000,0.0
1627333902000,0.0
1627333932000,0.0
1627333962000,0.0
1627333992000,0.0
1627334022000,0.0
1627334052000,0.0
1627334082000,0.0
1627334112000,0.0
1627334142000,0.0
1627334172000,0.0
1627334202000,0.0
1627334232000,0.0
1627334262000,0.0
1627334292000,0.0
1627334322000,0.0
1627334352000,0.0
1627334382000,0.0
1627334412000,0.0
1627334442000,0.0
1627334472000,0.0
1627334502000,0.0
1627334532000,0.0
1627334562000,0.0
1627334592000,0.0
1627334622000,0.0
1627334652000,0.0
1627334682000,0.0
1627334712000,0.0
1627334742000,0.0
1627334772000,0.0
1627334802000,0.0
1627334832000,0.0
1627334862000,0.0
1627334892000,0.0
1627334922000,0.0
1627334952000,0.0
1627334982000,0.0
1627335012000,0.0
1627335042000,0.0
1627335072000,0.0
1627335102000,0.0
1627335132000,0.0
1627335162000,0.0
1627335192000,0.0
1627335222000,0.0
1627335252000,0.0
1627335282000,0.0
1627335312000,0.0
1627335342000,0.0
1627335372000,0.0
1627335402000,0.0
1627335432000,0.0
1627335462000,0.0
1627335492000,0.0
1627335522000,0.0
1627335552000,0.0
1627335582000,0.0
1627335612000,0.0
1627335642000,0.0
1627335672000,0.0
1627335702000,0.0
1627335732000,0.0
1627335762000,0.0
1627335792000,0.0
1627335822000,0.0
1627335852000,0.0
1627335882000,0.0
1627335912000,0.0
1627335942000,0.0
1627335972000,0.0
1627336002000,0.0
1627336032000,0.0
1627336062000,0.0
1627336092000,0.0
1627336122000,0.0
1627336152000,0.0
1627336182000,0.0
1627336212000,0.0
1627336242000,0.0
1627336272000,0.0
1627336302000,0.0
1627336332000,0.0
1627336362000,0.0
1627336392000,0.0
1627336422000,0.0
1627336452000,0.0
1627336482000,0.0
1627336512000,0.0
1627336542000,0.0
1627336572000,0.0
1627336602000,0.0
1627336632000,0.0
1627336662000,0.0
1627336692000,0.0
1627336722000,0.0
1627336752000,0.0
1627336782000,0.0
1627336812000,0.0
1627336842000,0.0
1627336872000,0.0
1627336902000,0.0
1627336932000,0.0
1627336962000,0.0
1627336992000,0.0
1627337022000,0.0
1627337052000,0.0
1627337082000,0.0
1627337112000,0.0
1627337142000,0.0
1627337172000,0.0
1627337202000,0.0
1627337232000,0.0
1627337262000,0.0
1627337292000,0.0
1627337322000,0.0
1627337352000,0.0
1627337382000,0.0
1627337412000,0.0
1627337442000,0.0
1627337472000,0.0
1627337502000,0.0
1627337532000,0.0
1627337562000,0.0
1627337592000,0.0
1627337622000,0.0
1627337652000,0.0
1627337682000,0.0
1627337712000,0.0
1627337742000,0.0
1627337772000,0.0
1627337802000,0.0
1627337832000,0.0
1627337862000,0.0
1627337892000,0.0
1627337922000,0.0
1627337952000,0.0
1627337982000,0.0
1627338012000,0.0
1627338042000,0.0
1627338072000,0.0
1627338102000,0.0
1627338132000,0.0
1627338162000,0.0
1627338192000,0.0
1627338222000,0.0
1627338252000,0.0
1627338282000,0.0
1627338312000,0.0
1627338342000,0.0
1627338372000,0.0
1627338402000,0.0
1627338432000,0.0
1627338462000,0.0
1627338492000,0.0
1627338522000,0.0
1627338552000,0.0
1627338582000,0.0
1627338612000,0.0
1627338642000,0.0
1627338672000,0.0
1627338702000,0.0
1627338732000,0.0
1627338762000,0.0
1627338792000,0.0
1627338822000,0.0
1627338852000,0.0
1627338882000,0.0
1627338912000,0.0
1627338942000,0.0
1627338972000,0.0
1627339002000,0.0
1627339032000,0.0
1627339062000,0.0
1627339092000,0.0
1627339122000,0.0
1627339152000,0.0
1627339182000,0.0
1627339212000,0.0
1627339242000,0.0
1627339272000,0.0
1627339302000,0.0
1627339332000,0.0
1627339362000,0.0
1627339392000,0.0
1627339422000,0.0
1627339452000,0.0
1627339482000,0.0
1627339512000,0.0
1627339542000,0.0
1627339572000,0.0
1627339602000,0.0
1627339632000,0.0
1627339662000,0.0
1627339692000,0.0
1627339722000,0.0
1627339752000,0.0
1627339782000,0.0
1627339812000,0.0
1627339842000,0.0
1627339872000,0.0
1627339902000,0.0
1627339932000,0.0
1627339962000,0.0
1627339992000,0.0
1627340022000,0.0
1627340052000,0.0
1627340082000,0.0
1627340112000,0.0
1627340142000,0.0
1627340172000,0.0
1627340202000,0.0
1627340232000,0.0
1627340262000,0.0
1627340292000,0.0
1627340322000,0.0
1627340352000,0.0
1627340382000,0.0
1627340412000,0.0
1627340442000,0.0
1627340472000,0.0
1627340502000,0.0
1627340532000,0.0
1627340562000,0.0
1627340592000,0.0
1627340622000,0.0
1627340652000,0.0
1627340682000,0.0
1627340712000,0.0
1627340742000,0.0
1627340772000,0.0
1627340802000,0.0
1627340832000,0.0
1627340862000,0.0
1627340892000,0.0
1627340922000,0.0
1627340952000,0.0
1627340982000,0.0
1627341012000,0.0
1627341042000,0.0
1627341072000,0.0
1627341102000,0.0
1627341132000,0.0
1627341162000,0.0
1627341192000,0.0
1627341222000,0.0
1627341252000,0.0
1627341282000,0.0
1627341312000,0.0
1627341342000,0.0
1627341372000,0.0
1627341402000,0.0
1627341432000,0.0
1627341462000,0.0
1627341492000,0.0
1627341522000,0.0
1627341552000,0.0
1627341582000,0.0
1627341612000,0.0
1627341642000,0.0
1627341672000,0.0
1627341702000,0.0
1627341732000,0.0
1627341762000,0.0
1627341792000,0.0
1627341822000,0.0
1627341852000,0.0
1627341882000,0.0
1627341912000,0.0
1627341942000,0.0004851714808043876
1627341972000,0.0
1627342002000,0.0
1627342032000,0.0
1627342062000,0.0
1627342092000,0.0
1627342122000,0.0
1627342152000,0.0
1627342182000,0.0
1627342212000,0.0
1627342242000,0.0
1627342272000,0.0
1627342302000,0.0
1627342332000,0.0
1627342362000,0.0
1627342392000,0.0
1627342422000,0.0
1627342452000,0.0
1627342482000,0.0
1627342512000,0.0
1627342542000,0.0
1627342572000,0.0
1627342602000,0.0
1627342632000,0.0
1627342662000,0.0
1627342692000,0.0
1627342722000,0.0
1627342752000,0.0
1627342782000,0.0
1627342812000,0.0
1627342842000,0.0
1627342872000,0.0
1627342902000,0.0
1627342932000,0.0
1627342962000,0.0
1627342992000,0.0
1627343022000,0.0
1627343052000,0.0
1627343082000,0.0
1627343112000,0.0
1627343142000,0.0
1627343172000,0.0
1627343202000,0.0
1627343232000,0.0
1627343262000,0.0
1627343292000,0.0
1627343322000,0.0
1627343352000,0.0
1627343382000,0.0
1627343412000,0.0
1627343442000,0.0
1627343472000,0.0
1627343502000,0.0
1627343532000,0.0
1627343562000,0.0
1627343592000,0.0
1627343622000,0.0
1627343652000,0.0
1627343682000,0.0
1627343712000,0.0
1627343742000,0.0
1627343772000,0.0
1627343802000,0.0
1627343832000,0.0
1627343862000,0.0
1627343892000,0.0
1627343922000,0.0
1627343952000,0.0
1627343982000,0.0
1627344012000,0.0
1627344042000,0.0
1627344072000,0.0
1627344102000,0.0
1627344132000,0.0
1627344162000,0.0
1627344192000,0.0
1627344222000,0.0
1627344252000,0.0
1627344282000,0.0
1627344312000,0.0
1627344342000,0.0
1627344372000,0.0
1627344402000,0.0
1627344432000,0.0
1627344462000,0.0
1627344492000,0.0
1627344522000,0.0
1627344552000,0.0
1627344582000,0.0
1627344612000,0.0
1627344642000,0.0
1627344672000,0.0
1627344702000,0.0
1627344732000,0.0
1627344762000,0.0
1627344792000,0.0
1627344822000,0.0
1627344852000,0.0
1627344882000,0.0
1627344912000,0.0
1627344942000,0.0
1627344972000,0.0
1627345002000,0.0
1627345032000,0.0
1627345062000,0.0
1627345092000,0.0
1627345122000,0.0
1627345152000,0.0
1627345182000,0.0
1627345212000,0.0
1627345242000,0.0
1627345272000,0.0
1627345302000,0.0
1627345332000,0.0
1627345362000,0.0
1627345392000,0.0
1627345422000,0.0
1627345452000,0.0
1627345482000,0.0
1627345512000,0.0
1627345542000,0.0
1627345572000,0.0
1627345602000,0.0
1627345632000,0.0
1627345662000,0.0
1627345692000,0.0
1627345722000,0.0
1627345752000,0.0
1627345782000,0.0
1627345812000,0.0
1627345842000,0.0
1627345872000,0.0
1627345902000,0.0
1627345932000,0.0
1627345962000,0.0
1627345992000,0.0
1627346022000,0.0
1627346052000,0.0
1627346082000,0.0
1627346112000,0.0
1627346142000,0.0
1627346172000,0.0
1627346202000,0.0
1627346232000,0.0
1627346262000,0.0
1627346292000,0.0
1627346322000,0.0
1627346352000,0.0
1627346382000,0.0
1627346412000,0.0
1627346442000,0.0
1627346472000,0.0
1627346502000,0.0
1627346532000,0.0
1627346562000,0.0
1627346592000,0.0
1627346622000,0.0
1627346652000,0.0
1627346682000,0.0
1627346712000,0.0
1627346742000,0.0
1627346772000,0.0
1627346802000,0.0
1627346832000,0.0
1627346862000,0.0
1627346892000,0.0
1627346922000,0.0
1627346952000,0.0
1627346982000,0.0
1627347012000,0.0
1627347042000,0.0
1627347072000,0.0
1627347102000,0.0
1627347132000,0.0
1627347162000,0.0
1627347192000,0.0
1627347222000,0.0
1627347252000,0.0
1627347282000,0.0
1627347312000,0.0
1627347342000,0.0
1627347372000,0.0
1627347402000,0.0
1627347432000,0.0
1627347462000,0.0
1627347492000,0.0
1627347522000,0.0
1627347552000,0.0
1627347582000,0.0
1627347612000,0.0
1627347642000,0.0
1627347672000,0.0
1627347702000,0.0
1627347732000,0.0
1627347762000,0.0
1627347792000,0.0
1627347822000,0.0
1627347852000,0.0
1627347882000,0.0
1627347912000,0.0
1627347942000,0.0
1627347972000,0.0
1627348002000,0.0
1627348032000,0.0
1627348062000,0.0
1627348092000,0.0
1627348122000,0.0
1627348152000,0.0
1627348182000,0.0
1627348212000,0.0
1627348242000,0.0
1627348272000,0.0
1627348302000,0.0
1627348332000,0.0
1627348362000,0.0
1627348392000,0.0
1627348422000,0.0
1627348452000,0.0
1627348482000,0.0
1627348512000,0.0
1627348542000,0.0
1627348572000,0.0
1627348602000,0.0
1627348632000,0.0
1627348662000,0.0
1627348692000,0.0
1627348722000,0.0
1627348752000,0.0
1627348782000,0.0
1627348812000,0.0
1627348842000,0.0
1627348872000,0.0
1627348902000,0.0
1627348932000,0.0
1627348962000,0.0
1627348992000,0.0
1627349022000,0.0
1627349052000,0.0
1627349082000,0.0
1627349112000,0.0
1627349142000,0.0
1627349172000,0.0
1627349202000,0.0
1627349232000,0.0
1627349262000,0.0
1627349292000,0.0
1627349322000,0.0
1627349352000,0.0
1627349382000,0.0
1627349412000,0.0
1627349442000,0.0
1627349472000,0.0
1627349502000,0.0
1627349532000,0.0
1627349562000,0.0
1627349592000,0.0
1627349622000,0.0
1627349652000,0.0
1627349682000,0.0
1627349712000,0.0
1627349742000,0.0
1627349772000,0.0
1627349802000,0.0
1627349832000,0.0
1627349862000,0.0
1627349892000,0.0
1627349922000,0.0
1627349952000,0.0
1627349982000,0.0
1627350012000,0.0
1627350042000,0.0
1627350072000,0.0
1627350102000,0.0
1627350132000,0.0
1627350162000,0.0
1627350192000,0.0
1627350222000,0.0
1627350252000,0.0
1627350282000,0.0
1627350312000,0.0
1627350342000,0.0
1627350372000,0.0
1627350402000,0.0
1627350432000,0.0
1627350462000,0.0
1627350492000,0.0
1627350522000,0.0
1627350552000,0.0
1627350582000,0.0
1627350612000,0.0
1627350642000,0.0
1627350672000,0.0
1627350702000,0.0
1627350732000,0.0
1627350762000,0.0
1627350792000,0.0
1627350822000,0.0
1627350852000,0.0
1627350882000,0.0
1627350912000,0.0
1627350942000,0.0
1627350972000,0.0
1627351002000,0.0
1627351032000,0.0
1627351062000,0.0
1627351092000,0.0
1627351122000,0.0
1627351152000,0.0
1627351182000,0.0
1627351212000,0.0
1627351242000,0.0
1627351272000,0.0
1627351302000,0.0
1627351332000,0.0
1627351362000,0.0
1627351392000,0.0
1627351422000,0.0
1627351452000,0.0
1627351482000,0.0
1627351512000,0.0
1627351542000,0.0
1627351572000,0.0
1627351602000,0.0
1627351632000,0.0
1627351662000,0.0
1627351692000,0.0
1627351722000,0.0
1627351752000,0.0
1627351782000,0.0
1627351812000,0.0
1627351842000,0.0
1627351872000,0.0
1627351902000,0.0
1627351932000,0.0
1627351962000,0.0
1627351992000,0.0
1627352022000,0.0
1627352052000,0.0
1627352082000,0.0
1627352112000,0.0
1627352142000,0.0
1627352172000,0.0
1627352202000,0.0
1627352232000,0.0
1627352262000,0.0
1627352292000,0.0
1627352322000,0.0
1627352352000,0.0
1627352382000,0.0
1627352412000,0.0
1627352442000,0.0
1627352472000,0.0
1627352502000,0.0
1627352532000,0.0
1627352562000,0.0
1627352592000,0.0
1627352622000,0.0
1627352652000,0.0
1627352682000,0.0
1627352712000,0.0
1627352742000,0.0
1627352772000,0.0
1627352802000,0.0
1627352832000,0.0
1627352862000,0.0
1627352892000,0.0
1627352922000,0.0
1627352952000,0.0
1627352982000,0.0
1627353012000,0.0
1627353042000,0.0
1627353072000,0.0
1627353102000,0.0
1627353132000,0.0
1627353162000,0.0
1627353192000,0.0
1627353222000,0.0
1627353252000,0.0
1627353282000,0.0
1627353312000,0.0
1627353342000,0.0
1627353372000,0.0
1627353402000,0.0
1627353432000,0.0
1627353462000,0.0
1627353492000,0.0
1627353522000,0.0
1627353552000,0.0
1627353582000,0.0
1627353612000,0.0
1627353642000,0.0
1627353672000,0.0
1627353702000,0.0
1627353732000,0.0
1627353762000,0.0
1627353792000,0.0
1627353822000,0.0
1627353852000,0.0
1627353882000,0.0
1627353912000,0.0
1627353942000,0.0
1627353972000,0.0
1627354002000,0.0
1627354032000,0.0
1627354062000,0.0
1627354092000,0.0
1627354122000,0.0
1627354152000,0.0
1627354182000,0.0
1627354212000,0.0
1627354242000,0.0
1627354272000,0.0
1627354302000,0.0
1627354332000,0.0
1627354362000,0.0
1627354392000,0.0
1627354422000,0.0
1627354452000,0.0
1627354482000,0.0
1627354512000,0.0
1627354542000,0.0
1627354572000,0.0
1627354602000,0.0
1627354632000,0.0
1627354662000,0.0
1627354692000,0.0
1627354722000,0.0
1627354752000,0.0
1627354782000,0.0
1627354812000,0.0
1627354842000,0.0
1627354872000,0.0
1627354902000,0.0
1627354932000,0.0
1627354962000,0.0
1627354992000,0.0
1627355022000,0.0
1627355052000,0.0
1627355082000,0.0
1627355112000,0.0
1627355142000,0.0
1627355172000,0.0
1627355202000,0.0
1627355232000,0.0
1627355262000,0.0
1627355292000,0.0
1627355322000,0.0
1627355352000,0.0
1627355382000,0.0
1627355412000,0.0
1627355442000,0.0
1627355472000,0.0
1627355502000,0.0
1627355532000,0.0
1627355562000,0.0
1627355592000,0.0
1627355622000,0.0
1627355652000,0.0
1627355682000,0.0
1627355712000,0.0
1627355742000,0.0
1627355772000,0.0
1627355802000,0.0
1627355832000,0.0
1627355862000,0.0
1627355892000,0.0
1627355922000,0.00010130531459987783
1627355952000,0.0
1627355982000,0.0
1627356012000,1.915248484848485e-05
1627356042000,0.0
1627356072000,0.0
1627356102000,0.0
1627356132000,0.0
1627356162000,0.0
1627356192000,0.0
1627356222000,0.0
1627356252000,0.0
1627356282000,0.0
1627356312000,0.0
1627356342000,0.0
1627356372000,0.0
1627356402000,0.0
1627356432000,0.0
1627356462000,0.0
1627356492000,0.0
1627356522000,0.0
1627356552000,0.0
1627356582000,0.0
1627356612000,0.0
1627356642000,0.0
1627356672000,0.0
1627356702000,0.0
1627356732000,0.00043153130328867236
1627356762000,0.0
1627356792000,0.0
1627356822000,0.0
1627356852000,0.0
1627356882000,0.0
1627356912000,0.0
1627356942000,0.0
1627356972000,0.0
1627357002000,0.0
1627357032000,0.0
1627357062000,0.0
1627357092000,0.0
1627357122000,0.0
1627357152000,0.0
1627357182000,0.0
1627357212000,0.0
1627357242000,0.0
1627357272000,0.0
1627357302000,0.0
1627357332000,0.0
1627357362000,0.0
1627357392000,0.0
1627357422000,0.0
1627357452000,0.0
1627357482000,0.0
1627357512000,0.0
1627357542000,0.0
1627357572000,0.0
1627357602000,0.0
1627357632000,0.0
1627357662000,0.0
1627357692000,0.0
1627357722000,0.0
1627357752000,0.0
1627357782000,0.0
1627357812000,0.0
1627357842000,0.0
1627357872000,0.0
1627357902000,0.0
1627357932000,0.0
1627357962000,0.0
1627357992000,0.0
1627358022000,0.0
1627358052000,0.0
1627358082000,0.0
1627358112000,0.0
1627358142000,0.0
1627358172000,0.0
1627358202000,0.0
1627358232000,0.0
1627358262000,0.0
1627358292000,0.0
1627358322000,0.0
1627358352000,0.0
1627358382000,0.0
1627358412000,0.0
1627358442000,0.0
1627358472000,0.0
1627358502000,0.0
1627358532000,0.0
1627358562000,0.0
1627358592000,0.0
1627358622000,0.0
1627358652000,0.0
1627358682000,0.0
1627358712000,0.0
1627358742000,0.0
1627358772000,0.0
1627358802000,0.0
1627358832000,0.0
1627358862000,0.0
1627358892000,0.0
1627358922000,0.0
1627358952000,0.0
1627358982000,0.0
1627359012000,0.0
1627359042000,0.0
1627359072000,0.0
1627359102000,0.0
1627359132000,0.0
1627359162000,0.0
1627359192000,0.0
1627359222000,0.0
1627359252000,0.0
1627359282000,0.0
1627359312000,0.0
1627359342000,0.0
1627359372000,0.0
1627359402000,0.0
1627359432000,0.0
1627359462000,0.0
1627359492000,0.0
1627359522000,0.0
1627359552000,0.0
1627359582000,0.0
1627359612000,0.0
1627359642000,0.0
1627359672000,0.0
1627359702000,0.0
1627359732000,0.0
1627359762000,0.0
1627359792000,0.0
1627359822000,0.0
1627359852000,0.0
1627359882000,0.0
1627359912000,0.0
1627359942000,0.0
1627359972000,0.0
1627360002000,0.0
1627360032000,0.0
1627360062000,0.0
1627360092000,0.0
1627360122000,0.0
1627360152000,0.0
1627360182000,0.0
1627360212000,0.0
1627360242000,0.0
1627360272000,0.0
1627360302000,0.0
1627360332000,0.0
1627360362000,0.0
1627360392000,0.0
1627360422000,0.0
1627360452000,0.0
1627360482000,0.0
1627360512000,0.0
1627360542000,0.0
1627360572000,0.0
1627360602000,0.0
1627360632000,0.0
1627360662000,0.0
1627360692000,0.0
1627360722000,0.0
1627360752000,0.0
1627360782000,0.0
1627360812000,0.0
1627360842000,0.0
1627360872000,0.0
1627360902000,0.0
1627360932000,0.0
1627360962000,0.0
1627360992000,0.0
1627361022000,0.0
1627361052000,0.0
1627361082000,0.0
1627361112000,0.0
1627361142000,0.0
1627361172000,0.0
1627361202000,0.0
1627361232000,0.0
1627361262000,0.0
1627361292000,0.0
1627361322000,0.0
1627361352000,0.0
1627361382000,0.0
1627361412000,0.0
1627361442000,0.0
1627361472000,0.0
1627361502000,0.0
1627361532000,0.0
1627361562000,0.0
1627361592000,0.0
1627361622000,0.0
1627361652000,0.0
1627361682000,0.0
1627361712000,0.0
1627361742000,0.0
1627361772000,0.0
1627361802000,0.0
1627361832000,0.0
1627361862000,0.0
1627361892000,0.0
1627361922000,0.0
1627361952000,0.0
1627361982000,0.0
1627362012000,0.0
1627362042000,0.0
1627362072000,0.0
1627362102000,0.0
1627362132000,0.0
1627362162000,0.0
1627362192000,0.0
1627362222000,0.0
1627362252000,0.0
1627362282000,0.0
1627362312000,0.0
1627362342000,0.0
1627362372000,0.0
1627362402000,0.0
1627362432000,0.0
1627362462000,0.0
1627362492000,0.0
1627362522000,0.0
1627362552000,0.0
1627362582000,0.0
1627362612000,0.0
1627362642000,0.0
1627362672000,0.0
1627362702000,0.0
1627362732000,0.0
1627362762000,0.0
1627362792000,0.0
1627362822000,0.0
1627362852000,0.0
1627362882000,0.0
1627362912000,0.0
1627362942000,0.0
1627362972000,0.0
1627363002000,0.0
1627363032000,0.0
1627363062000,0.0
1627363092000,0.0
1627363122000,0.0
1627363152000,0.0
1627363182000,0.0
1627363212000,0.0
1627363242000,0.0
1627363272000,0.0
1627363302000,0.0
1627363332000,0.0
1627363362000,0.0
1627363392000,0.0
1627363422000,0.0
1627363452000,0.0
1627363482000,0.0
1627363512000,0.0
1627363542000,0.0
1627363572000,0.0
1627363602000,0.0
1627363632000,0.0
1627363662000,0.0
1627363692000,0.0
1627363722000,0.0
1627363752000,0.0
1627363782000,0.0
1627363812000,0.0
1627363842000,0.0
1627363872000,0.0
1627363902000,0.0
1627363932000,0.0
1627363962000,0.0
1627363992000,0.0
1627364022000,0.0
1627364052000,0.0
1627364082000,0.0
1627364112000,0.0
1627364142000,0.0
1627364172000,0.0
1627364202000,0.0
1627364232000,0.0
1627364262000,0.0
1627364292000,0.0
1627364322000,0.0
1627364352000,0.0
1627364382000,0.0
1627364412000,0.0
1627364442000,0.0
1627364472000,0.0
1627364502000,0.0
1627364532000,0.0
1627364562000,0.0
1627364592000,0.0
1627364622000,0.0
1627364652000,0.0
1627364682000,0.0
1627364712000,0.0
1627364742000,0.0
1627364772000,0.0
1627364802000,0.0
1627364832000,0.0
1627364862000,0.0
1627364892000,0.0
1627364922000,0.0
1627364952000,0.0
1627364982000,0.0
1627365012000,0.0
1627365042000,0.0
1627365072000,0.0
1627365102000,0.0
1627365132000,0.0
1627365162000,0.0
1627365192000,0.0
1627365222000,0.0
1627365252000,0.0
1627365282000,0.0
1627365312000,0.0
1627365342000,0.0
1627365372000,0.0
1627365402000,0.0
1627365432000,0.0
1627365462000,0.0
1627365492000,0.0
1627365522000,0.0
1627365552000,0.0
1627365582000,0.0
1627365612000,0.0
1627365642000,0.0
1627365672000,0.0
1627365702000,0.0
1627365732000,0.0
1627365762000,0.0
1627365792000,0.0
1627365822000,0.0
1627365852000,0.0
1627365882000,0.0
1627365912000,0.0
1627365942000,0.0
1627365972000,0.0
1627366002000,0.0
1627366032000,0.0
1627366062000,0.0
1627366092000,0.0
1627366122000,0.0
1627366152000,0.0
1627366182000,0.0
1627366212000,0.0
1627366242000,0.0
1627366272000,0.0
1627366302000,0.0
1627366332000,0.0
1627366362000,0.0
1627366392000,0.0
1627366422000,0.0
1627366452000,0.0
1627366482000,0.0
1627366512000,0.0
1627366542000,0.0
1627366572000,0.0
1627366602000,0.0
1627366632000,0.0
1627366662000,0.0
1627366692000,0.0
1627366722000,0.0
1627366752000,0.0
1627366782000,0.0
1627366812000,0.0
1627366842000,0.0
1627366872000,0.0
1627366902000,0.0
1627366932000,0.0
1627366962000,0.0
1627366992000,0.0
1627367022000,0.0
1627367052000,0.0
1627367082000,0.0
1627367112000,0.0
1627367142000,0.0
1627367172000,0.0
1627367202000,0.0
1627367232000,0.0
1627367262000,0.0
1627367292000,0.0
1627367322000,0.0
1627367352000,0.0
1627367382000,0.0
1627367412000,0.0
1627367442000,0.0
1627367472000,0.0
1627367502000,0.0
1627367532000,0.0
1627367562000,0.0
1627367592000,0.0
1627367622000,0.0
1627367652000,0.0
1627367682000,0.0
1627367712000,0.0
1627367742000,0.0
1627367772000,0.0
1627367802000,0.0
1627367832000,0.0
1627367862000,0.0
1627367892000,0.0
1627367922000,0.0
1627367952000,0.0
1627367982000,0.0
1627368012000,0.0
1627368042000,0.0
1627368072000,0.0
1627368102000,0.0
1627368132000,0.0
1627368162000,0.0
1627368192000,0.0
1627368222000,0.0
1627368252000,0.0
1627368282000,0.0
1627368312000,0.0
1627368342000,0.0
1627368372000,0.0
1627368402000,0.0
1627368432000,0.0
1627368462000,0.0
1627368492000,0.0
1627368522000,0.0
1627368552000,0.0
1627368582000,0.0
1627368612000,0.0
1627368642000,0.0
1627368672000,0.0
1627368702000,0.0
1627368732000,0.0
1627368762000,0.0
1627368792000,0.0
1627368822000,0.0
1627368852000,0.0
1627368882000,0.0
1627368912000,0.0
1627368942000,0.0
1627368972000,0.0
1627369002000,0.0
1627369032000,0.0
1627369062000,0.0
1627369092000,0.0
1627369122000,0.0
1627369152000,0.0
1627369182000,0.0
1627369212000,0.0
1627369242000,0.0
1627369272000,0.0
1627369302000,0.0
1627369332000,0.0
1627369362000,0.0
1627369392000,0.0
1627369422000,0.0
1627369452000,0.0
1627369482000,0.0
1627369512000,0.0
1627369542000,0.0
1627369572000,0.0
1627369602000,0.0
1627369632000,0.0
1627369662000,0.0
1627369692000,0.0
1627369722000,0.0
1627369752000,0.0
1627369782000,0.0
1627369812000,6.7536638452237e-05
1627369842000,0.0
1627369872000,0.0
1627369902000,0.0
1627369932000,0.0
1627369962000,0.0
1627369992000,0.0
1627370022000,0.0
1627370052000,0.0
1627370082000,0.0
1627370112000,0.0
1627370142000,0.0
1627370172000,0.0
1627370202000,0.0
1627370232000,0.0
1627370262000,0.0
1627370292000,0.0
1627370322000,0.0
1627370352000,0.0
1627370382000,0.0
1627370412000,0.0
1627370442000,0.0
1627370472000,0.0
1627370502000,0.0
1627370532000,0.0
1627370562000,0.0
1627370592000,0.0
1627370622000,0.0
1627370652000,0.0
1627370682000,0.0
1627370712000,0.0
1627370742000,0.0
1627370772000,0.0
1627370802000,0.0
1627370832000,0.0
1627370862000,0.0
1627370892000,0.0
1627370922000,0.0
1627370952000,0.0
1627370982000,0.0
1627371012000,0.0
1627371042000,0.0
1627371072000,0.0
1627371102000,0.0
1627371132000,0.0
1627371162000,0.0
1627371192000,0.0
1627371222000,0.0
1627371252000,0.0
1627371282000,0.0
1627371312000,0.0
1627371342000,0.0
1627371372000,0.0
1627371402000,0.0
1627371432000,0.0
1627371462000,0.0
1627371492000,0.0
1627371522000,0.0
1627371552000,0.0
1627371582000,0.0
1627371612000,0.0
1627371642000,0.0
1627371672000,0.0
1627371702000,0.0
1627371732000,0.0
1627371762000,0.0
1627371792000,0.0
1627371822000,0.0
1627371852000,0.0
1627371882000,0.0
1627371912000,0.0
1627371942000,0.0
1627371972000,0.0
1627372002000,0.0
1627372032000,0.0
1627372062000,0.0
1627372092000,0.0
1627372122000,0.0
1627372152000,0.0
1627372182000,0.0
1627372212000,0.0
1627372242000,0.0
1627372272000,0.0
1627372302000,0.0
1627372332000,0.0
1627372362000,0.0
1627372392000,0.0
1627372422000,0.0
1627372452000,0.0
1627372482000,0.0
1627372512000,0.0
1627372542000,0.0
1627372572000,0.0
1627372602000,0.0
1627372632000,0.0
1627372662000,0.0
1627372692000,0.0
1627372722000,0.0
1627372752000,0.0
1627372782000,0.0
1627372812000,0.0
1627372842000,0.0
1627372872000,0.0
1627372902000,0.0
1627372932000,0.0
1627372962000,0.0
1627372992000,0.0
1627373022000,0.0
1627373052000,0.0
1627373082000,0.0
1627373112000,0.0
1627373142000,0.0
1627373172000,0.0
1627373202000,0.0
1627373232000,0.0
1627373262000,0.0
1627373292000,0.0
1627373322000,0.0
1627373352000,0.0
1627373382000,0.0
1627373412000,0.0
1627373442000,0.0
1627373472000,0.0
1627373502000,0.0
1627373532000,0.0
1627373562000,0.0
1627373592000,0.0
1627373622000,0.0
1627373652000,0.0
1627373682000,0.0
1627373712000,0.0
1627373742000,0.0
1627373772000,0.0
1627373802000,0.0
1627373832000,0.0
1627373862000,0.0
1627373892000,0.0
1627373922000,0.0
1627373952000,0.0
1627373982000,0.0
1627374012000,0.0
1627374042000,0.0
1627374072000,0.0
1627374102000,0.0
1627374132000,0.0
1627374162000,0.0
1627374192000,0.0
1627374222000,0.0
1627374252000,0.0
1627374282000,0.0
1627374312000,0.0
1627374342000,0.0
1627374372000,0.0
1627374402000,0.0
1627374432000,0.0
1627374462000,0.0
1627374492000,0.0
1627374522000,0.0
1627374552000,0.0
1627374582000,0.0
1627374612000,0.0
1627374642000,0.0
1627374672000,0.0
1627374702000,0.0
1627374732000,0.0
1627374762000,0.0
1627374792000,0.0
1627374822000,0.0
1627374852000,0.0
1627374882000,0.0
1627374912000,0.0
1627374942000,0.0
1627374972000,0.0
1627375002000,0.0
1627375032000,0.0
1627375062000,0.0
1627375092000,0.0
1627375122000,0.0
1627375152000,0.0
1627375182000,0.0
1627375212000,0.0
1627375242000,0.0
1627375272000,0.0
1627375302000,0.0
1627375332000,0.0
1627375362000,0.0
1627375392000,0.0
1627375422000,0.0
1627375452000,0.0
1627375482000,0.0
1627375512000,0.0
1627375542000,0.0
1627375572000,0.0
1627375602000,0.0
1627375632000,0.0
1627375662000,0.0
1627375692000,0.0
1627375722000,0.0
1627375752000,0.0
1627375782000,0.0
1627375812000,0.0
1627375842000,0.0
1627375872000,0.0
1627375902000,0.0
1627375932000,0.0
1627375962000,0.0
1627375992000,0.0
1627376022000,0.0
1627376052000,0.0
1627376082000,0.0
1627376112000,0.0
1627376142000,0.0
1627376172000,0.0007374325917017438
1627376202000,0.0
1627376232000,0.0
1627376262000,0.0
1627376292000,0.0
1627376322000,0.0
1627376352000,0.0
1627376382000,0.0
1627376412000,0.0
1627376442000,0.0
1627376472000,0.0
1627376502000,0.0
1627376532000,0.0
1627376562000,0.0
1627376592000,0.0
1627376622000,0.0
1627376652000,0.0
1627376682000,0.0
1627376712000,0.0
1627376742000,0.0
1627376772000,0.0
1627376802000,0.0
1627376832000,0.0
1627376862000,0.0
1627376892000,0.0
1627376922000,0.0
1627376952000,0.0
1627376982000,0.0
1627377012000,0.0
1627377042000,0.0
1627377072000,0.0
1627377102000,0.0
1627377132000,0.0
1627377162000,0.0
1627377192000,0.0
1627377222000,0.0
1627377252000,0.0
1627377282000,0.0
1627377312000,0.0
1627377342000,0.0
1627377372000,0.0
1627377402000,0.0
1627377432000,0.0
1627377462000,9.781640146878825e-05
1627377492000,0.0
1627377522000,0.0
1627377552000,0.0004432781193490054
1627377582000,0.0
1627377612000,0.0
1627377642000,0.0
1627377672000,0.0
1627377702000,0.0
1627377732000,0.0
1627377762000,0.0
1627377792000,0.0
1627377822000,0.0
1627377852000,0.0
1627377882000,0.0
1627377912000,0.0
1627377942000,0.0
1627377972000,0.0
1627378002000,0.0
1627378032000,0.0
1627378062000,0.0
1627378092000,0.0
1627378122000,0.0
1627378152000,0.0
1627378182000,0.0
1627378212000,0.0
1627378242000,0.0
1627378272000,0.0
1627378302000,0.0
1627378332000,0.0
1627378362000,0.0
1627378392000,0.0
1627378422000,0.0
1627378452000,0.0
1627378482000,0.0
1627378512000,0.0
1627378542000,0.0
1627378572000,0.0
1627378602000,0.0
1627378632000,0.0
1627378662000,0.0
1627378692000,0.0
1627378722000,0.0
1627378752000,0.0
1627378782000,0.0
1627378812000,0.00038004717208182915
1627378842000,0.0
1627378872000,0.0
1627378902000,0.0
1627378932000,0.0
1627378962000,0.0
1627378992000,0.0
1627379022000,0.0
1627379052000,0.0
1627379082000,0.0
1627379112000,0.0
1627379142000,0.0
1627379172000,0.0
1627379202000,0.0
1627379232000,0.0
1627379262000,0.0
1627379292000,0.0
1627379322000,0.0
1627379352000,0.0
1627379382000,0.0
1627379412000,0.0
1627379442000,0.0
1627379472000,0.0
1627379502000,0.0
1627379532000,0.0
1627379562000,0.0
1627379592000,0.0
1627379622000,0.0
1627379652000,0.0
1627379682000,0.0
1627379712000,0.0
1627379742000,0.0
1627379772000,0.0
1627379802000,0.0
1627379832000,0.0
1627379862000,0.0
1627379892000,0.0
1627379922000,0.0
1627379952000,0.0
1627379982000,0.0
1627380012000,0.0
1627380042000,0.0
1627380072000,0.0
1627380102000,0.0
1627380132000,0.0
1627380162000,0.0
1627380192000,0.0
1627380222000,0.0
1627380252000,0.0
1627380282000,0.0
1627380312000,0.0
1627380342000,0.0
1627380372000,0.0
1627380402000,0.0
1627380432000,0.0
1627380462000,0.0
1627380492000,0.0
1627380522000,0.0
1627380552000,0.0
1627380582000,0.0
1627380612000,0.0
1627380642000,0.0
1627380672000,0.0
1627380702000,0.0
1627380732000,0.0
1627380762000,0.0
1627380792000,0.0
1627380822000,0.0
1627380852000,0.0
1627380882000,0.0
1627380912000,0.0
1627380942000,0.0
1627380972000,0.0
1627381002000,0.0
1627381032000,0.0
1627381062000,0.0
1627381092000,0.0
1627381122000,0.0
1627381152000,0.0
1627381182000,0.0
1627381212000,0.0
1627381242000,0.0
1627381272000,0.0
1627381302000,0.0
1627381332000,0.0
1627381362000,0.0
1627381392000,0.0
1627381422000,0.0
1627381452000,0.0
1627381482000,0.0
1627381512000,0.0
1627381542000,0.0
1627381572000,0.0
1627381602000,0.0
1627381632000,0.0
1627381662000,0.0
1627381692000,0.0
1627381722000,0.0
1627381752000,0.0
1627381782000,0.0
1627381812000,0.0
1627381842000,0.0
1627381872000,0.0
1627381902000,0.0
1627381932000,0.0
1627381962000,0.0
1627381992000,0.0
1627382022000,0.0
1627382052000,0.0
1627382082000,0.0
1627382112000,0.0
1627382142000,0.0
1627382172000,0.0
1627382202000,0.0
1627382232000,0.0
1627382262000,0.0
1627382292000,0.0
1627382322000,0.0
1627382352000,0.0
1627382382000,0.0
1627382412000,0.0
1627382442000,0.0
1627382472000,0.0
1627382502000,0.0
1627382532000,0.0
1627382562000,0.0
1627382592000,0.0
1627382622000,0.0
1627382652000,0.0
1627382682000,0.0
1627382712000,0.0
1627382742000,0.0
1627382772000,0.0
1627382802000,0.0
1627382832000,0.0
1627382862000,0.0
1627382892000,0.0
1627382922000,0.0
1627382952000,0.0
1627382982000,0.0
1627383012000,0.0
1627383042000,0.0
1627383072000,0.0
1627383102000,0.0
1627383132000,0.0
1627383162000,0.0
1627383192000,0.0
1627383222000,0.0
1627383252000,0.0
1627383282000,0.0
1627383312000,0.0
1627383342000,0.0
1627383372000,0.0
1627383402000,0.0
1627383432000,0.0
1627383462000,0.0
1627383492000,0.0
1627383522000,0.0
1627383552000,0.0
1627383582000,0.0
1627383612000,0.0
1627383642000,0.0
1627383672000,0.0
1627383702000,0.0
1627383732000,0.0
1627383762000,0.0
1627383792000,0.0
1627383822000,0.0
1627383852000,0.0
1627383882000,0.0
1627383912000,0.0
1627383942000,0.0
1627383972000,0.0
1627384002000,0.0
1627384032000,0.0
1627384062000,0.0
1627384092000,0.0
1627384122000,0.0
1627384152000,0.0
1627384182000,0.0
1627384212000,0.0
1627384242000,0.0
1627384272000,0.0
1627384302000,0.0
1627384332000,0.0
1627384362000,0.0
1627384392000,0.0
1627384422000,0.0
1627384452000,0.0
1627384482000,0.0
1627384512000,0.0
1627384542000,0.0
1627384572000,0.0
1627384602000,0.0
1627384632000,0.0
1627384662000,0.0
1627384692000,0.0
1627384722000,0.0
1627384752000,0.0
1627384782000,0.0
1627384812000,0.0
1627384842000,0.0
1627384872000,0.0
1627384902000,0.0
1627384932000,0.0
1627384962000,0.0
1627384992000,0.0
1627385022000,0.0
1627385052000,0.0
1627385082000,0.0
1627385112000,0.0
1627385142000,0.0
1627385172000,0.0
1627385202000,0.0
1627385232000,0.0
1627385262000,0.0
1627385292000,0.0
1627385322000,0.0
1627385352000,0.0
1627385382000,0.0
1627385412000,0.0
1627385442000,0.0
1627385472000,0.0
1627385502000,0.0
1627385532000,0.0
1627385562000,0.0
1627385592000,0.0
1627385622000,0.0
1627385652000,0.0
1627385682000,0.0
1627385712000,0.0
1627385742000,0.0
1627385772000,0.0
1627385802000,0.0
1627385832000,0.0
1627385862000,0.0
1627385892000,0.0
1627385922000,0.0
1627385952000,0.0
1627385982000,0.0
1627386012000,0.0
1627386042000,0.0
1627386072000,0.0
1627386102000,0.0
1627386132000,0.0
1627386162000,0.0
1627386192000,0.0
1627386222000,0.0
1627386252000,0.0
1627386282000,0.0
1627386312000,0.0
1627386342000,0.0
1627386372000,0.0
1627386402000,0.0
1627386432000,0.0
1627386462000,0.0
1627386492000,0.0
1627386522000,0.0
1627386552000,0.0
1627386582000,0.0
1627386612000,0.0
1627386642000,0.0
1627386672000,0.0
1627386702000,0.0
1627386732000,0.0
1627386762000,0.0
1627386792000,0.0
1627386822000,0.0
1627386852000,0.0
1627386882000,0.0
1627386912000,0.0
1627386942000,0.0
1627386972000,0.0
1627387002000,0.0
1627387032000,0.0
1627387062000,0.0
1627387092000,0.0
1627387122000,0.0
1627387152000,0.0
1627387182000,0.0
1627387212000,0.0
1627387242000,0.0
1627387272000,0.0
1627387302000,0.0
1627387332000,0.0
1627387362000,0.0
1627387392000,0.0
1627387422000,0.0
1627387452000,0.0
1627387482000,0.0
1627387512000,0.0
1627387542000,0.0
1627387572000,0.0
1627387602000,0.0
1627387632000,0.0
1627387662000,0.0
1627387692000,0.0
1627387722000,0.0
1627387752000,0.0
1627387782000,0.0
1627387812000,0.0
1627387842000,0.0
1627387872000,0.0
1627387902000,0.0
1627387932000,0.0
1627387962000,0.0
1627387992000,0.0
1627388022000,0.0
1627388052000,0.0
1627388082000,0.0
1627388112000,0.0
1627388142000,0.0
1627388172000,0.0
1627388202000,0.0
1627388232000,0.0
1627388262000,0.0
1627388292000,0.0
1627388322000,0.0
1627388352000,0.0
1627388382000,0.0
1627388412000,0.0
1627388442000,0.0
1627388472000,0.0
1627388502000,0.0
1627388532000,0.0
1627388562000,0.0
1627388592000,0.0
1627388622000,0.0
1627388652000,0.0
1627388682000,0.0
1627388712000,0.0
1627388742000,0.0
1627388772000,0.0
1627388802000,0.0
1627388832000,0.0
1627388862000,0.0
1627388892000,0.0
1627388922000,0.0
1627388952000,0.0
1627388982000,0.0
1627389012000,0.0
1627389042000,0.0
1627389072000,0.0
1627389102000,0.0
1627389132000,0.0
1627389162000,0.0
1627389192000,0.0
1627389222000,0.0
1627389252000,0.0
1627389282000,0.0
1627389312000,0.0
1627389342000,0.0
1627389372000,0.0
1627389402000,0.0
1627389432000,0.0
1627389462000,0.0
1627389492000,0.0
1627389522000,0.0
1627389552000,0.0
1627389582000,0.0
1627389612000,0.0
1627389642000,0.0
1627389672000,0.0
1627389702000,0.0
1627389732000,0.0
1627389762000,0.0
1627389792000,0.0
1627389822000,0.0
1627389852000,0.0
1627389882000,0.0
1627389912000,0.0
1627389942000,0.0
1627389972000,0.0
1627390002000,0.0
1627390032000,0.0
1627390062000,0.0
1627390092000,0.0
1627390122000,0.0
1627390152000,0.0
1627390182000,0.0
1627390212000,0.0
1627390242000,0.0001171699816961562
1627390272000,0.0
1627390302000,0.0
1627390332000,0.0
1627390362000,0.0
1627390392000,0.0
1627390422000,0.0
1627390452000,0.0
1627390482000,0.0
1627390512000,0.0
1627390542000,0.0
1627390572000,0.0
1627390602000,0.0
1627390632000,0.0
1627390662000,0.0
1627390692000,0.0
1627390722000,0.0
1627390752000,0.0
1627390782000,0.0
1627390812000,0.0
1627390842000,0.0
1627390872000,0.0
1627390902000,0.0
1627390932000,0.0
1627390962000,0.0
1627390992000,0.0
1627391022000,0.0
1627391052000,0.0
1627391082000,0.0
1627391112000,0.0
1627391142000,0.0
1627391172000,0.0
1627391202000,0.0
1627391232000,0.0
1627391262000,0.0
1627391292000,0.0
1627391322000,0.0
1627391352000,0.0
1627391382000,0.0
1627391412000,0.00013503644224830143
1627391442000,0.0
1627391472000,0.0
1627391502000,0.0
1627391532000,0.0
1627391562000,0.0
1627391592000,0.0
1627391622000,0.0
1627391652000,0.0
1627391682000,0.0
1627391712000,0.0
1627391742000,0.0
1627391772000,0.0
1627391802000,0.0
1627391832000,0.0
1627391862000,0.0
1627391892000,0.0
1627391922000,0.0
1627391952000,0.0
1627391982000,0.0
1627392012000,0.0
1627392042000,0.0
1627392072000,0.0
1627392102000,0.0
1627392132000,0.0
1627392162000,0.0
1627392192000,0.0
1627392222000,0.0
1627392252000,0.0
1627392282000,0.0
1627392312000,0.0
1627392342000,0.0
1627392372000,0.0
1627392402000,0.0
1627392432000,0.0
1627392462000,0.0
1627392492000,0.0
1627392522000,0.0
1627392552000,0.0
1627392582000,0.0
1627392612000,0.0
1627392642000,0.0
1627392672000,0.0
1627392702000,0.0
1627392732000,0.0
1627392762000,0.0
1627392792000,0.0
1627392822000,0.0
1627392852000,0.0
1627392882000,0.0
1627392912000,0.0
1627392942000,0.0
1627392972000,0.0
1627393002000,0.0
1627393032000,0.0
1627393062000,0.0
1627393092000,0.0
1627393122000,0.00035084954682779455
1627393152000,0.0
1627393182000,0.0
1627393212000,0.0
1627393242000,0.0
1627393272000,0.0
1627393302000,0.0
1627393332000,0.0
1627393362000,0.0001257052759248029
1627393392000,0.0
1627393422000,0.0
1627393452000,0.0
1627393482000,0.0
1627393512000,0.0
1627393542000,0.0
1627393572000,0.0
1627393602000,0.0
1627393632000,0.0
1627393662000,0.0
1627393692000,0.0
1627393722000,0.0
1627393752000,0.0
1627393782000,0.0
1627393812000,0.0
1627393842000,0.0003998100545124167
1627393872000,0.0
1627393902000,0.0
1627393932000,0.0
1627393962000,0.0
1627393992000,0.0
1627394022000,0.0
1627394052000,0.0
1627394082000,0.0
1627394112000,0.0
1627394142000,0.0
1627394172000,0.0
1627394202000,0.0
1627394232000,0.0
1627394262000,0.0
1627394292000,0.0
1627394322000,0.0
1627394352000,0.0
1627394382000,0.0
1627394412000,0.0
1627394442000,0.0
1627394472000,0.0
1627394502000,0.0
1627394532000,0.0
1627394562000,0.0
1627394592000,0.0
1627394622000,0.0
1627394652000,0.0
1627394682000,0.00016272170818505338
1627394712000,0.0
1627394742000,0.0
1627394772000,0.0
1627394802000,0.0
1627394832000,0.0
1627394862000,0.0
1627394892000,0.0
1627394922000,0.0
1627394952000,0.0
1627394982000,0.0
1627395012000,0.0
1627395042000,0.0
1627395072000,0.0
1627395102000,0.0
1627395132000,0.0
1627395162000,0.0
1627395192000,0.0
1627395222000,0.0
1627395252000,0.0
1627395282000,0.0
1627395312000,0.0
1627395342000,0.0
1627395372000,0.0
1627395402000,0.0
1627395432000,0.0
1627395462000,0.0
1627395492000,0.0
1627395522000,0.0
1627395552000,0.0
1627395582000,0.0
1627395612000,0.0
1627395642000,0.0
1627395672000,0.0
1627395702000,0.0
1627395732000,0.0
1627395762000,0.0
1627395792000,0.0
1627395822000,0.0
1627395852000,0.0
1627395882000,0.0
1627395912000,0.0
1627395942000,0.0
1627395972000,0.0
1627396002000,0.0
1627396032000,0.0
1627396062000,0.0
1627396092000,0.0
1627396122000,0.0
1627396152000,0.0
1627396182000,0.0
1627396212000,0.0
1627396242000,0.0
1627396272000,0.0
1627396302000,0.0
1627396332000,0.0
1627396362000,0.0
1627396392000,0.0
1627396422000,0.0
1627396452000,0.0
1627396482000,0.0
1627396512000,0.0
1627396542000,0.0
1627396572000,0.0
1627396602000,0.0
1627396632000,0.0
1627396662000,0.0
1627396692000,0.0
1627396722000,0.0
1627396752000,0.0
1627396782000,0.0
1627396812000,0.0
1627396842000,0.0
1627396872000,0.0
1627396902000,0.0
1627396932000,0.0
1627396962000,0.0
1627396992000,0.0
1627397022000,0.0
1627397052000,0.0
1627397082000,0.0
1627397112000,0.0
1627397142000,0.0
1627397172000,0.0
1627397202000,0.0
1627397232000,0.0
1627397262000,0.0
1627397292000,0.0
1627397322000,0.0
1627397352000,0.0
1627397382000,0.0
1627397412000,0.0
1627397442000,0.0
1627397472000,0.0
1627397502000,0.0
1627397532000,0.0
1627397562000,0.0
1627397592000,0.0
1627397622000,0.0
1627397652000,0.0
1627397682000,0.0
1627397712000,0.0
1627397742000,0.0
1627397772000,0.0
1627397802000,0.0
1627397832000,0.0
1627397862000,0.0
1627397892000,0.0
1627397922000,0.0
1627397952000,0.0
1627397982000,0.0
1627398012000,0.0
1627398042000,0.0
1627398072000,0.0
1627398102000,0.0
1627398132000,0.0
1627398162000,0.0
1627398192000,0.0
1627398222000,0.0
1627398252000,8.50881562881563e-05
1627398282000,0.0
1627398312000,0.0
1627398342000,0.0
1627398372000,0.0
1627398402000,0.0
1627398432000,0.0
1627398462000,0.0
1627398492000,0.0
1627398522000,0.0
1627398552000,0.0
1627398582000,0.0
1627398612000,0.0
1627398642000,0.0
1627398672000,0.0
1627398702000,0.0
1627398732000,0.0
1627398762000,0.0
1627398792000,0.0
1627398822000,0.0
1627398852000,0.0
1627398882000,0.0
1627398912000,0.0
1627398942000,0.0
1627398972000,0.0
1627399002000,0.0
1627399032000,0.0
1627399062000,0.0
1627399092000,0.0
1627399122000,0.0
1627399152000,0.0
1627399182000,0.0
1627399212000,0.0
1627399242000,0.0
1627399272000,0.0
1627399302000,0.0
1627399332000,0.0
1627399362000,0.0
1627399392000,0.0
1627399422000,0.0002892977995110024
1627399452000,0.0
1627399482000,0.0
1627399512000,0.0
1627399542000,0.0
1627399572000,0.0
1627399602000,0.0
1627399632000,0.0
1627399662000,0.0
1627399692000,0.0
1627399722000,0.0
1627399752000,0.0
1627399782000,0.0
1627399812000,0.0
1627399842000,0.0
1627399872000,0.0
1627399902000,0.0
1627399932000,0.0
1627399962000,0.0
1627399992000,0.0
1627400022000,0.0
1627400052000,0.0
1627400082000,0.0
1627400112000,0.0
1627400142000,0.0
1627400172000,0.0
1627400202000,0.0
1627400232000,0.0
1627400262000,0.0
1627400292000,0.0
1627400322000,0.0
1627400352000,0.0
1627400382000,0.0
1627400412000,0.0
1627400442000,0.0
1627400472000,0.0
1627400502000,0.0
1627400532000,0.0
1627400562000,0.0
1627400592000,0.0
1627400622000,0.0
1627400652000,0.0
1627400682000,0.0
1627400712000,0.0
1627400742000,0.0
1627400772000,0.0
1627400802000,0.0
1627400832000,0.0
1627400862000,0.0
1627400892000,0.0
1627400922000,0.0
1627400952000,0.0
1627400982000,0.0
1627401012000,0.0
1627401042000,0.0
1627401072000,0.0
1627401102000,0.0
1627401132000,0.0
1627401162000,0.0
1627401192000,0.0
1627401222000,0.0
1627401252000,0.0
1627401282000,0.0
1627401312000,0.0
1627401342000,0.0
1627401372000,0.0
1627401402000,0.0
1627401432000,0.0
1627401462000,0.0
1627401492000,0.0
1627401522000,0.0
1627401552000,0.0
1627401582000,0.0
1627633422000,0.0
1627633332000,0.0
1627633482000,0.0
1627633512000,0.0
1627633542000,0.0
1627633572000,0.0
1627633602000,0.0
1627633632000,0.0
1627633662000,0.0
1627633452000,0.0
1627633752000,0.0
1627633782000,0.0
1627633812000,0.0
1627633842000,0.0
1627633872000,0.0
1627633902000,0.0
1627633932000,0.0
1627633662000,0.0
1627633962000,0.0
1627633692000,0.0
1627633992000,0.0
1627634022000,0.0
1627634052000,0.0
1627634082000,0.0
1627633272000,0.0
1627634112000,0.0
1627634142000,0.0
1627634202000,0.0
1627634232000,0.0
1627634172000,0.0
1627633242000,0.0
1627633722000,0.0
1627634262000,0.0
1627634322000,0.0
1627634292000,0.0
1627633422000,0.0
1627634142000,0.0
1627634172000,0.0
1627634232000,0.0
1627634202000,0.0
1627634262000,0.0
1627634292000,0.0
1627634322000,0.0
1627634142000,0.0
1627634202000,0.0
1627634232000,0.0
1627634172000,0.0
1627634262000,0.0
1627634292000,0.0
1627634322000,0.0
1627634202000,0.0
1627634292000,0.0
1627633242000,0.0
1627634382000,0.0
1627634412000,0.0
1627634352000,0.0
1627634472000,0.0
1627634442000,0.0
1627634502000,0.0
1627634202000,0.0
1627634172000,0.0
1627634532000,0.0
1627634562000,0.0
1627634592000,0.0
1627634622000,0.0
1627634232000,0.0
1627634652000,0.0
1627634682000,0.0
1627634262000,0.0
1627634712000,0.0
1627634742000,0.0
1627634772000,0.0
1627634142000,0.0
1627634532000,0.0
1627634562000,0.0
1627634802000,0.0
1627634682000,0.0
1627634832000,0.0
1627634862000,0.0
1627634892000,0.0
1627634772000,0.0
1627634922000,0.0
1627633722000,0.0
1627634952000,0.0
1627634982000,0.0
1627635072000,0.0
1627635102000,0.0
1627635012000,0.0
1627635042000,0.0
1627635132000,0.0
1627635162000,0.0
1627634262000,0.0
1627634232000,0.0
1627633422000,0.0
1627634172000,0.0
1627634142000,0.0
1627635192000,0.0
1627635222000,0.0
1627635252000,0.0
1627635282000,0.0
1627635312000,0.0
1627635342000,0.0
1627635372000,0.0
1627635402000,0.0
1627635432000,0.0
1627635462000,0.0
1627635492000,0.0
1627635522000,0.0
1627635552000,0.0
1627635582000,0.0
1627635612000,0.0
1627635642000,0.0
1627635672000,0.0
1627635702000,0.0
1627635732000,0.0
1627635762000,0.0
1627635792000,0.0
1627635822000,0.0
1627635852000,0.0
1627635882000,0.0
1627635912000,0.0
1627635942000,0.0
1627635972000,0.0
1627636002000,0.0
1627636032000,0.0
1627636062000,0.0
1627636092000,0.0
1627636122000,0.0
1627636152000,0.0
1627636182000,0.0
1627636212000,0.0
1627636242000,0.0
1627636272000,0.0
1627636302000,0.0
1627636332000,0.0
1627636362000,0.0
1627636392000,0.0
1627636422000,0.0
1627636452000,0.0
1627636482000,0.0
1627636512000,0.0
1627636542000,0.0
1627636572000,0.0
1627636602000,0.0
1627636632000,0.0
1627636662000,0.0
1627636692000,0.0
1627636722000,0.0
1627636752000,0.0
1627636782000,0.0
1627636812000,0.0
1627636842000,0.0
1627636872000,0.0
1627636902000,0.0
1627636932000,0.0
1627636962000,0.0
1627636992000,0.0
1627637022000,0.0
1627637052000,0.0
1627637082000,0.0
1627637112000,0.0
1627637142000,0.0
1627637172000,0.0
1627637202000,0.0
1627637232000,0.0
1627637262000,0.0
1627637292000,0.0
1627637322000,0.0
1627637352000,0.0
1627637382000,0.0
1627637412000,0.0
1627637442000,0.0
1627637472000,0.0
1627637502000,0.0
1627637532000,0.0
1627637562000,0.0
1627637592000,0.0
1627637622000,0.0
1627637652000,0.0
1627637682000,0.0002873770253929867
1627637712000,0.0
1627637742000,0.0
1627637772000,0.0
1627637802000,0.0
1627637832000,0.0
1627637862000,0.0
1627637892000,0.0
1627637922000,0.0
1627637952000,0.0
1627637982000,0.0
1627638012000,0.0
1627638042000,0.0
1627638072000,0.0
1627638102000,0.0
1627638132000,0.0
1627638162000,0.0
1627638192000,0.0
1627638222000,0.0
1627638252000,0.0
1627638282000,0.0
1627638312000,0.0
1627638342000,0.0
1627638372000,0.0
1627638402000,0.0
1627638432000,0.0
1627638462000,0.0
1627638492000,0.0
1627638522000,0.0
1627638552000,0.0
1627638582000,0.0
1627638612000,0.0
1627638642000,0.0
1627638672000,0.0
1627638702000,0.0
1627638732000,0.0
1627638762000,0.0
1627638792000,0.0
1627638822000,0.0
1627638852000,0.0
1627638882000,0.0
1627638912000,0.0
1627638942000,0.0
1627638972000,0.0
1627639002000,0.0
1627639032000,0.0
1627639062000,0.0
1627639092000,0.0
1627639122000,0.0
1627639152000,0.0
1627639182000,0.0
1627639212000,0.0
1627639242000,0.0
1627639272000,0.0
1627639302000,0.0
1627639332000,0.0
1627639362000,0.0
1627639392000,0.0
1627639422000,0.0
1627639452000,0.0
1627639482000,0.0
1627639512000,0.0
1627639542000,0.0
1627639572000,0.0
1627639602000,0.0
1627639632000,0.0
1627639662000,0.0
1627639692000,0.0
1627639722000,0.0
1627639752000,0.0
1627639782000,0.0
1627639812000,0.0
1627639842000,0.0
1627639872000,0.0
1627639902000,0.0
1627639932000,0.0
1627639962000,0.0
1627639992000,0.0
1627640022000,0.0
1627640052000,0.0
1627640082000,0.0
1627640112000,0.0
1627640142000,0.0
1627640172000,0.0
1627640202000,0.0
1627640232000,0.0
1627640262000,0.0
1627640292000,0.0
1627640322000,0.0
1627640352000,0.0
1627640382000,0.0
1627640412000,0.0
1627640442000,0.0
1627640472000,0.0
1627640502000,0.0
1627640532000,0.0
1627640562000,0.0
1627640592000,0.0
1627640622000,0.0
1627640652000,0.0
1627640682000,0.0
1627640712000,0.0
1627640742000,0.0
1627640772000,0.0
1627640802000,0.0
1627640832000,0.0
1627640862000,0.0
1627640892000,0.0
1627640922000,0.0
1627640952000,0.0
1627640982000,0.0
1627641012000,0.0
1627641042000,0.0
1627641072000,0.0
1627641102000,0.0
1627641132000,0.0
1627641162000,0.0
1627641192000,0.0
1627641222000,0.0
1627641252000,0.0
1627641282000,0.0
1627641312000,0.0
1627641342000,0.0
1627641372000,0.0
1627641402000,0.0
1627641432000,0.0
1627641462000,0.0
1627641492000,0.0
1627641522000,0.0
1627641552000,0.0
1627641582000,0.0
1627641612000,0.0
1627641642000,0.0
1627641672000,0.0
1627641702000,0.0
1627641732000,0.0
1627641762000,0.0
1627641792000,0.0
1627641822000,0.0
1627641852000,0.0
1627641882000,0.0
1627641912000,0.0
1627641942000,0.0
1627641972000,0.0
1627642002000,0.0
1627642032000,0.0
1627642062000,0.0
1627642092000,0.0
1627642122000,0.0
1627642152000,0.0
1627642182000,0.0
1627642212000,0.0
1627642242000,0.0
1627642272000,0.0
1627642302000,0.0
1627642332000,0.0
1627642362000,0.0
1627642392000,0.0
1627642422000,0.0
1627642452000,0.0
1627642482000,0.0
1627642512000,0.0
1627642542000,0.0
1627642572000,0.0
1627642602000,0.0
1627642632000,0.0
1627642662000,0.0
1627642692000,0.0
1627642722000,0.0
1627642752000,0.0
1627642782000,0.0
1627642812000,0.0
1627642842000,0.0
1627642872000,0.0
1627642902000,0.0
1627642932000,0.0
1627642962000,0.0
1627642992000,0.0
1627643022000,0.0
1627643052000,0.0
1627643082000,0.0
1627643112000,0.0
1627643142000,0.0
1627643172000,0.0
1627643202000,0.0
1627643232000,0.0
1627643262000,0.0
1627643292000,0.0
1627643322000,0.0
1627643352000,0.0
1627643382000,0.0
1627643412000,0.0
1627643442000,0.0
1627643472000,0.0
1627643502000,0.0
1627643532000,0.0
1627643562000,0.0
1627643592000,0.0
1627643622000,0.0
1627643652000,0.0
1627643682000,0.0
1627643712000,0.0
1627643742000,0.0
1627643772000,0.0
1627643802000,0.0
1627643832000,0.0
1627643862000,0.0
1627643892000,0.0
1627643922000,0.0
1627643952000,0.0
1627643982000,0.0
1627644012000,0.0
1627644042000,0.0003114631003039514
1627644072000,0.0
1627644102000,0.0
1627644132000,0.0
1627644162000,0.0
1627644192000,0.0
1627644222000,0.0
1627644252000,0.0
1627644282000,0.0
1627644312000,0.0
1627644342000,0.0
1627644372000,0.0
1627644402000,0.0
1627644432000,0.0
1627644462000,0.0
1627644492000,0.0
1627644522000,0.0
1627644552000,0.0
1627644582000,0.0
1627644612000,0.0
1627644642000,0.0
1627644672000,0.0
1627644702000,0.0
1627644732000,0.0
1627644762000,0.0
1627644792000,0.0
1627644822000,0.0
1627644852000,0.0
1627644882000,0.0
1627644912000,0.0
1627644942000,0.0
1627644972000,0.0
1627645002000,0.0
1627645032000,0.0
1627645062000,0.0
1627645092000,0.0
1627645122000,0.0
1627645152000,0.0
1627645182000,0.0
1627645212000,0.0
1627645242000,0.0
1627645272000,0.0
1627645302000,0.0
1627645332000,0.0
1627645362000,0.0
1627645392000,0.0
1627645422000,0.0
1627645452000,0.0
1627645482000,0.0
1627645512000,0.0
1627645542000,0.0
1627645572000,0.0
1627645602000,0.0
1627645632000,0.0
1627645662000,0.0
1627645692000,0.0
1627645722000,0.0
1627645752000,0.0
1627645782000,0.0
1627645812000,0.0
1627645842000,0.0
1627645872000,1.8376889981561156e-05
1627645902000,0.0003715277575757576
1627645932000,0.0
1627645962000,0.0
1627645992000,0.0
1627646022000,0.0
1627646052000,0.0
1627646082000,0.0
1627646112000,0.0
1627646142000,0.0
1627646172000,0.0
1627646202000,0.0
1627646232000,0.0
1627646262000,0.0
1627646292000,0.0
1627646322000,0.0
1627646352000,0.0
1627646382000,0.0
1627646412000,0.0
1627646442000,0.0
1627646472000,0.0
1627646502000,0.0
1627646532000,0.0
1627646562000,0.0
1627646592000,0.0
1627646622000,0.0
1627646652000,0.0
1627646682000,0.0
1627646712000,0.0
1627646742000,0.0
1627646772000,0.0
1627646802000,0.0
1627646832000,0.0
1627646862000,0.0
1627646892000,0.0
1627646922000,0.0
1627646952000,0.0
1627646982000,0.0
1627647012000,0.0
1627647042000,0.0
1627647072000,0.0
1627647102000,0.0
1627647132000,0.0
1627647162000,0.0
1627647192000,0.0
1627647222000,0.0
1627647252000,0.0
1627647282000,0.0
1627647312000,0.0
1627647342000,0.0
1627647372000,0.0
1627647402000,2.6592904389657245e-05
1627647432000,0.0
1627647462000,0.0
1627647492000,0.0
1627647522000,0.0
1627647552000,0.0
1627647582000,0.0
1627647612000,0.0
1627647642000,0.0
1627647672000,0.0
1627647702000,0.0
1627647732000,0.0
1627647762000,0.0
1627647792000,0.0
1627647822000,0.0
1627647852000,0.0
1627647882000,0.0
1627647912000,0.0
1627647942000,0.0
1627647972000,0.0
1627648002000,0.0
1627648032000,0.0
1627648062000,0.0
1627648092000,0.0
1627648122000,0.0
1627648152000,0.0
1627648182000,0.0
1627648212000,0.0
1627648242000,0.0
1627648272000,0.0
1627648302000,0.0
1627648332000,0.0
1627648362000,0.0
1627648392000,0.0
1627648422000,0.0
1627648452000,0.0
1627648482000,0.0
1627648512000,0.0
1627648542000,0.0
1627648572000,0.0
1627648602000,0.0
1627648632000,0.0
1627648662000,0.0
1627648692000,0.0
1627648722000,0.0
1627648752000,0.0
1627648782000,0.0
1627648812000,0.0
1627648842000,0.0
1627648872000,0.0
1627648902000,0.0
1627401612000,0.0
1627401642000,0.0
1627401672000,0.0
1627401702000,0.0
1627401732000,0.0
1627401762000,0.0
1627401792000,0.0
1627401822000,0.0
1627401852000,0.0
1627401882000,0.0
1627401912000,0.0
1627401942000,0.0
1627401972000,0.0
1627402002000,0.0
1627402032000,0.0
1627402062000,0.0
1627402092000,0.0
1627402122000,0.0
1627402152000,0.0
1627402182000,0.0
1627402212000,0.0
1627402242000,0.0
1627402272000,0.0
1627402302000,0.0
1627402332000,0.0
1627402362000,0.0
1627402392000,0.0
1627402422000,0.0
1627402452000,0.0
1627402482000,0.0
1627402512000,0.0
1627402542000,0.0
1627402572000,0.0
1627402602000,0.0
1627402632000,0.0
1627402662000,0.0
1627402692000,0.0
1627402722000,0.0
1627402752000,0.0
1627402782000,0.0
1627402812000,0.0
1627402842000,0.0
1627402872000,0.0
1627402902000,0.0
1627402932000,0.0
1627402962000,0.0
1627402992000,0.0
1627403022000,0.0
1627403052000,0.0
1627403082000,0.0
1627403112000,0.0
1627403142000,0.0
1627403172000,0.0
1627403202000,0.0
1627403232000,0.0
1627403262000,0.0
1627403292000,0.0
1627403322000,0.0
1627403352000,0.0
1627403382000,0.0
1627403412000,0.0
1627403442000,0.0
1627403472000,0.0
1627403502000,0.0
1627403532000,0.0
1627403562000,0.0
1627403592000,0.0
1627403622000,0.0
1627403652000,0.0
1627403682000,0.0
1627403712000,0.0
1627403742000,0.0
1627403772000,0.0
1627403802000,0.0
1627403832000,0.0
1627403862000,0.0
1627403892000,0.0
1627403922000,0.0
1627403952000,0.0
1627403982000,0.0
1627404012000,0.0
1627404042000,0.0
1627404072000,0.0
1627404102000,0.0
1627404132000,0.0
1627404162000,0.0
1627404192000,0.0
1627404222000,0.0
1627404252000,0.0
1627404282000,0.0
1627404312000,0.0
1627404342000,0.0
1627404372000,0.0
1627404402000,0.0
1627404432000,0.0
1627404462000,0.0
1627404492000,0.0
1627404522000,0.0
1627404552000,0.0
1627404582000,0.0
1627404612000,0.0
1627404642000,0.0
1627404672000,0.0
1627404702000,0.0
1627404732000,0.0
1627404762000,0.0
1627404792000,0.0
1627404822000,0.0
1627404852000,0.0
1627404882000,0.0
1627404912000,0.0
1627404942000,0.0
1627404972000,0.0
1627405002000,0.0
1627405032000,0.0
1627405062000,0.0
1627405092000,0.0
1627405122000,0.0
1627405152000,0.0
1627405182000,0.0
1627405212000,0.0
1627405242000,0.0
1627405272000,0.0
1627405302000,0.0
1627405332000,0.0
1627405362000,0.0
1627405392000,0.0
1627405422000,0.0
1627405452000,0.0
1627405482000,0.0
1627405512000,0.0
1627405542000,0.0
1627405572000,0.0
1627405602000,0.0
1627405632000,0.0
1627405662000,0.0
1627405692000,0.0
1627405722000,0.0
1627405752000,0.0
1627405782000,0.0
1627405812000,0.0
1627405842000,0.0
1627405872000,0.0
1627405902000,0.0002506832116788321
1627405932000,0.0
1627405962000,0.0
1627405992000,0.0
1627406022000,0.0
1627406052000,0.0
1627406082000,0.0
1627406112000,0.0
1627406142000,0.0
1627406172000,0.0
1627406202000,0.0
1627406232000,0.0
1627406262000,0.0
1627406292000,0.0
1627406322000,0.0
1627406352000,0.0
1627406382000,0.0
1627406412000,0.0
1627406442000,0.0
1627406472000,0.0
1627406502000,0.0
1627406532000,0.0
1627406562000,0.0
1627406592000,0.0
1627406622000,0.0
1627406652000,0.0
1627406682000,0.0
1627406712000,0.0
1627406742000,0.0
1627406772000,0.0
1627406802000,0.0
1627406832000,0.0
1627406862000,0.0
1627406892000,0.0
1627406922000,0.0
1627406952000,0.0
1627406982000,0.0
1627407012000,0.0
1627407042000,0.0
1627407072000,0.0
1627407102000,0.0
1627407132000,0.0
1627407162000,0.0
1627407192000,0.0
1627407222000,0.0
1627407252000,0.0
1627407282000,0.0
1627407312000,0.0
1627407342000,0.0
1627407372000,0.0
1627407402000,0.0
1627407432000,0.0
1627407462000,0.0
1627407492000,0.0
1627407522000,0.0
1627407552000,0.0
1627407582000,0.0
1627407612000,0.0
1627407642000,0.0
1627407672000,0.0
1627407702000,0.0
1627407732000,0.0
1627407762000,0.0
1627407792000,0.0
1627407822000,0.0
1627407852000,0.0
1627407882000,0.0
1627407912000,0.0
1627407942000,0.0
1627407972000,0.0
1627408002000,0.0
1627408032000,0.0
1627408062000,0.0
1627408092000,0.0
1627408122000,0.0
1627408152000,0.0
1627408182000,0.0
1627408212000,0.0
1627408242000,0.0
1627408272000,0.0
1627408302000,0.0
1627408332000,0.0
1627408362000,0.0
1627408392000,0.0
1627408422000,0.0
1627408452000,0.0
1627408482000,0.0
1627408512000,0.0
1627408542000,0.0
1627408572000,0.0
1627408602000,0.0
1627408632000,0.0
1627408662000,0.0
1627408692000,0.0
1627408722000,0.0
1627408752000,0.0
1627408782000,0.0
1627408812000,0.0
1627408842000,0.0
1627408872000,0.0
1627408902000,0.0
1627408932000,0.0
1627408962000,0.0
1627408992000,0.0
1627409022000,0.0
1627409052000,0.0
1627409082000,0.0
1627409112000,0.0
1627409142000,0.0
1627409172000,0.0
1627409202000,0.0
1627409232000,0.0
1627409262000,0.0
1627409292000,0.0
1627409322000,0.0
1627409352000,0.0
1627409382000,0.0
1627409412000,0.0
1627409442000,0.0
1627409472000,0.0
1627409502000,0.0
1627409532000,0.0
1627409562000,0.0
1627409592000,0.0
1627409622000,0.0
1627409652000,0.0
1627409682000,0.0
1627409712000,0.0
1627409742000,0.0
1627409772000,0.0
1627409802000,0.0
1627409832000,0.0
1627409862000,0.0
1627409892000,0.0
1627409922000,0.0
1627409952000,0.0
1627409982000,0.0
1627410012000,0.0
1627410042000,0.0
1627410072000,0.0
1627410102000,0.0
1627410132000,0.0
1627410162000,0.0
1627410192000,0.0
1627410222000,0.0
1627410252000,0.0
1627410282000,0.0
1627410312000,0.0
1627410342000,0.0
1627410372000,0.0
1627410402000,0.0
1627410432000,0.0
1627410462000,0.0
1627410492000,0.0
1627410522000,0.0
1627410552000,0.0
1627410582000,0.0
1627410612000,0.0
1627410642000,0.0
1627410672000,0.0
1627410702000,0.0
1627410732000,0.0
1627410762000,0.0
1627410792000,0.0
1627410822000,0.0
1627410852000,0.0
1627410882000,0.0
1627410912000,0.0
1627410942000,0.0
1627410972000,0.0
1627411002000,0.0
1627411032000,0.0
1627411062000,0.0
1627411092000,0.0
1627411122000,0.0
1627411152000,0.0
1627411182000,0.0
1627411212000,0.0
1627411242000,0.0
1627411272000,0.0
1627411302000,0.0
1627411332000,0.0
1627411362000,0.0
1627411392000,0.0
1627411422000,0.0
1627411452000,0.0
1627411482000,0.0
1627411512000,0.0
1627411542000,0.0
1627411572000,0.0
1627411602000,0.0
1627411632000,0.0
1627411662000,0.0
1627411692000,0.0
1627411722000,0.0
1627411752000,0.0
1627411782000,0.0
1627411812000,0.0
1627411842000,0.0
1627411872000,0.0
1627411902000,0.0
1627411932000,0.0
1627411962000,0.0
1627411992000,0.0
1627412022000,0.0
1627412052000,0.0
1627412082000,0.0
1627412112000,0.0
1627412142000,0.0
1627412172000,0.0
1627412202000,0.0
1627412232000,0.0
1627412262000,0.0
1627412292000,0.0
1627412322000,0.0
1627412352000,0.0
1627412382000,0.0
1627412412000,0.0
1627412442000,0.0
1627412472000,0.0
1627412502000,0.0
1627412532000,0.0
1627412562000,0.0
1627412592000,0.0
1627412622000,0.0
1627412652000,0.0
1627412682000,0.0
1627412712000,0.0
1627412742000,0.0
1627412772000,0.0
1627412802000,0.0
1627412832000,0.0
1627412862000,0.0
1627412892000,0.0
1627412922000,0.0
1627412952000,0.0
1627412982000,0.0
1627413012000,0.0
1627413042000,0.0
1627413072000,0.0
1627413102000,0.0
1627413132000,0.0
1627413162000,0.0
1627413192000,0.0
1627413222000,0.0
1627413252000,0.0
1627413282000,0.0
1627413312000,0.0
1627413342000,0.0
1627413372000,0.0
1627413402000,0.0
1627413432000,0.0
1627413462000,0.0
1627413492000,0.0
1627413522000,0.0
1627413552000,0.0
1627413582000,0.0
1627413612000,0.0
1627413642000,0.0
1627413672000,0.0
1627413702000,0.0
1627413732000,0.0
1627413762000,0.0
1627413792000,0.0
1627413822000,0.0
1627413852000,0.0
1627413882000,0.0
1627413912000,0.0
1627413942000,0.0
1627413972000,0.0
1627414002000,0.0
1627414032000,0.0
1627414062000,0.0
1627414092000,0.0
1627414122000,0.0
1627414152000,0.0
1627414182000,5.27618820726623e-05
1627414212000,0.0
1627414242000,0.0
1627414272000,0.0
1627414302000,0.0
1627414332000,0.0
1627414362000,0.0
1627414392000,0.0
1627414422000,0.0
1627414452000,0.0
1627414482000,0.0
1627414512000,0.0
1627414542000,0.0
1627414572000,0.0
1627414602000,0.0
1627414632000,0.0
1627414662000,0.0
1627414692000,0.0
1627414722000,0.0
1627414752000,0.0
1627414782000,0.0
1627414812000,0.0
1627414842000,0.0
1627414872000,0.0
1627414902000,0.0
1627414932000,0.0
1627414962000,0.0
1627414992000,0.0
1627415022000,0.0
1627415052000,0.0
1627415082000,0.0
1627415112000,0.0
1627415142000,0.0
1627415172000,0.0
1627415202000,0.0
1627415232000,0.0
1627415262000,0.0
1627415292000,0.0
1627415322000,0.0
1627415352000,0.0
1627415382000,0.0
1627415412000,0.0
1627415442000,0.0
1627415472000,0.0
1627415502000,0.0
1627415532000,0.0
1627415562000,0.0
1627415592000,0.0
1627415622000,0.0
1627415652000,0.0
1627415682000,0.0
1627415712000,0.0
1627415742000,0.0
1627415772000,0.0
1627415802000,0.0
1627415832000,0.0
1627415862000,0.0
1627415892000,0.0
1627415922000,0.0
1627415952000,0.0
1627415982000,0.0
1627416012000,0.0
1627416042000,0.0
1627416072000,0.0
1627416102000,0.0
1627416132000,0.0
1627416162000,0.0
1627416192000,0.0
1627416222000,0.0
1627416252000,0.0
1627416282000,0.0
1627416312000,0.0
1627416342000,0.0
1627416372000,0.0
1627416402000,0.0
1627416432000,0.0
1627416462000,0.0
1627416492000,0.0
1627416522000,0.0
1627416552000,0.0
1627416582000,0.0
1627416612000,0.0
1627416642000,0.0
1627416672000,0.0
1627416702000,0.0
1627416732000,0.0
1627416762000,0.0
1627416792000,0.0
1627416822000,0.0
1627416852000,0.0
1627416882000,0.0
1627416912000,0.0
1627416942000,0.0
1627416972000,0.0
1627417002000,0.0
1627417032000,0.0
1627417062000,0.0
1627417092000,0.0
1627417122000,0.0
1627417152000,0.0
1627417182000,0.0
1627417212000,0.0
1627417242000,0.0
1627417272000,0.0
1627417302000,0.0
1627417332000,0.0
1627417362000,0.0
1627417392000,0.0
1627417422000,0.0
1627417452000,0.0
1627417482000,0.0
1627417512000,0.0
1627417542000,0.0
1627417572000,0.0
1627417602000,0.0
1627417632000,0.0
1627417662000,0.0
1627417692000,0.0
1627417722000,0.0
1627417752000,0.0
1627417782000,0.0
1627417812000,0.0
1627417842000,0.0
1627417872000,0.0
1627417902000,0.0
1627417932000,0.0
1627417962000,0.0
1627417992000,0.0
1627418022000,0.0
1627418052000,0.0
1627418082000,0.0
1627418112000,0.0
1627418142000,0.0
1627418172000,0.0
1627418202000,0.0
1627418232000,0.0
1627418262000,0.0
1627418292000,0.0
1627418322000,0.0
1627418352000,0.0
1627418382000,0.0
1627418412000,0.0
1627418442000,0.0
1627418472000,0.0
1627418502000,0.0
1627418532000,0.0
1627418562000,0.0
1627418592000,0.0
1627418622000,0.0
1627418652000,0.0
1627418682000,0.0
1627418712000,0.0
1627418742000,0.0
1627418772000,0.0
1627418802000,0.0
1627418832000,0.0
1627418862000,0.0
1627418892000,0.0
1627418922000,0.0
1627418952000,0.0
1627418982000,0.0
1627419012000,0.0
1627419042000,0.0
1627419072000,0.0
1627419102000,0.0
1627419132000,0.0
1627419162000,0.0
1627419192000,0.0
1627419222000,0.0
1627419252000,0.0
1627419282000,0.0
1627419312000,0.0
1627419342000,0.0
1627419372000,0.0
1627419402000,0.0
1627419432000,0.0
1627419462000,0.0
1627419492000,0.0
1627419522000,0.0
1627419552000,0.0
1627419582000,0.0
1627419612000,0.0
1627419642000,0.0
1627419672000,0.0
1627419702000,0.0
1627419732000,0.0
1627419762000,0.0
1627419792000,0.0
1627419822000,0.0
1627419852000,0.0
1627419882000,0.0
1627419912000,0.0
1627419942000,0.0
1627419972000,0.0
1627420002000,0.0
1627420032000,0.0
1627420062000,0.0
1627420092000,0.0
1627420122000,0.0
1627420152000,0.0
1627420182000,0.0
1627420212000,0.0
1627420242000,0.0
1627420272000,0.0
1627420302000,0.0
1627420332000,0.0
1627420362000,0.0
1627420392000,0.0
1627420422000,0.0
1627420452000,0.0
1627420482000,0.0
1627420512000,0.000106251
1627420542000,0.0
1627420572000,0.0
1627420602000,0.0
1627420632000,0.0
1627420662000,0.0
1627420692000,0.0
1627420722000,0.0
1627420752000,0.0
1627420782000,0.0
1627420812000,0.0
1627420842000,0.0
1627420872000,0.0
1627420902000,0.0
1627420932000,0.0
1627420962000,0.0
1627420992000,0.0
1627421022000,0.0
1627421052000,0.0
1627421082000,0.0
1627421112000,0.0
1627421142000,0.0
1627421172000,0.0
1627421202000,0.0
1627421232000,0.0
1627421262000,0.0
1627421292000,0.0
1627421322000,0.0
1627421352000,0.0
1627421382000,0.0
1627421412000,0.0
1627421442000,0.0
1627421472000,0.0
1627421502000,0.0
1627421532000,0.0
1627421562000,0.0
1627421592000,0.0
1627421622000,0.0
1627421652000,0.0
1627421682000,0.0
1627421712000,0.0
1627421742000,0.0
1627421772000,0.0
1627421802000,0.0
1627421832000,0.0
1627421862000,0.0
1627421892000,0.0
1627421922000,0.0
1627421952000,0.0
1627421982000,0.0
1627422012000,0.0
1627422042000,0.0
1627422072000,0.0
1627422102000,0.0
1627422132000,0.0
1627422162000,0.0
1627422192000,0.0
1627422222000,0.0
1627422252000,0.0
1627422282000,0.0
1627422312000,0.0
1627422342000,0.0
1627422372000,0.0
1627422402000,0.0
1627422432000,0.0
1627422462000,0.0
1627422492000,0.0
1627422522000,0.0
1627422552000,0.0
1627422582000,0.0
1627422612000,0.0
1627422642000,0.0
1627422672000,0.0
1627422702000,0.0
1627422732000,0.0
1627422762000,0.0
1627422792000,0.0
1627422822000,0.0
1627422852000,0.0
1627422882000,0.0
1627422912000,0.0
1627422942000,0.0
1627422972000,0.0
1627423002000,0.0
1627423032000,0.0
1627423062000,0.0
1627423092000,0.0
1627423122000,0.0
1627423152000,0.0
1627423182000,0.0
1627423212000,0.0
1627423242000,0.0
1627423272000,0.0
1627423302000,0.0
1627423332000,0.0
1627423362000,0.0
1627423392000,0.0
1627423422000,0.0
1627423452000,0.0
1627423482000,0.0
1627423512000,0.0
1627423542000,0.0
1627423572000,0.0
1627423602000,0.0
1627423632000,0.0
1627423662000,0.0
1627423692000,0.0
1627423722000,0.0
1627423752000,0.0
1627423782000,0.0
1627423812000,0.0
1627423842000,0.0
1627423872000,0.0
1627423902000,0.0
1627423932000,0.0
1627423962000,0.0
1627423992000,0.0
1627424022000,0.0
1627424052000,0.0
1627424082000,0.0
1627424112000,0.0
1627424142000,0.0
1627424172000,0.0
1627424202000,0.0
1627424232000,0.0
1627424262000,0.0
1627424292000,0.0
1627424322000,0.0001475872860635697
1627424352000,0.0
1627424382000,0.0
1627424412000,0.0
1627424442000,0.0
1627424472000,0.0
1627424502000,0.0
1627424532000,0.0
1627424562000,0.0
1627424592000,0.0
1627424622000,0.0
1627424652000,0.0
1627424682000,0.0
1627424712000,0.0
1627424742000,0.0
1627424772000,0.0
1627424802000,0.0
1627424832000,0.0
1627424862000,0.0
1627424892000,0.0
1627424922000,0.0
1627424952000,0.0
1627424982000,0.0
1627425012000,0.0
1627425042000,0.0
1627425072000,0.0
1627425102000,0.0
1627425132000,0.0
1627425162000,0.0
1627425192000,0.0
1627425222000,0.0
1627425252000,0.0
1627425282000,0.0
1627425312000,0.0
1627425342000,0.0
1627425372000,0.0
1627425402000,0.0
1627425432000,0.0
1627425462000,0.0
1627425492000,0.0
1627425522000,0.00021007086801426872
1627425552000,0.0
1627425582000,0.0
1627425612000,0.0
1627425642000,0.0
1627425672000,0.0
1627425702000,0.0
1627425732000,0.0
1627425762000,0.0
1627425792000,0.0
1627425822000,0.0
1627425852000,0.0
1627425882000,0.0
1627425912000,0.0
1627425942000,0.0
1627425972000,0.0
1627426002000,0.0
1627426032000,0.0
1627426062000,0.0
1627426092000,0.0
1627426122000,0.0
1627426152000,0.0
1627426182000,0.0
1627426212000,0.0
1627426242000,0.0
1627426272000,0.0
1627426302000,0.0
1627426332000,0.0
1627426362000,0.0
1627426392000,0.0
1627426422000,0.0
1627426452000,0.0
1627426482000,0.0
1627426512000,0.0
1627426542000,0.0
1627426572000,0.0
1627426602000,0.0
1627426632000,0.0
1627426662000,0.0
1627426692000,0.0
1627426722000,0.0
1627426752000,0.0
1627426782000,0.0
1627426812000,0.0
1627426842000,0.0
1627426872000,0.0
1627426902000,0.0
1627426932000,0.0
1627426962000,0.0
1627426992000,0.0
1627427022000,0.0
1627427052000,0.0
1627427082000,0.0
1627427112000,0.0
1627427142000,0.0
1627427172000,0.0
1627427202000,0.0
1627427232000,0.0
1627427262000,0.0
1627427292000,0.0
1627427322000,0.0
1627427352000,0.0
1627427382000,0.0
1627427412000,0.0
1627427442000,0.0
1627427472000,0.0
1627427502000,0.0
1627427532000,0.0
1627427562000,0.0
1627427592000,0.0
1627427622000,0.0
1627427652000,0.0
1627427682000,0.0
1627427712000,0.0
1627427742000,0.0
1627427772000,0.0
1627427802000,0.0
1627427832000,0.0
1627427862000,0.0
1627427892000,0.0
1627427922000,0.0
1627427952000,0.0
1627427982000,0.0
1627428012000,0.0
1627428042000,0.0
1627428072000,0.0
1627428102000,0.0
1627428132000,0.0
1627428162000,0.0
1627428192000,0.0
1627428222000,0.0
1627428252000,0.0
1627428282000,0.0
1627428312000,0.0
1627428342000,0.0
1627428372000,0.0
1627428402000,0.0
1627428432000,0.0
1627428462000,0.0
1627428492000,0.0
1627428522000,0.0
1627428552000,0.0
1627428582000,0.0
1627428612000,0.0
1627428642000,0.0
1627428672000,0.0
1627428702000,0.0
1627428732000,0.0
1627428762000,0.0
1627428792000,0.0
1627428822000,0.0
1627428852000,0.0
1627428882000,0.0
1627428912000,0.0
1627428942000,0.0
1627428972000,0.0
1627429002000,0.0
1627429032000,0.0
1627429062000,0.0
1627429092000,0.0
1627429122000,0.0
1627429152000,0.0
1627429182000,0.0
1627429212000,0.0
1627429242000,0.0
1627429272000,0.0
1627429302000,0.0
1627429332000,0.0
1627429362000,0.0
1627429392000,0.0
1627429422000,0.0
1627429452000,0.0
1627429482000,0.0
1627429512000,0.0
1627429542000,0.0
1627429572000,0.0
1627429602000,0.0
1627429632000,0.0
1627429662000,0.0
1627429692000,0.0
1627429722000,0.0
1627429752000,0.0
1627429782000,0.0
1627429812000,0.0
1627429842000,0.0
1627429872000,0.0
1627429902000,0.0
1627429932000,0.0
1627429962000,0.0
1627429992000,0.0
1627430022000,0.0
1627430052000,0.0
1627430082000,0.0
1627430112000,0.0
1627430142000,0.0
1627430172000,0.0
1627430202000,0.0
1627430232000,0.0
1627430262000,0.0
1627430292000,0.0
1627430322000,0.0
1627430352000,0.0
1627430382000,0.0
1627430412000,0.0
1627430442000,0.0
1627430472000,0.0
1627430502000,0.0
1627430532000,0.0
1627430562000,0.0
1627430592000,0.0
1627430622000,0.0
1627430652000,0.0
1627430682000,0.0
1627430712000,0.0
1627430742000,0.0
1627430772000,0.0
1627430802000,0.0
1627430832000,0.0
1627430862000,0.0
1627430892000,0.0
1627430922000,0.0
1627430952000,0.0
1627430982000,0.0
1627431012000,0.0
1627431042000,0.0
1627431072000,0.0
1627431102000,0.0
1627431132000,0.0
1627431162000,0.0
1627431192000,0.0
1627431222000,0.0
1627431252000,0.0
1627431282000,0.0
1627431312000,0.0
1627431342000,0.0
1627431372000,0.0
1627431402000,0.0
1627431432000,0.0
1627431462000,0.0
1627431492000,0.0
1627431522000,0.0
1627431552000,0.0
1627431582000,0.0
1627431612000,0.0
1627431642000,0.0
1627431672000,0.0
1627431702000,0.0
1627431732000,0.0
1627431762000,0.0
1627431792000,0.0
1627431822000,0.0
1627431852000,0.0
1627431882000,0.0
1627431912000,0.0
1627431942000,0.0
1627431972000,0.0
1627432002000,0.0
1627432032000,0.0
1627432062000,0.0
1627432092000,0.0
1627432122000,0.0
1627432152000,0.0
1627432182000,0.0
1627432212000,0.0
1627432242000,0.0
1627432272000,0.0
1627432302000,0.0
1627432332000,0.0
1627432362000,0.0
1627432392000,0.0
1627432422000,0.0
1627432452000,0.0
1627432482000,0.0
1627432512000,0.0
1627432542000,0.0
1627432572000,0.0
1627432602000,0.0
1627432632000,0.0
1627432662000,0.0
1627432692000,0.0
1627432722000,0.0
1627432752000,0.0
1627432782000,0.0
1627432812000,0.0
1627432842000,0.0
1627432872000,0.0
1627432902000,0.0
1627432932000,0.0
1627432962000,0.0
1627432992000,0.0
1627433022000,0.0
1627433052000,0.0
1627433082000,0.0
1627433112000,0.0
1627433142000,0.0
1627433172000,0.0
1627433202000,0.0
1627433232000,0.0
1627433262000,0.0
1627433292000,0.0
1627433322000,0.0
1627433352000,0.0
1627433382000,0.0
1627433412000,0.0
1627433442000,0.0
1627433472000,0.0
1627433502000,0.0
1627433532000,0.0
1627433562000,0.0
1627433592000,0.0
1627433622000,0.0
1627433652000,0.0
1627433682000,0.0
1627433712000,0.0
1627433742000,0.0
1627433772000,0.0
1627433802000,0.0
1627433832000,0.0
1627433862000,0.0
1627433892000,0.0
1627433922000,0.0
1627433952000,0.0
1627433982000,0.0
1627434012000,0.0
1627434042000,0.0
1627434072000,0.0
1627434102000,0.0
1627434132000,0.0
1627434162000,0.0
1627434192000,0.0
1627434222000,0.0
1627434252000,0.0
1627434282000,0.0
1627434312000,0.0
1627434342000,0.0
1627434372000,0.0
1627434402000,0.0
1627434432000,0.0
1627434462000,0.0
1627434492000,0.0
1627434522000,0.0
1627434552000,0.0
1627434582000,0.0
1627434612000,0.0
1627434642000,0.0
1627434672000,0.0
1627434702000,0.0
1627434732000,0.0
1627434762000,0.0
1627434792000,0.0
1627434822000,0.0
1627434852000,0.0
1627434882000,0.0
1627434912000,0.0
1627434942000,0.0
1627434972000,0.0
1627435002000,0.0
1627435032000,0.0
1627435062000,0.0
1627435092000,0.0
1627435122000,0.0
1627435152000,0.0
1627435182000,0.0
1627435212000,0.0
1627435242000,0.0
1627435272000,0.0
1627435302000,0.0
1627435332000,0.0
1627435362000,0.0
1627435392000,0.0
1627435422000,0.0
1627435452000,0.0
1627435482000,0.0
1627435512000,0.0
1627435542000,0.0
1627435572000,0.0
1627435602000,0.0
1627435632000,0.0
1627435662000,0.0
1627435692000,0.0
1627435722000,0.0
1627435752000,0.0
1627435782000,0.0
1627435812000,0.0
1627435842000,0.0
1627435872000,0.0
1627435902000,0.0
1627435932000,0.0
1627435962000,0.0
1627435992000,0.0
1627436022000,0.0
1627436052000,0.0
1627436082000,0.0
1627436112000,0.0
1627436142000,0.0
1627436172000,0.0
1627436202000,0.0
1627436232000,0.0
1627436262000,0.0
1627436292000,0.0
1627436322000,0.0
1627436352000,0.0
1627436382000,0.0
1627436412000,0.0
1627436442000,0.0
1627436472000,0.0
1627436502000,0.0
1627436532000,0.0
1627436562000,0.0
1627436592000,0.0
1627436622000,0.0
1627436652000,0.0
1627436682000,0.0
1627436712000,0.0
1627436742000,0.0
1627436772000,0.0
1627436802000,0.0
1627436832000,0.0
1627436862000,0.0
1627436892000,0.0
1627436922000,0.0
1627436952000,0.0
1627436982000,0.0
1627437012000,0.0
1627437042000,0.0
1627437072000,0.0
1627437102000,0.0
1627437132000,0.0
1627437162000,0.0
1627437192000,0.0
1627437222000,0.0
1627437252000,0.0
1627437282000,0.0
1627437312000,0.0
1627437342000,0.0
1627437372000,0.0
1627437402000,0.0
1627437432000,0.0
1627437462000,0.0
1627437492000,0.0
1627437522000,0.0
1627437552000,0.0
1627437582000,0.0
1627437612000,0.0
1627437642000,0.0
1627437672000,0.0
1627437702000,0.0
1627437732000,0.0
1627437762000,0.0
1627437792000,0.0
1627437822000,0.0
1627437852000,0.0
1627437882000,0.0
1627437912000,0.0
1627437942000,0.0
1627437972000,0.0
1627438002000,0.0
1627438032000,0.0
1627438062000,0.0
1627438092000,0.0
1627438122000,0.0
1627438152000,0.0
1627438182000,0.0
1627438212000,0.0
1627438242000,0.0
1627438272000,0.0
1627438302000,0.0
1627438332000,0.0
1627438362000,0.0
1627438392000,0.0
1627438422000,0.0
1627438452000,0.0
1627438482000,0.0
1627438512000,0.0
1627438542000,0.0
1627438572000,0.0
1627438602000,0.0
1627438632000,0.0
1627438662000,0.0
1627438692000,0.0
1627438722000,0.0
1627438752000,0.0
1627438782000,0.0
1627438812000,0.0
1627438842000,0.0
1627438872000,0.0
1627438902000,0.0
1627438932000,0.0
1627438962000,0.0
1627438992000,0.0
1627439022000,0.0
1627439052000,0.0
1627439082000,0.0
1627439112000,0.0
1627439142000,0.0
1627439172000,0.0
1627439202000,0.0
1627439232000,0.0
1627439262000,0.0
1627439292000,0.0
1627439322000,0.0
1627439352000,0.0
1627439382000,0.0
1627439412000,0.0
1627439442000,0.0
1627439472000,0.0
1627439502000,0.0
1627439532000,0.0
1627439562000,0.0
1627439592000,0.0
1627439622000,0.0
1627439652000,0.0
1627439682000,0.0
1627439712000,0.0
1627439742000,0.0
1627439772000,0.0
1627439802000,0.0
1627439832000,0.0
1627439862000,0.0
1627439892000,0.0
1627439922000,0.0
1627439952000,0.0
1627439982000,0.0
1627440012000,0.0
1627440042000,0.0
1627440072000,0.0
1627440102000,0.0
1627440132000,0.0
1627440162000,0.0
1627440192000,0.0
1627440222000,0.0
1627440252000,0.0
1627440282000,0.0
1627440312000,0.0
1627440342000,0.0
1627440372000,0.0
1627440402000,0.0
1627440432000,0.0
1627440462000,0.0
1627440492000,0.0
1627440522000,0.0
1627440552000,0.0
1627440582000,0.0
1627440612000,0.0
1627440642000,0.0
1627440672000,0.0
1627440702000,0.0
1627440732000,0.0
1627440762000,0.0
1627440792000,0.0
1627440822000,0.0
1627440852000,0.0
1627440882000,0.0
1627440912000,0.0
1627440942000,0.0
1627440972000,0.0
1627441002000,0.0
1627441032000,0.0
1627441062000,0.0
1627441092000,0.0
1627441122000,0.0
1627441152000,0.0
1627441182000,0.0
1627441212000,0.0
1627441242000,0.0
1627441272000,0.0
1627441302000,0.0
1627441332000,0.0
1627441362000,0.0
1627441392000,0.0
1627441422000,0.0
1627441452000,0.0
1627441482000,0.0
1627441512000,0.0
1627441542000,0.0
1627441572000,0.0
1627441602000,0.0
1627441632000,0.0
1627441662000,0.0
1627441692000,0.0
1627441722000,0.0
1627441752000,0.0
1627441782000,0.0
1627441812000,0.0
1627441842000,0.0
1627441872000,0.0
1627441902000,0.0
1627441932000,0.0
1627441962000,0.0
1627441992000,0.0
1627442022000,0.0
1627442052000,0.0
1627442082000,0.0
1627442112000,0.0
1627442142000,0.0
1627442172000,0.0
1627442202000,0.0
1627442232000,0.0
1627442262000,0.0
1627442292000,0.0
1627442322000,0.0
1627442352000,0.0
1627442382000,0.0
1627442412000,0.0
1627442442000,0.0
1627442472000,0.0
1627442502000,0.0
1627442532000,0.0
1627442562000,0.0
1627442592000,0.0
1627442622000,0.0
1627442652000,0.0
1627442682000,0.0
1627442712000,0.0
1627442742000,0.0
1627442772000,0.0
1627442802000,0.0
1627442832000,0.0
1627442862000,0.0
1627442892000,0.0
1627442922000,0.0
1627442952000,0.0
1627442982000,0.0
1627443012000,0.0
1627443042000,0.0
1627443072000,0.0
1627443102000,0.0
1627443132000,0.0
1627443162000,0.0
1627443192000,0.0
1627443222000,0.0
1627443252000,0.0
1627443282000,0.0
1627443312000,0.0
1627443342000,0.0
1627443372000,0.0
1627443402000,0.0
1627443432000,0.0
1627443462000,0.0
1627443492000,0.0
1627443522000,0.0
1627443552000,0.0
1627443582000,0.0
1627443612000,0.0
1627443642000,0.0
1627443672000,0.0
1627443702000,0.0
1627443732000,0.0
1627443762000,0.0
1627443792000,0.0
1627443822000,0.0
1627443852000,0.0
1627443882000,0.0
1627443912000,0.0
1627443942000,0.0
1627443972000,0.0
1627444002000,0.0
1627444032000,0.0
1627444062000,0.0
1627444092000,0.0
1627444122000,0.0
1627444152000,0.0
1627444182000,0.0
1627444212000,0.0
1627444242000,0.0
1627444272000,0.0
1627444302000,0.0
1627444332000,0.0
1627444362000,0.0
1627444392000,0.0
1627444422000,0.0
1627444452000,0.0
1627444482000,0.0
1627444512000,0.0
1627444542000,0.0
1627444572000,0.0
1627444602000,0.0
1627444632000,0.0
1627444662000,0.0
1627444692000,0.0
1627444722000,0.0
1627444752000,0.0
1627444782000,0.0
1627444812000,0.0
1627444842000,0.0
1627444872000,0.0
1627444902000,0.0
1627444932000,0.0
1627444962000,0.0
1627444992000,0.0
1627445022000,0.0
1627445052000,0.0
1627445082000,0.0
1627445112000,0.0
1627445142000,0.0
1627445172000,0.0
1627445202000,0.0
1627445232000,0.0
1627445262000,0.0
1627445292000,0.0
1627445322000,0.0
1627445352000,0.0
1627445382000,0.0
1627445412000,0.0
1627445442000,0.0
1627445472000,0.0
1627445502000,0.0
1627445532000,0.0
1627445562000,0.0
1627445592000,0.0
1627445622000,0.0
1627445652000,0.0
1627445682000,0.0
1627445712000,0.0
1627445742000,0.0
1627445772000,0.0
1627445802000,0.0
1627445832000,0.0
1627445862000,0.0
1627445892000,0.0
1627445922000,0.0
1627445952000,0.0
1627445982000,0.0
1627446012000,0.0
1627446042000,0.0
1627446072000,0.0
1627446102000,0.0
1627446132000,0.0
1627446162000,0.0
1627446192000,0.0
1627446222000,0.0
1627446252000,0.0
1627446282000,0.0
1627446312000,0.0
1627446342000,0.0
1627446372000,0.0
1627446402000,0.0
1627446432000,0.0
1627446462000,0.0
1627446492000,0.0
1627446522000,0.0
1627446552000,0.0
1627446582000,0.0
1627446612000,0.0
1627446642000,0.0
1627446672000,0.0
1627446702000,0.0
1627446732000,0.0
1627446762000,0.0
1627446792000,0.0
1627446822000,0.0
1627446852000,0.0
1627446882000,0.0
1627446912000,0.0
1627446942000,0.0
1627446972000,0.0
1627447002000,0.0
1627447032000,0.0
1627447062000,0.0
1627447092000,0.0
1627447122000,0.0
1627447152000,0.0
1627447182000,0.0
1627447212000,0.0
1627447242000,0.0
1627447272000,0.0
1627447302000,0.0
1627447332000,0.0
1627447362000,0.0
1627447392000,0.0
1627447422000,0.0
1627447452000,0.0
1627447482000,0.0
1627447512000,0.0
1627447542000,0.0
1627447572000,0.0
1627447602000,0.0
1627447632000,0.0
1627447662000,0.0
1627447692000,0.0
1627447722000,0.0
1627447752000,0.0
1627447782000,0.0
1627447812000,0.0
1627447842000,0.0
1627447872000,0.0
1627447902000,0.0
1627447932000,0.0
1627447962000,0.0
1627447992000,0.0
1627448022000,0.0
1627448052000,0.0
1627448082000,0.0
1627448112000,0.0
1627448142000,0.0
1627448172000,0.0
1627448202000,0.0
1627448232000,0.0
1627448262000,0.0
1627448292000,0.0
1627448322000,0.0
1627448352000,0.0
1627448382000,0.0
1627448412000,0.0
1627448442000,0.0
1627448472000,0.0
1627448502000,0.0
1627448532000,0.0
1627448562000,0.0
1627448592000,0.0
1627448622000,0.0
1627448652000,0.0
1627448682000,0.0
1627448712000,0.0
1627448742000,0.0
1627448772000,0.0
1627448802000,0.0
1627448832000,0.0
1627448862000,0.0
1627448892000,0.0
1627448922000,0.0
1627448952000,0.0
1627448982000,0.0
1627449012000,0.0
1627449042000,0.0
1627449072000,3.204130301167794e-05
1627449102000,0.0
1627449132000,0.0
1627449162000,0.0
1627449192000,0.0
1627449222000,0.0
1627449252000,0.0
1627449282000,0.0
1627449312000,0.0
1627449342000,0.0
1627449372000,0.0
1627449402000,0.0
1627449432000,0.0
1627449462000,0.0
1627449492000,0.0
1627449522000,0.0
1627449552000,0.0
1627449582000,0.0
1627449612000,0.0
1627449642000,0.0
1627449672000,0.0
1627449702000,0.0
1627449732000,0.0
1627449762000,0.0
1627449792000,0.0
1627449822000,0.0
1627449852000,0.0
1627449882000,0.0
1627449912000,0.0
1627449942000,0.0
1627449972000,0.0
1627450002000,0.0
1627450032000,0.0
1627450062000,0.0
1627450092000,0.0
1627450122000,0.0
1627450152000,0.0
1627450182000,0.0
1627450212000,0.0
1627450242000,0.0
1627450272000,0.0
1627450302000,0.0
1627450332000,0.0
1627450362000,0.0
1627450392000,0.0
1627450422000,0.0
1627450452000,0.0
1627450482000,0.0
1627450512000,0.0
1627450542000,0.0
1627450572000,0.0
1627450602000,0.0
1627450632000,0.0
1627450662000,0.0
1627450692000,0.0
1627450722000,0.0
1627450752000,0.0
1627450782000,0.00029474901960784315
1627450812000,0.0
1627450842000,0.0
1627450872000,0.0
1627450902000,0.0
1627450932000,0.0
1627450962000,0.0
1627450992000,0.0
1627451022000,0.0
1627451052000,0.0
1627451082000,0.0
1627451112000,0.0
1627451142000,0.0
1627451172000,0.0
1627451202000,0.0
1627451232000,0.0
1627451262000,0.0
1627451292000,0.0
1627451322000,0.0
1627451352000,0.0
1627451382000,0.0
1627451412000,0.0
1627451442000,0.0
1627451472000,0.0
1627451502000,0.0
1627451532000,0.0
1627451562000,0.0
1627451592000,0.0
1627451622000,0.0
1627451652000,0.0
1627451682000,0.0
1627451712000,0.0
1627451742000,0.0
1627451772000,0.0
1627451802000,0.0
1627451832000,0.0
1627451862000,0.0
1627451892000,0.0
1627451922000,0.0
1627451952000,0.0
1627451982000,0.0
1627452012000,0.0
1627452042000,0.0
1627452072000,0.0
1627452102000,0.0
1627452132000,0.0
1627452162000,0.0
1627452192000,0.0
1627452222000,0.0
1627452252000,0.0
1627452282000,0.0
1627452312000,0.0
1627452342000,0.0002940026206075045
1627452372000,0.0
1627452402000,0.0
1627452432000,0.0
1627452462000,0.0
1627452492000,0.0
1627452522000,0.0
1627452552000,0.0
1627452582000,0.0
1627452612000,0.0
1627452642000,0.0
1627452672000,0.0
1627452702000,0.0
1627452732000,0.0
1627452762000,0.0
1627452792000,0.0
1627452822000,0.0
1627452852000,0.0
1627452882000,0.0
1627452912000,0.0
1627452942000,0.0
1627452972000,0.0
1627453002000,0.0
1627453032000,0.0
1627453062000,0.0
1627453092000,0.0
1627453122000,0.0
1627453152000,0.0
1627453182000,0.0
1627453212000,0.0
1627453242000,0.0
1627453272000,0.0
1627453302000,0.0
1627453332000,0.0
1627453362000,0.0
1627453392000,0.0
1627453422000,0.0
1627453452000,0.0
1627453482000,0.0
1627453512000,0.0
1627453542000,0.0
1627453572000,0.0
1627453602000,0.0
1627453632000,0.0
1627453662000,0.0
1627453692000,0.0
1627453722000,0.0
1627453752000,0.0
1627453782000,0.0
1627453812000,0.0
1627453842000,0.0
1627453872000,0.00012890738916256157
1627453902000,0.0
1627453932000,0.0
1627453962000,0.0
1627453992000,0.0006892852300242131
1627454022000,0.0
1627454052000,0.0
1627454082000,0.0
1627454112000,0.0
1627454142000,0.0
1627454172000,0.0
1627454202000,0.0
1627454232000,0.0
1627454262000,0.0
1627454292000,0.0
1627454322000,0.0
1627454352000,0.0
1627454382000,0.0
1627454412000,0.0
1627454442000,0.0
1627454472000,0.0
1627454502000,0.0
1627454532000,0.0
1627454562000,0.00031868557692307694
1627454592000,0.0
1627454622000,0.0
1627454652000,0.0
1627454682000,0.0
1627454712000,0.0
1627454742000,0.0
1627454772000,0.0
1627454802000,0.0
1627454832000,0.0
1627454862000,0.0
1627454892000,0.0
1627454922000,0.0
1627454952000,0.0
1627454982000,0.0
1627455012000,0.0
1627455042000,0.0
1627455072000,0.0
1627455102000,0.0
1627455132000,0.0
1627455162000,0.0
1627455192000,0.0
1627455222000,0.0
1627455252000,0.0
1627455282000,0.0
1627455312000,0.0
1627455342000,0.0
1627455372000,0.0
1627455402000,0.0
1627455432000,0.0
1627455462000,0.0
1627455492000,0.0
1627455522000,0.0
1627455552000,0.0
1627455582000,0.0
1627455612000,0.0
1627455642000,0.0
1627455672000,0.0
1627455702000,0.0
1627455732000,0.0
1627455762000,0.0
1627455792000,0.0
1627455822000,0.0
1627455852000,0.0
1627455882000,0.0
1627455912000,0.0
1627455942000,0.0
1627455972000,0.0
1627456002000,0.0
1627456032000,0.0
1627456062000,0.0
1627456092000,0.0
1627456122000,0.0
1627456152000,0.0
1627456182000,0.0
1627456212000,0.0
1627456242000,0.0
1627456272000,0.0
1627456302000,0.0
1627456332000,0.0
1627456362000,0.0
1627456392000,0.0
1627456422000,0.0
1627456452000,0.0
1627456482000,0.0
1627456512000,0.0
1627456542000,0.0
1627456572000,0.0
1627456602000,0.0
1627456632000,0.0
1627456662000,0.0
1627456692000,0.0
1627456722000,0.0
1627456752000,0.0
1627456782000,0.0
1627456812000,0.0
1627456842000,0.0
1627456872000,0.0
1627456902000,0.0
1627456932000,0.0
1627456962000,0.0
1627456992000,0.0
1627457022000,0.0
1627457052000,0.0
1627457082000,0.0
1627457112000,0.0
1627457142000,0.0
1627457172000,0.0
1627457202000,0.0
1627457232000,0.0
1627457262000,0.0
1627457292000,0.0
1627457322000,0.0
1627457352000,0.0
1627457382000,0.0
1627457412000,0.0
1627457442000,0.0
1627457472000,0.0
1627457502000,0.0
1627457532000,0.0
1627457562000,0.0
1627457592000,0.0
1627457622000,0.0
1627457652000,0.0
1627457682000,0.0
1627457712000,0.0
1627457742000,0.0
1627457772000,0.0
1627457802000,0.0
1627457832000,0.0
1627457862000,0.0
1627457892000,0.0
1627457922000,0.0
1627457952000,0.0
1627457982000,0.0
1627458012000,0.0
1627458042000,0.0
1627458072000,0.0
1627458102000,0.0
1627458132000,0.0
1627458162000,0.0
1627458192000,0.0
1627458222000,0.0
1627458252000,0.0
1627458282000,0.0
1627458312000,0.0
1627458342000,0.0
1627458372000,0.0
1627458402000,0.0
1627458432000,0.0
1627458462000,0.0
1627458492000,0.0
1627458522000,0.0
1627458552000,0.0
1627458582000,0.0
1627458612000,0.0
1627458642000,0.0
1627458672000,0.0
1627458702000,0.0
1627458732000,0.0
1627458762000,0.0
1627458792000,0.0
1627458822000,0.0
1627458852000,0.0
1627458882000,0.0
1627458912000,0.0
1627458942000,0.0
1627458972000,0.0
1627459002000,0.0
1627459032000,0.0
1627459062000,0.0
1627459092000,0.0
1627459122000,0.0
1627459152000,0.0
1627459182000,0.0
1627459212000,0.0
1627459242000,0.0
1627459272000,0.0
1627459302000,0.0
1627459332000,0.0
1627459362000,0.0
1627459392000,0.0
1627459422000,0.0
1627459452000,0.0
1627459482000,0.0
1627459512000,0.0
1627459542000,0.0
1627459572000,0.0
1627459602000,0.0
1627459632000,0.0
1627459662000,0.0
1627459692000,0.0
1627459722000,0.0
1627459752000,0.0
1627459782000,0.0
1627459812000,0.0
1627459842000,0.0
1627459872000,0.0
1627459902000,0.0
1627459932000,0.0
1627459962000,0.0
1627459992000,0.0
1627460022000,0.0
1627460052000,0.0
1627460082000,0.0
1627460112000,0.0
1627460142000,0.0
1627460172000,0.0
1627460202000,0.0
1627460232000,0.0
1627460262000,0.0
1627460292000,0.0
1627460322000,0.0
1627460352000,0.0
1627460382000,0.0
1627460412000,0.0
1627460442000,0.0
1627460472000,0.0
1627460502000,0.0
1627460532000,0.0
1627460562000,0.00025433572311495676
1627460592000,0.0
1627460622000,0.0
1627460652000,0.0
1627460682000,0.0
1627460712000,0.0
1627460742000,0.0
1627460772000,0.0
1627460802000,0.0
1627460832000,0.0
1627460862000,0.0
1627460892000,0.0
1627460922000,0.0
1627460952000,0.0
1627460982000,0.0
1627461012000,0.0
1627461042000,0.0
1627461072000,0.0
1627461102000,0.0
1627461132000,0.0
1627461162000,0.0
1627461192000,0.0
1627461222000,0.0
1627461252000,0.0
1627461282000,0.0
1627461312000,0.0
1627461342000,0.0
1627461372000,0.0
1627461402000,0.0
1627461432000,0.0
1627461462000,0.0
1627461492000,0.0
1627461522000,0.0
1627461552000,0.0
1627461582000,0.0
1627461612000,0.0
1627461642000,0.0
1627461672000,0.0
1627461702000,0.0
1627461732000,0.0
1627461762000,0.0
1627461792000,0.0
1627461822000,0.0
1627461852000,0.0
1627461882000,0.0
1627461912000,0.0
1627461942000,0.0
1627461972000,0.0
1627462002000,0.0
1627462032000,0.0
1627462062000,0.0
1627462092000,0.0
1627462122000,0.0
1627462152000,0.0
1627462182000,0.0
1627462212000,0.0
1627462242000,0.0
1627462272000,0.0
1627462302000,0.0
1627462332000,0.0
1627462362000,0.0
1627462392000,0.0
1627462422000,0.0
1627462452000,0.0
1627462482000,0.0
1627462512000,0.0
1627462542000,0.0
1627462572000,0.0
1627462602000,0.0
1627462632000,0.0
1627462662000,0.0
1627462692000,0.0
1627462722000,0.0
1627462752000,0.0
1627462782000,0.0
1627462812000,0.0
1627462842000,0.0
1627462872000,0.0
1627462902000,0.0
1627462932000,0.0
1627462962000,0.0
1627462992000,0.0
1627463022000,0.0
1627463052000,0.0
1627463082000,0.0
1627463112000,0.0
1627463142000,0.0
1627463172000,0.0
1627463202000,0.0
1627463232000,0.0
1627463262000,0.0
1627463292000,0.0
1627463322000,0.0
1627463352000,0.0
1627463382000,0.0
1627463412000,0.0
1627463442000,0.0
1627463472000,0.0
1627463502000,0.0
1627463532000,0.0
1627463562000,0.0
1627463592000,0.0
1627463622000,0.0
1627463652000,0.0
1627463682000,0.0
1627463712000,0.0
1627463742000,0.0
1627463772000,0.0
1627463802000,0.0
1627463832000,0.0
1627463862000,0.0
1627463892000,0.0
1627463922000,0.0
1627463952000,0.0
1627463982000,0.0
1627464012000,0.0
1627464042000,0.0
1627464072000,0.0
1627464102000,0.0
1627464132000,0.0
1627464162000,0.0
1627464192000,0.0
1627464222000,0.0
1627464252000,0.0
1627464282000,0.0
1627464312000,0.0
1627464342000,0.0
1627464372000,0.0
1627464402000,0.0
1627464432000,0.0
1627464462000,0.0
1627464492000,0.0
1627464522000,0.0
1627464552000,0.0
1627464582000,0.0
1627464612000,0.0
1627464642000,0.0
1627464672000,0.0
1627464702000,0.0
1627464732000,0.0
1627464762000,0.0
1627464792000,0.0
1627464822000,0.0
1627464852000,0.0
1627464882000,0.0
1627464912000,0.0
1627464942000,0.0
1627464972000,0.0
1627465002000,0.0
1627465032000,0.0
1627465062000,0.0
1627465092000,0.0
1627465122000,0.0
1627465152000,0.0
1627465182000,0.0
1627465212000,0.0
1627465242000,0.0
1627465272000,0.0
1627465302000,0.0
1627465332000,0.0
1627465362000,0.0
1627465392000,0.0
1627465422000,0.0
1627465452000,0.0
1627465482000,0.0
1627465512000,0.0
1627465542000,0.0
1627465572000,0.0
1627465602000,0.0
1627465632000,0.0
1627465662000,0.0
1627465692000,0.0
1627465722000,0.0
1627465752000,0.0
1627465782000,0.0
1627465812000,0.0
1627465842000,0.0
1627465872000,0.0
1627465902000,0.0
1627465932000,0.0
1627465962000,0.0
1627465992000,0.0
1627466022000,0.0
1627466052000,0.0
1627466082000,0.0
1627466112000,0.0
1627466142000,0.0
1627466172000,0.0
1627466202000,0.0
1627466232000,0.0
1627466262000,0.0
1627466292000,0.0
1627466322000,0.0
1627466352000,0.0
1627466382000,0.0
1627466412000,0.0
1627466442000,0.0
1627466472000,0.0
1627466502000,0.0
1627466532000,0.0
1627466562000,0.0
1627466592000,0.0
1627466622000,0.0
1627466652000,0.0
1627466682000,0.0
1627466712000,0.0
1627466742000,0.0
1627466772000,0.0
1627466802000,0.0
1627466832000,0.0
1627466862000,0.0
1627466892000,0.0
1627466922000,0.0
1627466952000,0.0
1627466982000,0.0
1627467012000,0.0
1627467042000,0.0
1627467072000,0.0
1627467102000,0.0
1627467132000,0.0
1627467162000,0.0
1627467192000,0.0
1627467222000,0.0
1627467252000,0.0
1627467282000,2.6925934861278648e-05
1627467312000,0.0
1627467342000,0.0
1627467372000,0.0
1627467402000,0.0
1627467432000,0.0
1627467462000,0.0
1627467492000,0.0
1627467522000,0.0
1627467552000,0.0
1627467582000,0.0
1627467612000,0.0
1627467642000,0.0
1627467672000,0.0
1627467702000,0.0
1627467732000,0.0
1627467762000,0.0
1627467792000,0.0
1627467822000,0.0
1627467852000,0.0
1627467882000,0.0
1627467912000,0.0
1627467942000,0.0
1627467972000,0.0
1627468002000,0.0
1627468032000,0.0
1627468062000,0.0
1627468092000,0.0
1627468122000,0.0
1627468152000,0.0
1627468182000,0.0
1627468212000,0.0
1627468242000,0.0
1627468272000,0.0
1627468302000,0.0
1627468332000,0.0
1627468362000,0.0
1627468392000,0.0
1627468422000,0.0
1627468452000,0.0
1627468482000,0.0
1627468512000,0.0
1627468542000,0.0
1627468572000,0.0
1627468602000,0.0
1627468632000,0.0
1627468662000,0.0
1627468692000,0.0
1627468722000,0.0
1627468752000,0.0
1627468782000,0.0
1627468812000,0.0
1627468842000,0.0
1627468872000,0.0
1627468902000,0.0
1627468932000,0.0
1627468962000,0.0
1627468992000,0.0
1627469022000,0.0
1627469052000,0.0
1627469082000,0.0
1627469112000,0.0
1627469142000,0.0
1627469172000,0.0
1627469202000,0.0
1627469232000,0.0
1627469262000,0.0
1627469292000,0.0
1627469322000,0.0
1627469352000,0.0
1627469382000,0.0
1627469412000,0.0
1627469442000,0.0
1627469472000,0.0
1627469502000,0.0
1627469532000,0.0
1627469562000,0.0
1627469592000,0.0
1627469622000,0.0
1627469652000,0.0
1627469682000,0.0
1627469712000,0.0
1627469742000,0.0
1627469772000,0.0
1627469802000,0.0
1627469832000,0.0
1627469862000,0.0
1627469892000,0.0
1627469922000,0.0
1627469952000,0.0
1627469982000,0.0
1627470012000,0.0
1627470042000,0.0
1627470072000,0.0
1627470102000,0.0
1627470132000,0.0
1627470162000,0.0
1627470192000,0.0
1627470222000,0.0
1627470252000,0.0
1627470282000,0.0
1627470312000,0.0
1627470342000,0.0
1627470372000,0.0
1627470402000,0.0
1627470432000,0.0
1627470462000,0.0
1627470492000,0.0
1627470522000,0.0
1627470552000,0.0
1627470582000,0.0
1627470612000,0.0
1627470642000,0.0
1627470672000,0.0
1627470702000,0.0
1627470732000,0.0
1627470762000,0.0
1627470792000,0.0
1627470822000,0.0
1627470852000,0.0
1627470882000,0.0
1627470912000,0.0
1627470942000,0.0
1627470972000,0.0
1627471002000,0.0
1627471032000,0.0
1627471062000,0.0
1627471092000,0.0
1627471122000,0.0
1627471152000,0.0
1627471182000,0.0
1627471902000,0.0
1627471932000,0.0
1627471962000,0.0
1627471992000,0.0
1627472022000,0.0
1627472052000,0.0
1627472082000,0.0
1627472112000,0.0
1627472142000,0.0
1627472172000,0.0
1627472202000,0.0
1627472232000,0.0
1627472262000,0.0
1627472292000,0.0
1627472322000,0.0
1627472352000,0.0
1627472382000,0.0
1627472412000,0.0
1627472442000,0.0
1627472472000,0.0
1627472502000,0.0
1627472532000,0.0
1627472562000,0.0
1627472592000,0.0
1627472622000,0.0
1627472652000,0.0
1627472682000,0.0
1627472712000,0.0
1627472742000,0.0
1627472772000,0.0
1627472802000,0.0
1627472832000,0.0
1627472862000,0.0
1627472892000,0.0
1627472922000,0.0
1627472952000,0.0
1627472982000,0.0
1627473012000,0.0
1627473042000,0.0
1627473072000,0.0
1627473102000,0.0
1627473132000,0.0
1627473162000,0.0
1627473192000,0.0
1627473222000,0.0
1627473252000,0.0
1627473282000,0.0
1627473312000,0.0
1627473342000,0.0
1627473372000,0.0
1627473402000,0.0
1627473432000,0.0
1627473462000,0.0
1627473492000,0.0
1627473522000,0.0
1627473552000,0.0
1627473582000,0.0
1627473612000,0.0
1627473642000,0.0
1627473672000,0.0
1627473702000,0.0
1627473732000,0.0
1627473762000,0.0
1627473792000,0.0
1627473822000,0.0
1627473852000,0.0
1627473882000,0.0
1627473912000,0.0
1627473942000,0.0
1627473972000,0.0
1627474002000,0.0
1627474032000,0.0
1627474062000,0.0
1627474092000,0.0
1627474122000,0.0
1627474152000,0.0
1627474182000,0.0
1627474212000,0.0
1627474242000,0.0
1627474272000,0.0
1627474302000,0.0
1627474332000,0.0
1627474362000,0.0
1627474392000,0.0
1627474422000,0.0
1627474452000,0.0
1627474482000,0.0
1627474512000,0.0
1627474542000,0.0
1627474572000,0.0
1627474602000,0.0
1627474632000,0.0
1627474662000,0.0
1627474692000,0.0
1627474722000,0.0
1627474752000,0.0
1627474782000,0.0
1627474812000,0.0
1627474842000,0.0
1627474872000,0.0
1627474902000,0.0
1627474932000,0.0
1627474962000,0.0
1627474992000,0.0
1627475022000,0.0
1627475052000,0.0
1627475082000,0.0
1627475112000,0.0
1627475142000,0.0
1627475172000,0.0
1627475202000,0.0
1627475232000,0.0
1627475262000,0.0
1627475292000,0.0
1627475322000,0.0
1627475352000,0.0
1627475382000,0.0
1627475412000,0.0
1627475442000,0.0
1627475472000,0.0
1627475502000,0.0
1627475532000,0.0
1627475562000,0.0
1627475592000,0.0
1627475622000,0.0
1627475652000,0.0
1627475682000,0.0
1627475712000,0.0
1627475742000,0.0
1627475772000,0.0
1627648932000,0.0
1627648962000,0.0
1627648992000,0.0
1627649022000,0.0
1627649052000,0.0
1627649082000,0.0
1627649112000,0.0
1627649142000,0.0
1627649172000,0.0
1627649202000,0.0
1627649232000,0.0
1627649262000,0.0
1627649292000,0.0
1627649322000,0.0
1627649352000,0.0
1627649382000,0.0
1627649412000,0.0
1627649442000,0.0
1627649472000,0.0
1627649502000,0.0
1627649532000,0.0
1627649562000,0.0
1627649592000,0.0
1627649622000,0.0
1627649652000,1.3541871921182266e-05
1627649682000,0.0
1627649712000,0.0
1627649742000,0.0
1627649772000,0.0
1627649802000,0.0
1627649832000,0.0
1627649862000,0.0
1627649892000,0.0
1627649922000,0.0
1627649952000,0.0
1627649982000,0.0
1627650012000,0.0
1627650042000,0.0
1627650072000,0.0
1627650102000,0.0
1627650132000,0.0
1627650162000,0.0
1627650192000,0.0
1627650222000,0.0
1627650252000,0.0
1627650282000,0.0
1627650312000,0.0
1627650342000,0.0
1627650372000,0.0
1627650402000,0.0
1627650432000,0.0
1627650462000,0.0
1627650492000,0.0
1627650522000,0.0
1627650552000,0.0
1627650582000,0.0
1627650612000,0.0
1627650642000,0.0
1627650672000,0.0
1627650702000,0.0
1627650732000,0.0
1627650762000,0.0
1627650792000,0.0
1627650822000,0.0
1627650852000,0.0
1627650882000,0.0
1627650912000,0.0
1627650942000,0.0
1627650972000,0.0
1627651002000,0.0
1627651032000,0.0
1627651062000,0.0
1627651092000,0.0
1627651122000,0.0
1627651152000,0.0
1627651182000,0.0
1627651212000,0.0
1627651242000,0.0
1627651272000,0.0
1627651302000,0.0
1627651332000,0.0
1627651362000,0.0
1627651392000,0.0
1627651422000,0.0
1627651452000,0.0
1627651482000,0.0
1627651512000,0.0
1627651542000,0.0
1627651572000,0.0
1627651602000,0.0
1627651632000,0.0
1627651662000,0.0
1627651692000,0.0
1627651722000,0.0
1627651752000,0.0
1627651782000,0.0
1627651812000,0.0
1627651842000,0.0
1627651872000,0.0
1627651902000,0.0
1627651932000,0.0
1627651962000,0.0
1627651992000,0.0
1627652022000,0.0
1627652052000,0.0
1627652082000,0.0
1627652112000,0.0
1627652142000,0.0
1627652172000,0.0
1627652202000,0.0
1627652232000,0.0
1627652262000,0.0
1627652292000,0.0
1627652322000,0.0
1627652352000,0.0
1627652382000,0.0
1627652412000,0.0
1627652442000,0.0
1627652472000,0.0
1627652502000,0.0
1627652532000,0.0
1627652562000,0.0
1627652592000,0.0
1627652622000,0.0
1627652652000,0.0
1627652682000,0.0
1627652712000,0.0
1627652742000,0.0
1627652772000,0.0
1627652802000,0.0
1627652832000,0.0
1627652862000,0.0
1627652892000,0.0
1627652922000,0.0
1627652952000,0.0
1627652982000,0.0
1627653012000,0.0
1627653042000,0.0
1627653072000,0.0
1627653102000,0.0
1627653132000,0.0
1627653162000,0.0
1627653192000,0.0
1627653222000,0.0
1627653252000,0.0
1627653282000,0.0
1627653312000,0.0
1627653342000,0.0
1627653372000,0.0
1627653402000,0.0
1627653432000,0.0
1627653462000,0.0
1627653492000,0.0
1627653522000,0.0
1627653552000,0.0
1627653582000,0.0
1627653612000,0.0
1627653642000,0.0
1627653672000,0.0
1627653702000,0.0
1627653732000,0.0
1627653762000,0.0
1627653792000,0.0
1627653822000,0.0
1627653852000,0.0
1627653882000,0.0
1627653912000,0.0
1627653942000,0.0
1627653972000,0.0
1627654002000,0.0
1627654032000,0.0
1627654062000,0.0
1627654092000,0.0
1627654122000,0.0
1627654152000,0.0
1627654182000,0.0
1627654212000,0.0
1627654242000,0.0
1627654272000,0.0
1627654302000,0.0
1627654332000,0.0
1627654362000,0.0
1627654392000,0.0
1627654422000,0.0
1627654452000,0.0
1627654482000,0.0
1627654512000,0.0
1627654542000,0.0
1627654572000,0.0
1627654602000,0.0
1627654632000,0.0
1627654662000,0.0
1627654692000,0.0
1627654722000,0.0
1627654752000,0.0
1627654782000,0.0
1627654812000,0.0
1627654842000,0.0
1627654872000,0.0
1627654902000,0.0
1627654932000,0.0
1627654962000,0.0
1627654992000,0.0
1627655022000,0.0
1627655052000,0.0
1627655082000,0.0
1627655112000,0.0
1627655142000,0.0
1627655172000,0.0
1627655202000,0.0
1627655232000,0.0
1627655262000,0.0
1627655292000,0.0
1627655322000,0.0
1627655352000,0.0
1627655382000,0.0
1627655412000,0.0
1627655442000,0.0
1627655472000,0.0
1627655502000,0.0
1627655532000,0.0
1627655562000,0.0
1627655592000,0.0
1627655622000,0.0
1627655652000,0.0
1627655682000,0.0
1627655712000,0.0
1627655742000,0.0
1627655772000,0.0
1627655802000,0.0
1627655832000,0.0
1627655862000,0.0
1627655892000,0.0
1627655922000,0.0
1627655952000,0.0
1627655982000,0.0
1627656012000,0.0
1627656042000,0.0
1627656072000,0.0
1627656102000,0.0
1627656132000,0.0
1627656162000,0.0
1627656192000,0.0
1627656222000,0.0
1627656252000,0.0
1627656282000,0.0001530906439854192
1627656312000,0.0
1627656342000,0.0
1627656372000,0.0
1627656402000,0.0
1627656432000,0.0
1627656462000,0.0
1627656492000,0.0
1627656522000,0.0
1627656552000,0.0
1627656582000,0.0
1627656612000,0.0
1627656642000,0.0
1627656672000,0.0
1627656702000,0.0
1627656732000,0.0
1627656762000,0.0
1627656792000,0.0
1627656822000,0.0
1627656852000,0.0
1627656882000,0.0
1627656912000,0.0
1627656942000,0.0
1627656972000,0.0
1627657002000,0.0
1627657032000,0.0
1627657062000,0.0
1627657092000,0.0
1627657122000,0.0
1627657152000,0.0
1627657182000,0.0
1627657212000,0.0
1627657242000,0.0
1627657272000,0.0
1627657302000,0.0
1627657332000,0.0
1627657362000,0.0
1627657392000,0.0
1627657422000,0.0
1627657452000,0.0
1627657482000,0.0
1627657512000,0.0
1627657542000,0.0
1627657572000,0.0
1627657602000,0.0
1627657632000,0.0
1627657662000,0.0
1627657692000,0.0
1627657722000,0.0
1627657752000,0.0
1627657782000,0.0
1627657812000,0.0
1627657842000,0.0
1627657872000,0.0
1627657902000,0.0
1627657932000,0.0
1627657962000,0.0
1627657992000,0.0
1627658022000,0.0
1627658052000,0.0
1627658082000,0.0
1627658112000,0.0
1627658142000,0.0
1627658172000,0.0
1627658202000,0.0
1627658232000,0.0
1627658262000,0.0
1627658292000,0.0
1627658322000,0.0
1627658352000,0.0
1627658382000,0.0
1627658412000,0.0
1627658442000,0.0
1627658472000,0.0
1627658502000,0.0
1627658532000,0.0
1627658562000,0.0
1627658592000,0.0
1627658622000,0.0
1627658652000,0.0
1627658682000,0.0
1627658712000,0.0
1627658742000,0.0
1627658772000,0.0
1627658802000,0.0
1627658832000,0.0
1627658862000,0.0
1627658892000,0.0
1627658922000,0.0
1627658952000,0.0
1627658982000,0.0
1627659012000,0.0
1627659042000,0.0
1627659072000,0.0
1627659102000,0.0
1627659132000,0.0
1627659162000,0.0
1627659192000,0.0
1627659222000,0.0
1627659252000,0.0
1627659282000,0.0
1627659312000,0.0
1627659342000,0.0
1627659372000,0.0
1627659402000,0.0
1627659432000,0.0
1627659462000,0.0
1627659492000,0.0
1627659522000,0.0
1627659552000,0.0
1627659582000,0.0
1627659612000,0.0
1627659642000,0.0
1627659672000,0.0
1627659702000,0.0
1627659732000,0.0
1627659762000,0.0
1627659792000,0.0
1627659822000,0.0
1627659852000,0.0
1627659882000,0.0
1627659912000,0.0
1627659942000,0.0
1627659972000,0.0
1627660002000,0.0
1627660032000,0.0
1627660062000,0.0
1627660092000,0.0
1627660122000,0.0
1627660152000,0.0
1627660182000,0.0
1627660212000,0.0
1627660242000,0.0
1627660272000,0.0
1627660302000,0.0
1627660332000,0.0
1627660362000,0.0
1627660392000,0.0
1627660422000,0.0
1627660452000,0.0
1627660482000,0.0
1627660512000,0.0
1627660542000,0.0
1627660572000,0.0
1627660602000,0.0
1627660632000,0.0
1627660662000,0.0
1627660692000,0.0
1627660722000,0.0
1627660752000,0.0
1627660782000,0.00017238146341463416
1627475802000,0.0
1627475832000,0.0
1627475862000,0.0
1627475892000,0.0
1627475922000,0.0
1627475952000,0.0
1627475982000,0.0
1627476012000,0.0
1627476042000,0.0
1627476072000,0.0
1627476102000,0.0
1627476132000,0.0
1627476162000,0.0
1627476192000,0.0
1627476222000,0.0
1627476252000,0.0
1627476282000,0.0
1627476312000,0.0
1627476342000,0.0
1627476372000,0.0
1627476402000,0.0
1627476432000,0.0
1627476462000,0.0
1627476492000,0.0
1627476522000,0.0
1627476552000,0.0
1627476582000,0.0
1627476612000,0.0
1627476642000,0.0
1627476672000,0.0
1627476702000,0.0
1627476732000,0.0
1627476762000,0.0
1627476792000,0.0
1627476822000,0.0
1627476852000,0.0
1627476882000,0.0
1627476912000,0.0
1627476942000,0.0
1627476972000,0.0
1627477002000,0.0
1627477032000,0.0
1627477062000,0.0
1627477092000,0.0
1627477122000,0.0
1627477152000,0.0
1627477182000,0.0
1627477212000,0.0
1627477242000,0.0
1627477272000,0.0
1627477302000,0.0
1627477332000,0.0
1627477362000,0.0
1627477392000,0.0
1627477422000,0.0
1627477452000,0.0
1627477482000,0.0
1627477512000,0.0
1627477542000,0.0
1627477572000,0.0
1627477602000,0.0
1627477632000,0.0
1627477662000,0.0
1627477692000,0.0
1627477722000,0.0
1627477752000,0.0
1627477782000,0.0
1627477812000,0.0
1627477842000,0.0
1627477872000,0.0
1627477902000,0.0
1627477932000,0.0
1627477962000,0.0
1627477992000,0.0
1627478022000,0.0
1627478052000,0.0
1627478082000,0.0
1627478112000,0.0
1627478142000,0.0
1627478172000,0.0
1627478202000,0.0
1627478232000,0.0
1627478262000,0.0
1627478292000,0.0
1627478322000,0.0
1627478352000,0.0
1627478382000,0.0
1627478412000,0.0
1627478442000,0.0
1627478472000,0.0
1627478502000,0.0
1627478532000,0.0
1627478562000,0.0
1627478592000,0.0
1627478622000,0.0
1627478652000,0.0
1627478682000,0.0
1627478712000,0.0
1627478742000,0.0
1627478772000,0.0
1627478802000,0.0
1627478832000,0.0
1627478862000,0.0
1627478892000,0.0
1627478922000,0.0
1627478952000,0.0
1627478982000,0.0
1627479012000,0.0
1627479042000,0.0
1627479072000,0.0
1627479102000,0.0
1627479132000,0.0
1627479162000,0.0
1627479192000,0.0
1627479222000,0.0
1627479252000,0.0
1627479282000,0.0
1627479312000,0.0
1627479342000,0.0
1627479372000,0.0
1627479402000,0.0
1627479432000,0.0
1627479462000,0.0
1627479492000,0.0
1627479522000,0.0
1627479552000,0.0
1627479582000,0.0
1627479612000,0.0
1627479642000,0.0
1627479672000,0.0
1627479702000,0.0
1627479732000,0.0
1627479762000,0.0
1627479792000,0.0
1627479822000,0.0
1627479852000,0.0
1627479882000,0.0
1627479912000,0.0
1627479942000,0.0
1627479972000,0.0
1627480002000,0.0
1627480032000,0.0
1627480062000,0.0
1627480092000,0.0
1627480122000,0.0
1627480152000,0.0
1627480182000,0.0
1627480212000,0.0
1627480242000,0.0
1627480272000,0.0
1627480302000,0.0
1627480332000,0.0
1627480362000,0.0
1627480392000,0.0
1627480422000,0.0
1627480452000,0.0
1627480482000,0.0
1627480512000,0.0
1627480542000,0.0
1627480572000,0.0
1627480602000,8.169076644538322e-05
1627480632000,0.0
1627480662000,0.0
1627480692000,0.0
1627480722000,0.0
1627480752000,0.0
1627480782000,0.0
1627480812000,0.0
1627480842000,0.0
1627480872000,0.0
1627480902000,0.0
1627480932000,0.0
1627480962000,0.0
1627480992000,0.0
1627481022000,0.0
1627481052000,0.0
1627481082000,0.0
1627481112000,0.0
1627481142000,0.0
1627481172000,0.0
1627481202000,0.0
1627481232000,0.0
1627481262000,0.0
1627481292000,0.0
1627481322000,0.0
1627481352000,0.0
1627481382000,0.0
1627481412000,0.0
1627481442000,0.0
1627481472000,0.0
1627481502000,0.0
1627481532000,0.0
1627481562000,0.0
1627481592000,0.0
1627481622000,0.0
1627481652000,0.0
1627481682000,0.0
1627481712000,0.0
1627481742000,0.0
1627481772000,0.0
1627481802000,0.0
1627481832000,0.0
1627481862000,0.0
1627481892000,0.0
1627481922000,0.0
1627481952000,0.0
1627481982000,0.0
1627482012000,0.0
1627482042000,0.0
1627482072000,0.0
1627482102000,0.0
1627482132000,0.0
1627482162000,0.0
1627482192000,0.0
1627482222000,0.0
1627482252000,0.0
1627482282000,0.0
1627482312000,0.0
1627482342000,0.0
1627482372000,0.0
1627482402000,0.0
1627482432000,0.0
1627482462000,0.0
1627482492000,0.0
1627482522000,0.0
1627482552000,0.0
1627482582000,0.0
1627482612000,0.0
1627482642000,0.0
1627482672000,0.0
1627482702000,0.0
1627482732000,0.0
1627482762000,0.0
1627482792000,0.0
1627482822000,0.0
1627482852000,0.0
1627482882000,0.0
1627482912000,0.0
1627482942000,0.0
1627482972000,0.0
1627483002000,0.0
1627483032000,0.0
1627483062000,0.0
1627483092000,0.0
1627483122000,0.0
1627483152000,0.0
1627483182000,0.0
1627483212000,0.0
1627483242000,0.0
1627483272000,0.0
1627483302000,0.0
1627483332000,0.0
1627483362000,0.0
1627483392000,0.0
1627483422000,0.0
1627483452000,0.0
1627483482000,0.0
1627483512000,0.0
1627483542000,0.0
1627483572000,0.0
1627483602000,0.0
1627483632000,0.0
1627483662000,0.0
1627483692000,0.0
1627483722000,0.0
1627483752000,0.0
1627483782000,0.0
1627483812000,0.0
1627483842000,0.0
1627483872000,0.0
1627483902000,0.0
1627483932000,0.0
1627483962000,0.0
1627483992000,0.0
1627484022000,0.0
1627484052000,0.0
1627484082000,0.0
1627484112000,0.0
1627484142000,0.0
1627484172000,0.0
1627484202000,0.0
1627484232000,0.0
1627484322000,0.0
1627484352000,0.0
1627484382000,0.0
1627484412000,0.0
1627484442000,0.0
1627484472000,0.0
1627484502000,0.0
1627484532000,0.0
1627484562000,0.0
1627484592000,0.0
1627484622000,0.0
1627484652000,0.0
1627484682000,0.0
1627484712000,0.0001374083538083538
1627484742000,0.0
1627484772000,0.0
1627484802000,0.0
1627484832000,0.0
1627484862000,0.0
1627484892000,0.0
1627484922000,0.0
1627484952000,0.0
1627484982000,6.62110701107011e-05
1627485012000,0.0
1627485042000,0.0
1627485072000,0.0
1627485102000,0.0
1627485132000,0.0
1627485162000,0.0
1627485192000,0.0
1627485222000,0.0
1627485252000,0.0
1627485282000,0.0
1627485312000,0.0
1627485342000,0.0
1627485372000,0.0
1627485402000,0.0004652361858190709
1627485432000,0.0
1627485462000,0.0
1627485492000,0.0
1627485522000,0.0
1627485552000,0.0
1627485582000,0.0
1627485612000,0.0
1627485642000,0.0
1627485672000,0.0
1627485702000,0.0
1627485732000,0.0
1627485762000,0.0
1627485792000,0.0
1627485822000,0.0
1627485852000,0.0
1627485882000,0.0
1627485912000,0.0
1627485942000,0.0
1627485972000,0.0
1627486002000,0.0
1627486032000,0.0
1627486062000,0.0
1627486092000,0.0
1627486122000,0.0
1627486152000,0.0
1627486182000,0.0
1627486212000,0.0
1627486242000,0.0
1627486272000,0.0
1627486302000,0.0
1627486332000,0.0
1627486362000,0.0
1627486392000,0.0
1627486422000,0.0
1627486452000,0.0
1627486482000,0.0
1627486512000,0.0
1627486542000,0.0
1627486572000,0.0
1627486602000,0.0
1627486632000,0.0
1627486662000,0.0
1627486692000,0.0
1627486722000,0.0
1627486752000,0.0
1627486782000,0.0
1627486812000,0.0
1627486842000,0.0
1627486872000,0.0
1627486902000,0.0
1627486932000,0.0
1627486962000,0.0
1627486992000,0.0
1627487022000,0.0
1627487052000,0.0
1627487082000,0.0
1627487112000,0.0
1627487142000,0.0
1627487172000,0.0
1627487202000,0.0
1627487232000,0.0
1627487262000,0.0
1627487292000,0.0
1627487322000,0.0
1627487352000,0.0
1627487382000,0.0
1627487412000,0.0
1627487442000,0.0
1627487472000,0.0
1627487502000,0.0
1627487532000,0.0
1627487562000,0.0
1627487592000,0.0
1627487622000,0.0
1627487682000,0.0
1627487712000,0.0
1627487742000,0.0
1627487772000,0.0
1627487802000,0.0
1627487832000,0.0
1627487862000,0.0
1627487892000,0.0
1627487922000,0.0
1627487952000,0.00014471336963097398
1627487982000,0.0
1627660812000,0.0
1627660842000,0.0
1627660872000,0.0
1627660902000,0.00014180327471194663
1627660932000,0.0
1627660962000,0.0
1627660992000,0.0
1627661022000,0.0
1627661052000,0.0
1627661082000,0.0
1627661112000,0.0
1627661142000,0.0
1627661172000,0.0
1627661202000,0.0
1627661232000,0.0
1627661262000,0.0
1627661292000,0.0
1627661322000,0.0
1627661352000,0.0
1627661382000,0.0
1627661412000,0.0
1627661442000,0.0
1627661472000,0.0
1627661502000,0.0
1627661532000,0.0
1627661562000,0.0
1627661592000,0.0
1627661622000,0.0
1627661652000,0.0
1627661682000,0.0
1627661712000,0.0
1627661742000,0.0
1627661772000,0.0
1627661802000,1.2622881880024737e-05
1627661832000,0.0
1627661862000,0.0
1627661892000,0.0
1627661922000,0.0
1627661952000,0.0
1627661982000,0.0
1627662012000,0.0
1627662042000,0.0
1627662072000,0.0
1627662102000,0.0
1627662132000,0.0
1627662162000,0.0
1627662192000,0.0
1627662222000,0.0
1627662252000,0.0
1627662282000,0.0
1627662312000,0.0
1627662342000,0.0
1627662372000,0.0
1627662402000,0.0
1627662432000,0.0
1627662462000,0.0
1627662492000,0.0
1627662522000,0.0
1627662552000,0.0
1627662582000,0.0
1627662612000,0.0
1627662642000,0.0
1627662672000,0.0
1627662702000,0.0
1627662732000,0.0
1627662762000,0.0
1627662792000,0.0
1627662822000,0.0
1627662852000,0.0
1627662882000,0.0
1627662912000,0.0
1627662942000,0.0
1627662972000,0.0
1627663002000,0.0
1627663032000,0.0
1627663062000,0.0
1627663092000,0.0
1627663122000,0.0
1627663152000,0.0
1627663182000,0.0
1627663212000,0.0
1627663242000,0.0
1627663272000,0.0
1627663302000,0.0
1627663332000,0.0
1627663362000,0.0
1627663392000,0.0
1627663422000,0.0
1627663452000,0.0
1627663482000,0.0
1627663512000,0.0
1627663542000,0.0
1627663572000,0.0
1627663602000,0.0
1627663632000,0.0
1627663662000,0.0
1627663692000,0.0
1627663722000,0.0
1627663752000,0.0
1627663782000,0.0
1627663812000,0.0
1627663842000,0.0
1627663872000,0.0
1627663902000,0.0
1627663932000,0.0
1627663962000,0.0
1627663992000,0.0
1627664022000,0.00016093536957849724
1627664052000,0.0
1627664082000,0.0
1627664112000,0.0
1627664142000,0.0
1627664172000,0.0
1627664202000,0.0
1627664232000,0.00016873333333333333
1627664262000,0.0
1627664292000,0.0
1627664322000,0.0
1627664352000,0.0
1627664382000,0.0
1627664412000,0.0
1627664442000,0.0
1627664472000,0.0
1627664502000,0.0
1627664532000,0.0
1627664562000,0.0
1627664592000,0.0
1627664622000,0.0
1627664652000,0.0
1627664682000,0.0
1627664712000,0.0
1627664742000,0.0
1627664772000,0.0
1627664802000,0.0
1627664832000,0.0
1627664862000,0.0
1627664892000,0.0
1627664922000,0.0
1627664952000,0.0
1627664982000,0.0
1627665012000,0.0
1627665042000,0.0
1627665072000,0.0
1627665102000,0.0
1627665132000,0.0
1627665162000,0.0
1627665192000,0.0
1627665222000,0.0
1627665252000,0.0
1627665282000,0.0
1627665312000,2.045507788161994e-05
1627665342000,0.0
1627665372000,0.0
1627665402000,0.0
1627665432000,0.0
1627665462000,0.0
1627665492000,0.0
1627665522000,0.0
1627665552000,0.0
1627665582000,0.0
1627665612000,0.0
1627665642000,0.0
1627665672000,0.0
1627665702000,0.0
1627665732000,0.0
1627665762000,0.0
1627665792000,0.0
1627665822000,0.0
1627665852000,0.0
1627665882000,0.0
1627665912000,0.0
1627665942000,0.0
1627665972000,0.0
1627666002000,0.0
1627666032000,0.0
1627666062000,0.0
1627666092000,0.0
1627666122000,0.0
1627666152000,0.0
1627666182000,0.0
1627666212000,0.0
1627666242000,0.00015525453438831405
1627666272000,0.0
1627666302000,0.0
1627666332000,0.0
1627666362000,0.0
1627666392000,0.0
1627666422000,0.0
1627666452000,0.0
1627666482000,0.0
1627666512000,0.0
1627666542000,0.0
1627666572000,0.0
1627666602000,0.0
1627666632000,0.0
1627666662000,0.0
1627666692000,0.0
1627666722000,0.0
1627666752000,0.0
1627666782000,0.0
1627666812000,0.0
1627666842000,0.0
1627666872000,0.0
1627666902000,0.0
1627666932000,0.0
1627666962000,0.0
1627666992000,0.0
1627667022000,0.0
1627667052000,0.0
1627667082000,0.0
1627667112000,0.0
1627667142000,0.0
1627667172000,0.0
1627667202000,0.0
1627667232000,0.0
1627667262000,0.0
1627667292000,0.0
1627667322000,0.0
1627667352000,0.0
1627667382000,0.0
1627667412000,0.0
1627667442000,0.0
1627667472000,0.0
1627667502000,0.0
1627667532000,0.0
1627667562000,0.0
1627667592000,0.0
1627667622000,0.0
1627667652000,0.0
1627667682000,0.0
1627667712000,0.0
1627667742000,0.0
1627667772000,0.0
1627667802000,0.0
1627667832000,0.0
1627667862000,0.0
1627667892000,0.0
1627667922000,0.0
1627667952000,0.0
1627667982000,0.0
1627668012000,0.0
1627668042000,0.0
1627668072000,0.0
1627668102000,0.0
1627668132000,0.0
1627668162000,0.0
1627668192000,0.0
1627668222000,0.0
1627668252000,6.050562347188264e-05
1627668282000,0.0
1627668312000,0.0
1627668342000,0.0
1627668372000,0.0
1627668402000,0.0
1627668432000,0.0
1627668462000,0.0
1627668492000,0.0
1627668522000,0.0
1627668552000,0.0
1627668582000,0.0
1627668612000,0.0
1627668642000,0.0
1627668672000,0.0
1627668702000,0.0
1627668732000,0.0
1627668762000,0.0
1627668792000,0.0
1627668822000,0.0
1627668852000,0.0
1627668882000,0.0
1627668912000,0.0
1627668942000,0.0
1627668972000,0.0
1627669002000,0.0
1627669032000,0.0
1627669062000,0.0
1627669092000,0.0
1627669122000,0.0
1627669152000,0.0
1627669182000,0.0
1627669212000,0.0
1627669242000,0.0
1627669272000,0.0
1627669302000,0.0
1627669332000,0.0
1627669362000,0.0
1627669392000,0.0
1627669422000,0.0
1627669452000,0.0
1627669482000,0.0
1627669512000,0.0
1627669542000,0.0
1627669572000,0.0
1627669602000,0.0
1627669632000,0.0
1627669662000,0.0
1627669692000,0.0
1627669722000,0.0
1627669752000,0.0
1627669782000,0.0
1627669812000,0.0
1627669842000,0.0
1627669872000,0.0
1627669902000,0.0
1627669932000,0.0
1627669962000,0.0
1627669992000,0.0
1627670022000,0.0
1627670052000,0.0
1627670082000,0.0
1627670112000,0.0
1627670142000,0.0
1627670172000,0.0
1627670202000,0.0
1627670232000,0.0
1627670262000,0.0
1627670292000,0.0
1627670322000,0.0
1627670352000,0.0
1627670382000,0.0
1627670412000,0.0
1627670442000,0.0004223248192771084
1627670472000,0.0
1627670502000,0.0
1627670532000,0.0
1627670562000,0.0
1627670592000,0.0
1627670622000,0.0
1627670652000,0.0
1627670682000,0.0
1627670712000,0.0
1627670742000,0.0
1627670772000,0.0
1627670802000,0.0
1627670832000,0.0
1627670862000,0.0
1627670892000,0.0
1627670922000,0.0
1627670952000,0.0
1627670982000,0.0
1627671012000,0.0
1627671042000,0.0
1627671072000,0.0
1627671102000,0.0
1627671132000,0.0
1627671162000,0.0
1627671192000,0.0
1627671222000,0.0
1627671252000,0.0
1627671282000,0.0
1627671312000,0.0
1627671342000,0.0
1627671372000,0.0
1627671402000,0.0
1627671432000,0.0
1627671462000,0.0
1627671492000,0.0
1627671522000,0.0
1627671552000,0.0
1627671582000,0.0
1627671612000,0.0
1627671642000,0.0
1627671672000,0.0
1627671702000,0.0
1627671732000,0.0
1627671762000,0.0
1627671792000,0.0
1627671822000,0.0
1627671852000,0.0
1627671882000,0.0
1627671912000,0.0
1627671942000,0.0
1627671972000,0.0
1627672002000,0.0
1627672032000,0.0
1627672062000,0.0
1627672092000,0.0
1627672122000,0.0
1627672152000,0.0
1627672182000,0.0
1627672212000,0.0
1627672242000,0.0
1627672272000,0.0
1627672302000,0.0
1627672332000,0.0
1627672362000,0.0
1627672392000,0.0
1627672422000,0.0
1627672452000,0.0
1627672482000,0.0
1627672512000,0.0
1627672542000,0.0
1627672572000,0.0
1627672602000,0.0
1627672632000,0.0
1627672662000,0.0
1627672692000,0.0
1627672722000,0.0
1627672752000,0.0
1627672782000,0.0
1627672812000,0.0
1627672842000,0.0
1627672872000,0.0
1627672902000,0.0
1627672932000,0.0
1627672962000,0.0
1627672992000,0.0
1627673022000,0.0
1627673052000,0.0
1627673082000,0.0
1627673112000,0.0
1627673142000,0.0
1627673172000,0.0
1627673202000,0.0
1627673232000,0.0
1627673262000,0.0
1627673292000,0.0
1627673322000,0.0
1627673352000,0.0
1627673382000,0.0
1627673412000,0.0
1627673442000,0.0
1627673472000,0.0
1627673502000,0.0
1627673532000,0.0
1627673562000,0.0
1627673592000,0.0
1627673622000,0.0
1627673652000,0.0
1627673682000,0.0
1627673712000,0.0
1627673742000,0.0
1627673772000,0.0
1627673802000,0.0
1627673832000,0.0
1627673862000,0.0
1627673892000,0.0
1627673922000,0.0
1627673952000,0.0
1627673982000,0.0
1627674012000,0.0
1627674042000,0.0
1627674072000,0.0
1627674102000,0.0
1627674132000,0.0
1627674162000,0.0
1627674192000,0.0
1627674222000,0.0
1627674252000,0.0
1627674282000,0.0
1627674312000,0.0
1627674342000,0.0
1627674372000,0.0
1627674402000,0.0
1627674432000,0.0
1627674462000,0.0
1627674492000,0.0
1627674522000,0.0
1627674552000,0.0
1627674582000,0.0
1627674612000,0.0
1627674642000,0.0
1627674672000,0.0
1627674702000,0.0
1627674732000,0.0
1627674762000,0.0
1627674792000,0.0
1627674822000,0.0
1627674852000,0.0
1627674882000,0.0
1627674912000,0.0
1627674942000,0.0
1627674972000,0.0
1627675002000,0.0
1627675032000,0.0
1627675062000,0.0
1627675092000,0.0
1627675122000,0.0
1627675152000,0.0
1627675182000,0.0
1627675212000,0.0
1627675242000,0.0
1627675272000,0.0
1627675302000,0.0
1627675332000,0.0
1627675362000,0.0
1627675392000,0.0
1627675422000,0.0
1627675452000,0.0
1627675482000,0.0
1627675512000,0.0
1627675542000,0.0
1627675572000,0.0
1627675602000,0.0
1627675632000,0.0
1627675662000,0.0
1627675692000,0.0
1627675722000,0.0
1627675752000,0.0
1627675782000,0.0
1627675812000,0.0
1627675842000,0.0
1627675872000,0.0
1627675902000,0.0
1627675932000,0.0
1627675962000,0.0
1627675992000,0.0
1627676022000,0.0
1627676052000,0.0
1627676082000,0.0
1627676112000,0.0
1627676142000,0.0
1627676172000,0.0
1627676202000,0.0
1627676232000,0.0
1627676262000,0.0
1627676292000,0.0
1627676322000,0.0
1627676352000,0.0
1627676382000,0.0
1627676412000,0.0
1627676442000,0.0
1627676472000,0.0
1627676502000,0.0
1627676532000,0.0
1627676562000,0.0
1627676592000,0.0
1627676622000,0.0
1627676652000,0.0
1627676682000,0.0
1627676712000,0.0
1627676742000,0.0
1627676772000,0.0
1627676802000,0.0
1627676832000,0.0
1627676862000,0.0
1627676892000,0.0
1627676922000,0.0
1627676952000,0.0
1627676982000,0.0
1627677012000,0.0
1627677042000,0.0
1627677072000,0.0
1627677102000,0.0
1627677132000,0.0
1627677162000,0.0
1627677192000,0.0
1627677222000,0.0
1627677252000,0.0
1627677282000,0.0
1627677312000,0.0
1627677342000,0.0
1627677372000,0.0
1627677402000,0.0
1627677432000,0.0
1627677462000,0.0
1627677492000,0.0
1627677522000,0.0
1627677552000,0.0
1627677582000,0.0
1627677612000,0.0
1627677642000,0.0
1627677672000,0.0
1627677702000,0.0
1627677732000,0.0
1627677762000,0.0
1627677792000,0.0
1627677822000,0.00029894117647058825
1627677852000,0.0
1627677882000,0.0
1627677912000,0.0
1627677942000,0.0
1627677972000,0.0
1627678002000,0.0
1627678032000,0.0
1627678062000,0.0
1627678092000,0.0
1627678122000,0.0
1627678152000,0.0
1627678182000,0.0
1627678212000,0.0
1627678242000,0.0
1627678272000,0.0
1627678302000,0.0
1627678332000,0.0
1627678362000,0.0
1627678392000,0.0
1627678422000,0.0
1627678452000,0.0
1627678482000,0.0
1627678512000,0.0
1627678542000,8.424773561811507e-05
1627678572000,0.0
1627678602000,4.669393753827312e-05
1627678632000,0.0
1627678662000,0.0
1627678692000,0.0
1627678722000,0.0
1627678752000,0.0
1627678782000,0.0
1627678812000,0.0
1627678842000,0.0
1627678872000,0.0
1627678902000,0.0
1627678932000,0.0
1627678962000,0.0
1627678992000,0.0
1627679022000,0.0
1627679052000,0.0
1627679082000,0.0
1627679112000,0.0
1627679142000,0.0
1627679172000,0.0
1627679202000,0.0
1627679232000,0.0
1627679262000,0.0
1627679292000,0.0
1627679322000,0.0
1627679352000,0.0
1627679382000,0.0
1627679412000,0.0
1627679442000,0.0
1627679472000,0.0
1627679502000,0.0
1627679532000,0.0
1627679562000,0.0
1627679592000,0.0
1627679622000,0.0
1627679652000,0.0
1627679682000,0.0
1627679712000,0.0
1627679742000,0.0
1627679772000,0.0
1627679802000,0.0
1627679832000,0.0
1627679862000,0.0
1627679892000,0.0
1627679922000,0.0
1627679952000,0.0
1627679982000,0.0
1627680012000,0.0
1627680042000,0.0
1627680072000,0.0
1627680102000,0.0
1627680132000,0.0
1627680162000,0.0
1627680192000,0.0
1627680222000,0.0
1627680252000,0.0
1627680282000,0.0
1627680312000,0.0
1627680342000,0.0
1627680372000,0.0
1627680402000,0.0
1627680432000,0.0
1627680462000,0.0
1627680492000,0.0
1627680522000,0.0
1627680552000,0.0
1627680582000,0.0
1627680612000,0.0
1627680642000,0.0
1627680672000,0.0
1627680702000,0.0
1627680732000,0.0
1627680762000,0.0
1627680792000,0.0
1627680822000,0.0
1627680852000,0.0
1627680882000,0.0
1627680912000,0.0
1627680942000,0.0
1627680972000,0.0
1627681002000,0.0
1627681032000,0.000482278905775076
1627681062000,0.0
1627681092000,0.0
1627681122000,0.0
1627681152000,0.0
1627681182000,0.0
1627681212000,0.0
1627681242000,0.0
1627681272000,0.0
1627681302000,0.0
1627681332000,0.0
1627681362000,0.0
1627681392000,0.0
1627681422000,0.0
1627681452000,0.0
1627681482000,0.0
1627681512000,0.0
1627681542000,0.0
1627681572000,0.0
1627681602000,0.0
1627681632000,0.0
1627681662000,0.0
1627681692000,0.0
1627681722000,0.0
1627681752000,0.0
1627681782000,0.0
1627681812000,0.0
1627681842000,0.0
1627681872000,0.0
1627681902000,0.0
1627681932000,0.0
1627681962000,0.0
1627681992000,0.0
1627682022000,0.0
1627682052000,0.0
1627682082000,0.0
1627682112000,0.0
1627682142000,0.0
1627682172000,0.0
1627682202000,0.0
1627682232000,0.0
1627682262000,0.0
1627682292000,0.0
1627682322000,0.0
1627682352000,0.0
1627682382000,0.0
1627682412000,0.0
1627682442000,0.0
1627682472000,0.0
1627682502000,0.0
1627682532000,0.0
1627682562000,0.0
1627682592000,0.0
1627682622000,0.0
1627682652000,0.0
1627682682000,0.0
1627682712000,0.0
1627682742000,0.0
1627682772000,0.0
1627682802000,0.0
1627682832000,0.0
1627682862000,0.0
1627682892000,0.0
1627682922000,0.0
1627682952000,0.0
1627682982000,0.0
1627683012000,0.0
1627683042000,0.0
1627683072000,0.0
1627683102000,0.0
1627683132000,0.0
1627683162000,0.0
1627683192000,0.0
1627683222000,0.0
1627683252000,0.0
1627683282000,0.0
1627683312000,0.0
1627683342000,0.0
1627683372000,0.0
1627683402000,0.0
1627683432000,0.0
1627683462000,0.0
1627683492000,0.0
1627683522000,0.0
1627683552000,0.0
1627683582000,0.0
1627683612000,0.0
1627683642000,0.0
1627683672000,0.0
1627683702000,0.0
1627683732000,0.0
1627683762000,0.0
1627683792000,0.0
1627683822000,0.0
1627683852000,0.0
1627683882000,0.0
1627683912000,0.0
1627683942000,0.0
1627683972000,0.0
1627684002000,0.0
1627684032000,0.0
1627684062000,0.0
1627684092000,0.0
1627684122000,0.0
1627684152000,0.0
1627684182000,0.0
1627684212000,0.0
1627684242000,0.0
1627684272000,0.0
1627684302000,0.0
1627684332000,0.0
1627684362000,0.0
1627684392000,0.0
1627684422000,0.0
1627684452000,0.0
1627684482000,0.0
1627684512000,0.0
1627684542000,0.0
1627684572000,0.0
1627684602000,5.80720194647202e-05
1627684662000,0.0
1627684692000,0.0
1627684722000,0.0
1627684752000,0.0
1627684782000,0.0
1627684812000,0.0
1627684842000,0.0
1627684872000,0.0
1627684902000,0.0
1627684932000,0.0
1627684962000,0.0
1627684992000,0.0
1627685022000,0.0
1627685052000,0.0
1627685082000,0.0
1627685112000,9.70718826405868e-05
1627685142000,0.0
1627685172000,0.0
1627685202000,0.0
1627685232000,0.0
1627685262000,0.0
1627685292000,0.0
1627685322000,0.0
1627685352000,0.0
1627685382000,0.0
1627685412000,0.0
1627685442000,0.0
1627685472000,0.0
1627685502000,0.0
1627685532000,0.0
1627685562000,0.0
1627685592000,0.0
1627685622000,0.0
1627685652000,0.0
1627685682000,0.0
1627685712000,0.0
1627685742000,0.0
1627685772000,0.0
1627685802000,0.0
1627685832000,0.0
1627685862000,0.0
1627685892000,0.0
1627685922000,0.0
1627685952000,0.0
1627685982000,0.0
1627686012000,0.0
1627686042000,0.0
1627686072000,0.0
1627686102000,0.0
1627686132000,0.0
1627686162000,0.0
1627686192000,0.0
1627686222000,0.0
1627686252000,0.0
1627686282000,0.0
1627686312000,0.0
1627686342000,0.0
1627686372000,0.0
1627686402000,0.0
1627686432000,0.0
1627686462000,0.0
1627686492000,0.0
1627686522000,0.0
1627686552000,0.0
1627686582000,0.0
1627686612000,0.0
1627686642000,0.0
1627686672000,0.0
1627686702000,0.0
1627686732000,0.0
1627686762000,0.0
1627686792000,0.0
1627686822000,0.0
1627686852000,0.0
1627686882000,0.0003064709716354858
1627686912000,0.0
1627686942000,0.0
1627686972000,0.0
1627687002000,0.0
1627687032000,0.0
1627687062000,0.0
1627687092000,0.0
1627687122000,0.0
1627687152000,0.0
1627687182000,0.0
1627687212000,0.0
1627687242000,0.0
1627687272000,0.0
1627687302000,0.0
1627687332000,0.0
1627687362000,0.00010663529411764706
1627687392000,0.0
1627687422000,0.0
1627687452000,0.0
1627687482000,0.0
1627687512000,0.0
1627687542000,0.0
1627687572000,0.0
1627687602000,0.0
1627687632000,0.0
1627687662000,0.0
1627687692000,0.0
1627687722000,0.0
1627687752000,0.0
1627687782000,0.0
1627687812000,0.0
1627687842000,0.0
1627687872000,0.0
1627687902000,0.0
1627687932000,0.0
1627687962000,0.0
1627687992000,0.0
1627688022000,0.0
1627688052000,0.0
1627688082000,0.0
1627688112000,0.0
1627688142000,2.0760518198642814e-05
1627688172000,0.0
1627688202000,0.0
1627688232000,0.0
1627688262000,0.0
1627688292000,0.0
1627688322000,0.0
1627688352000,0.0
1627688382000,0.0
1627688412000,0.0
1627688442000,0.0
1627688472000,0.0
1627688502000,0.0
1627688532000,0.0
1627688562000,0.0
1627688592000,0.0
1627688622000,0.0
1627688652000,0.0
1627688682000,0.0
1627688712000,0.0
1627688742000,0.0
1627688772000,0.0
1627688802000,0.0
1627688832000,0.0
1627688862000,0.0
1627688892000,0.0
1627688922000,0.0
1627688952000,0.0
1627688982000,0.0
1627689012000,0.0
1627689042000,0.0
1627689072000,0.0
1627689102000,0.0
1627689132000,0.0
1627689162000,0.0
1627689192000,0.0
1627689222000,0.0
1627689252000,0.0
1627689282000,0.0
1627689312000,0.0
1627689342000,0.0
1627689372000,2.1704089219330855e-05
1627689402000,0.0
1627689432000,0.0
1627689462000,0.0
1627689492000,0.0
1627689522000,0.0
1627689552000,0.0
1627689582000,0.0
1627689612000,0.0
1627689642000,0.0
1627689672000,0.0
1627689702000,0.0
1627689732000,0.0
1627689762000,0.0
1627689792000,0.0
1627689822000,0.0
1627689852000,0.0
1627689882000,0.0
1627689912000,0.0
1627689942000,0.0
1627689972000,0.0
1627690002000,0.0
1627690032000,0.0
1627690062000,0.0
1627690092000,0.0
1627690122000,0.0
1627690152000,0.0
1627690182000,0.0
1627690212000,0.0
1627690242000,0.0
1627690272000,0.0
1627690302000,0.0
1627690332000,0.0
1627690362000,0.0
1627690392000,0.0
1627690422000,0.0
1627690452000,0.0
1627690482000,0.0
1627690512000,0.0
1627690542000,0.0
1627690572000,0.0
1627690602000,0.0
1627690632000,0.0
1627690662000,0.0
1627690692000,0.000210705596107056
1627690722000,0.0
1627690752000,0.0
1627690782000,0.0
1627690812000,0.0
1627690842000,0.0
1627690872000,0.0
1627690902000,0.0
1627690932000,0.0
1627690962000,0.0
1627690992000,0.0
1627691022000,0.0
1627691052000,0.0
1627691082000,0.0
1627691112000,0.0
1627691142000,0.0
1627691172000,0.0
1627691202000,0.0
1627691232000,0.0
1627691262000,0.0
1627691292000,0.0
1627691322000,0.0
1627691352000,0.0
1627691382000,0.0
1627691412000,0.0
1627691442000,0.0
1627691472000,0.0
1627691502000,0.0
1627691532000,0.0
1627691562000,0.0
1627691592000,0.0
1627691622000,0.0
1627691652000,0.0
1627691682000,0.0
1627691712000,0.0
1627691742000,0.0
1627691772000,0.0
1627691802000,0.0
1627691832000,0.0
1627691862000,0.0
1627691892000,0.0
1627691922000,0.0
1627691952000,0.0
1627691982000,0.0
1627692012000,0.0
1627692042000,0.0
1627692072000,0.0
1627692102000,0.0
1627692132000,0.0
1627692162000,0.0
1627692192000,0.0
1627692222000,0.0
1627692252000,0.0
1627692282000,0.0
1627692312000,0.0
1627692342000,0.0
1627692372000,0.0
1627692402000,0.0
1627692432000,0.0
1627692462000,0.0
1627692492000,0.0
1627692522000,0.0
1627692552000,0.0
1627692582000,0.0
1627692612000,0.0
1627692642000,0.0
1627692672000,0.0
1627692702000,0.0
1627692732000,0.0
1627692762000,0.0
1627692792000,0.0
1627692822000,0.0
1627692852000,0.0
1627692882000,0.0
1627692912000,0.0
1627692942000,0.0
1627692972000,0.0
1627693002000,0.0
1627693032000,0.0
1627693062000,0.0
1627693092000,0.0
1627693122000,0.0
1627693152000,0.0
1627693182000,0.0
1627693212000,0.0
1627693242000,0.0
1627693272000,0.0
1627693302000,0.0
1627693332000,0.0
1627693362000,0.0
1627693392000,0.0
1627693422000,0.0
1627693452000,0.0
1627693482000,0.0
1627693512000,0.0
1627693542000,0.0
1627693572000,0.0
1627693602000,0.0
1627693632000,0.0
1627693662000,0.0
1627693692000,0.0
1627693722000,0.0
1627693752000,0.0
1627693782000,0.0
1627693812000,0.0
1627693842000,0.0
1627693872000,0.0
1627693902000,0.0
1627693932000,0.0
1627693962000,0.0
1627693992000,0.0
1627694022000,0.0
1627694052000,0.0
1627694082000,0.0
1627694112000,0.0
1627694142000,0.0
1627694172000,0.0
1627694202000,0.0
1627694232000,0.0
1627694262000,0.0
1627694292000,0.0
1627694322000,0.0
1627694352000,0.0
1627694382000,0.0
1627694412000,0.0
1627694442000,0.0
1627694472000,5.307654320987654e-06
1627694502000,0.0
1627694532000,8.419028887523049e-05
1627694562000,0.0
1627694592000,0.0
1627694622000,0.0
1627694652000,0.0
1627694682000,0.0
1627694712000,0.0
1627694742000,0.0
1627694772000,0.0
1627694802000,0.0
1627694832000,0.0
1627694862000,0.0
1627694892000,0.0
1627694922000,0.0
1627694952000,0.0
1627694982000,0.0
1627695012000,0.0
1627695042000,0.0
1627695072000,0.0
1627695102000,0.0
1627695132000,0.0
1627695162000,1.4692345679012344e-05
1627695192000,0.0
1627695222000,0.0
1627695252000,0.0
1627695282000,0.0
1627695312000,0.0
1627695342000,0.0
1627695372000,0.0
1627695402000,0.0
1627695432000,0.0
1627695462000,0.0
1627695492000,0.0
1627695522000,0.0
1627695552000,0.0
1627695582000,0.0
1627695612000,0.0
1627695642000,0.0
1627695672000,0.0
1627695702000,0.0
1627695732000,0.0
1627695762000,0.0
1627695792000,0.0
1627695822000,0.0
1627695852000,0.0
1627695882000,0.0
1627695912000,0.0
1627695942000,0.0
1627695972000,0.0
1627696002000,0.0
1627696032000,0.0
1627696062000,0.0
1627696092000,0.0
1627696122000,0.0
1627696152000,0.0
1627696182000,0.0
1627696212000,0.0
1627696242000,4.592610539067232e-06
1627696272000,0.0
1627696302000,0.0
1627696332000,6.294762484774665e-06
1627696362000,0.0
1627696392000,0.0
1627696422000,0.0
1627696452000,0.0
1627696482000,0.0
1627696512000,0.0
1627696542000,0.0
1627696572000,0.0
1627696602000,0.0
1627696632000,0.0
1627696662000,0.0
1627696692000,0.0
1627696722000,0.0
1627696752000,0.0
1627696782000,0.0
1627696812000,0.0
1627696842000,0.0
1627696872000,0.0
1627696902000,0.0
1627696932000,0.0
1627696962000,0.0
1627696992000,0.0
1627697022000,0.0
1627697052000,0.0
1627697082000,0.0
1627697112000,0.0
1627697142000,0.0
1627697172000,0.0
1627697202000,0.0
1627697232000,0.0
1627697262000,0.0
1627697292000,0.0
1627697322000,0.0
1627697352000,0.0
1627697382000,0.0
1627697412000,0.0
1627697442000,0.0
1627697472000,0.0
1627697502000,0.0
1627697532000,0.0
1627697562000,0.0
1627697592000,0.0
1627697622000,0.0
1627697652000,0.0
1627697682000,0.0
1627697712000,0.0
1627697742000,0.0
1627697772000,0.0
1627697802000,0.0
1627697832000,0.0
1627697862000,0.0
1627697892000,0.0
1627697922000,0.0
1627697952000,0.0
1627697982000,0.0
1627698012000,0.0
1627698042000,0.0
1627698072000,0.0
1627698102000,0.0
1627698132000,0.0
1627698162000,0.0
1627698192000,0.0
1627698222000,0.0
1627698252000,0.0
1627698282000,0.0
1627698312000,0.0
1627698342000,0.0
1627698372000,0.0
1627698402000,0.0
1627698432000,0.0
1627698462000,0.0
1627698492000,0.0
1627698522000,0.0
1627698552000,0.0
1627698582000,0.0
1627698612000,0.0
1627698642000,0.0
1627698672000,0.0
1627698702000,0.0
1627698732000,0.0
1627698762000,0.0
1627698792000,0.0
1627698822000,0.0
1627698852000,0.0
1627698882000,0.0
1627698912000,0.0
1627698942000,0.0
1627698972000,0.0
1627699002000,0.0
1627699032000,0.0
1627699062000,0.0
1627699092000,0.0
1627699122000,0.0
1627699152000,0.0
1627699182000,0.0
1627699212000,0.0
1627699242000,0.0
1627699272000,0.0
1627699302000,0.0
1627699332000,0.0
1627699362000,0.0
1627699392000,0.0
1627699422000,0.0
1627699452000,0.0
1627699482000,0.0
1627699512000,0.0
1627699542000,0.0
1627699572000,0.0
1627699602000,0.0
1627699632000,0.0
1627699662000,0.0
1627699692000,0.0
1627699722000,0.0
1627699752000,0.0
1627699782000,0.0
1627699812000,0.0
1627699842000,0.0
1627699872000,0.0
1627699902000,0.0
1627699932000,0.0
1627699962000,0.0
1627699992000,0.0
1627700022000,0.0
1627700052000,0.0
1627700082000,0.0
1627700112000,0.0
1627700142000,0.0
1627700172000,0.0
1627700202000,0.0
1627700232000,0.0
1627700262000,0.0
1627700292000,0.0
1627700322000,0.0
1627700352000,0.0
1627700382000,0.0
1627700412000,0.0
1627700442000,0.0
1627700472000,0.0
1627700502000,0.0
1627700532000,0.0
1627700562000,0.0
1627700592000,0.0
1627700622000,0.0
1627700652000,0.0
1627700682000,0.0
1627700712000,0.0
1627700742000,0.0
1627700772000,0.0
1627700802000,0.0
1627700832000,0.0
1627700862000,0.0
1627700892000,0.0
1627700922000,0.0
1627700952000,0.0
1627700982000,0.0
1627701012000,0.0
1627701042000,0.0
1627701072000,0.0
1627701102000,0.0
1627701132000,0.0
1627701162000,0.0
1627701192000,0.0
1627701222000,0.0
1627701252000,0.0
1627701282000,0.0
1627701312000,0.0
1627701342000,0.0
1627701372000,0.0
1627701402000,0.0
1627701432000,0.0
1627701462000,0.0
1627701492000,0.0
1627701522000,0.0
1627701552000,0.0
1627701582000,0.0
1627701612000,0.0
1627701642000,0.0
1627701672000,0.0
1627701702000,0.0
1627701732000,0.0
1627701762000,0.0
1627701792000,0.0
1627701822000,0.0
1627701852000,0.0
1627701882000,0.0
1627701912000,0.0
1627701942000,0.0
1627701972000,0.0
1627702002000,0.0
1627702032000,0.0
1627702062000,0.0
1627702092000,0.0
1627702122000,0.0
1627702152000,0.0
1627702182000,0.0
1627702212000,0.0
1627702242000,0.0
1627702272000,0.0
1627702302000,0.0
1627702332000,0.0
1627702362000,0.0
1627702392000,0.0
1627702422000,0.0
1627702452000,0.0
1627702482000,0.0
1627702512000,0.0
1627702542000,0.0
1627702572000,0.0
1627702602000,0.0
1627702632000,0.0
1627702662000,0.0
1627702692000,0.0
1627702722000,0.0
1627702752000,0.0
1627702782000,0.0
1627702812000,0.0
1627702842000,0.0
1627702872000,0.0
1627702902000,0.0
1627702932000,0.0
1627702962000,0.0
1627702992000,0.0
1627703022000,0.0
1627703052000,0.0
1627703082000,0.0
1627703112000,0.0
1627703142000,0.0
1627703172000,0.0
1627703202000,0.0
1627703232000,0.0
1627703262000,0.0
1627703292000,0.0
1627703322000,0.0
1627703352000,0.0
1627703382000,0.0
1627703412000,0.0
1627703442000,0.0
1627703472000,0.0
1627703502000,0.0
1627703532000,0.0
1627703562000,0.0
1627703592000,0.0
1627703622000,0.0
1627703652000,0.0
1627703682000,0.0
1627703712000,0.0
1627703742000,0.0
1627703772000,0.0
1627703802000,0.0
1627703832000,0.0
1627703862000,0.0
1627703892000,0.0
1627703922000,0.0
1627703952000,0.0
1627703982000,0.0
1627704012000,0.0
1627704042000,0.0
1627704072000,0.0
1627704102000,0.0
1627704132000,0.0
1627704162000,0.0
1627704192000,0.0
1627704222000,0.0
1627704252000,0.0
1627704282000,0.0
1627704312000,0.0
1627704342000,0.0
1627704372000,0.0
1627704402000,0.0
1627704432000,0.0
1627704462000,0.0
1627704492000,0.0
1627704522000,0.0
1627704552000,0.0
1627704582000,0.0
1627704612000,0.0
1627704642000,0.0
1627704672000,0.0
1627704702000,0.0
1627704732000,0.0
1627704762000,0.0
1627704792000,0.0
1627704822000,0.0
1627704852000,0.0
1627704882000,0.0
1627704912000,0.0
1627704942000,0.0
1627704972000,0.0
1627705002000,0.0
1627705032000,0.0
1627705062000,0.0
1627705092000,0.0
1627705122000,0.0
1627705152000,0.0
1627705182000,0.0
1627705212000,0.0
1627705242000,0.0
1627705272000,0.0
1627705302000,0.0
1627705332000,0.0
1627705362000,0.0
1627705392000,0.0
1627705422000,0.0
1627705452000,0.0
1627705482000,0.0
1627705512000,0.0
1627705542000,0.0
1627705572000,0.0
1627705602000,0.0
1627705632000,0.0
1627705662000,0.0
1627705692000,0.0
1627705722000,0.0
1627705752000,0.0
1627705782000,0.0
1627705812000,0.0
1627705842000,0.0
1627705872000,0.0
1627705902000,0.0
1627705932000,0.0
1627705962000,0.0
1627705992000,0.0
1627706022000,0.0
1627706052000,0.0
1627706082000,0.0
1627706112000,0.0
1627706142000,0.0
1627706172000,0.0
1627706202000,0.0
1627706232000,0.0
1627706262000,0.0
1627706292000,0.0
1627706322000,0.0
1627706352000,0.0
1627706382000,0.0
1627706412000,0.0
1627706442000,0.0
1627706472000,0.0
1627706502000,0.0
1627706532000,0.0
1627706562000,0.0
1627706592000,0.0
1627706622000,0.0
1627706652000,0.0
1627706682000,0.0
1627706712000,0.0
1627706742000,0.0
1627706772000,0.0
1627706802000,0.0
1627706832000,0.0
1627706862000,0.0
1627706892000,0.0
1627706922000,0.0
1627706952000,0.0
1627706982000,0.0
1627707012000,0.0
1627707042000,0.0
1627707072000,0.0
1627707102000,0.0
1627707132000,0.0
1627707162000,0.0
1627707192000,0.0
1627707222000,0.0
1627707252000,0.0
1627707282000,0.0
1627707312000,0.0
1627707342000,0.0
1627707372000,0.0
1627707402000,0.0
1627707432000,0.0
1627707462000,0.0
1627707492000,0.0
1627707522000,0.0
1627707552000,0.0
1627707582000,0.0
1627707612000,0.0
1627707642000,0.0
1627707672000,0.0
1627707702000,0.0
1627707732000,0.0
1627707762000,0.0
1627707792000,0.0
1627707822000,0.0
1627707852000,0.0
1627707882000,0.0
1627707912000,0.0
1627707942000,0.0
1627707972000,0.0
1627708002000,0.0
1627708032000,0.0
1627708062000,0.0
1627708092000,0.0
1627708122000,0.0
1627708152000,0.0
1627708182000,0.0
1627708212000,0.0
1627708242000,0.0
1627708272000,0.0
1627708302000,0.0
1627708332000,0.0
1627708362000,0.0
1627708392000,0.0
1627708422000,0.0
1627708452000,0.0
1627708482000,0.0
1627708512000,0.0
1627708542000,0.0
1627708572000,0.0
1627708602000,0.0
1627708632000,0.0
1627708662000,0.0
1627708692000,0.0
1627708722000,0.0
1627708752000,0.0
1627708782000,0.0
1627708812000,0.0
1627708842000,0.0
1627708872000,0.0
1627708902000,0.0
1627708932000,0.0
1627708962000,0.0
1627708992000,0.0
1627709022000,0.0
1627709052000,0.0
1627709082000,0.0
1627709112000,0.0
1627709142000,0.0
1627709172000,0.0
1627709202000,0.0
1627709232000,0.0
1627709262000,0.0
1627709292000,0.0
1627709322000,0.0
1627709352000,0.0
1627709382000,0.0
1627709412000,0.0
1627709442000,0.0
1627709472000,0.0
1627709502000,0.0
1627709532000,0.0
1627709562000,0.0
1627709592000,0.0
1627709622000,0.0
1627709652000,0.0
1627709682000,0.0
1627709712000,0.0
1627709742000,0.0
1627709772000,0.0
1627709802000,0.0
1627709832000,0.0
1627709862000,0.0
1627709892000,0.0
1627709922000,0.0
1627709952000,0.0
1627709982000,0.0
1627710012000,0.0
1627710042000,0.0
1627710072000,0.0
1627710102000,0.0
1627710132000,0.0
1627710162000,0.0
1627710192000,0.0
1627710222000,0.0
1627710252000,0.0
1627710282000,0.0
1627710312000,0.0
1627710342000,0.0
1627710372000,0.0
1627710402000,0.0
1627710432000,0.0
1627710462000,0.0
1627710492000,0.0
1627710522000,0.0
1627710552000,0.0
1627710582000,0.0
1627710612000,0.0
1627710642000,0.0
1627710672000,0.0
1627710702000,0.0
1627710732000,0.0
1627710762000,0.0
1627710792000,0.0
1627710822000,0.0
1627710852000,0.0
1627710882000,0.0
1627710912000,0.0
1627710942000,0.0
1627710972000,0.0
1627711002000,0.0
1627711032000,0.0
1627711062000,0.0
1627711092000,0.0
1627711122000,0.0
1627711152000,0.0
1627711182000,0.0
1627711212000,0.0
1627711242000,0.0
1627711272000,0.0
1627711302000,0.0
1627711332000,0.0
1627711362000,0.0
1627711392000,0.0
1627711422000,0.0
1627711452000,0.0
1627711482000,0.0
1627711512000,0.0
1627711542000,0.0
1627711572000,0.0
1627711602000,0.0
1627711632000,0.0
1627711662000,0.0
1627711692000,0.0
1627711722000,0.0
1627711752000,0.0
1627711782000,0.0
1627711812000,0.0
1627711842000,0.0
1627711872000,0.0
1627711902000,0.0
1627711932000,0.0
1627711962000,0.0
1627711992000,0.0
1627712022000,0.0
1627712052000,0.0
1627712082000,0.0
1627712112000,0.0
1627712142000,0.0
1627712172000,0.0
1627712202000,0.0
1627712232000,0.0
1627712262000,0.0
1627712292000,0.0
1627712322000,0.0
1627712352000,0.0
1627712382000,0.0
1627712412000,0.0
1627712442000,0.0
1627712472000,0.0
1627712502000,0.0
1627712532000,0.0
1627712562000,0.0
1627712592000,0.0
1627712622000,0.0
1627712652000,0.0
1627712682000,0.0
1627712712000,0.0
1627712742000,0.0
1627712772000,0.0
1627712802000,0.0
1627712832000,0.0
1627712862000,0.0
1627712892000,0.0
1627712922000,0.0
1627712952000,0.0
1627712982000,0.0
1627713012000,0.0
1627713042000,0.0
1627713072000,0.0
1627713102000,0.0
1627713132000,0.0
1627713162000,0.0
1627713192000,0.0
1627713222000,0.0
1627713252000,0.0
1627713282000,0.0
1627713312000,0.0
1627713342000,0.0
1627713372000,0.0
1627713402000,0.0
1627713432000,0.0
1627713462000,0.0
1627713492000,0.0
1627713522000,0.0
1627713552000,0.0
1627713582000,0.0
1627713612000,0.0
1627713642000,0.0
1627713672000,0.0
1627713702000,0.0
1627713732000,0.0
1627713762000,0.0
1627713792000,0.0
1627713822000,0.0
1627713852000,0.0
1627713882000,0.0
1627713912000,0.0
1627713942000,0.0
1627713972000,0.0
1627714002000,0.0
1627714032000,0.0
1627714062000,0.0
1627714092000,0.0
1627714122000,0.0
1627714152000,0.0
1627714182000,0.0
1627714212000,0.0
1627714242000,0.0
1627714272000,0.0
1627714302000,0.0
1627714332000,0.0
1627714362000,0.0
1627714392000,0.0
1627714422000,0.0
1627714452000,0.0
1627714482000,0.0
1627714512000,0.0
1627714542000,0.0
1627714572000,0.0
1627714602000,0.0
1627714632000,0.0
1627714662000,0.0
1627714692000,0.0
1627714722000,0.0
1627714752000,0.0
1627714782000,0.0
1627714812000,0.0
1627714842000,0.0
1627714872000,0.0
1627714902000,0.0
1627714932000,0.0
1627714962000,0.0
1627714992000,0.0
1627715022000,0.0
1627715052000,0.0
1627715082000,0.0
1627715112000,0.0
1627715142000,0.0
1627715172000,0.0
1627715202000,0.0
1627715232000,0.0
1627715262000,0.0
1627715292000,0.0
1627715322000,0.0
1627715352000,0.0
1627715382000,0.0
1627715412000,0.0
1627715442000,0.0
1627715472000,0.0
1627715502000,0.0
1627715532000,0.0
1627715562000,0.0
1627715592000,0.0
1627715622000,0.0
1627715652000,0.0
1627715682000,0.0
1627715712000,0.0
1627715742000,0.0
1627715772000,0.0
1627715802000,0.0
1627715832000,0.0
1627715862000,0.0
1627715892000,0.0
1627715922000,0.0
1627715952000,0.0
1627715982000,0.0
1627716012000,0.0
1627716042000,0.0
1627716072000,0.0
1627716102000,0.0
1627716132000,0.0
1627716162000,0.0
1627716192000,0.0
1627716222000,0.0
1627716252000,0.0
1627716282000,0.0
1627716312000,0.0
1627716342000,0.0
1627716372000,0.0
1627716402000,0.0
1627716432000,0.0
1627716462000,0.0
1627716492000,0.0
1627716522000,0.0
1627716552000,0.0
1627716582000,0.0
1627716612000,0.0
1627716642000,0.0
1627716672000,0.0
1627716702000,0.0
1627716732000,0.0
1627716762000,0.0
1627716792000,0.0
1627716822000,0.0
1627716852000,0.0
1627716882000,0.0
1627716912000,0.0
1627716942000,0.0
1627716972000,0.0
1627717002000,0.0
1627717032000,0.0
1627717062000,0.0
1627717092000,0.0
1627717122000,0.0
1627717152000,0.0
1627717182000,0.0
1627717212000,0.0
1627717242000,0.0
1627717272000,0.0
1627717302000,0.0
1627717332000,0.0
1627717362000,0.0
1627717392000,0.0
1627717422000,0.0
1627717452000,0.0
1627717482000,0.0
1627717512000,0.0
1627717542000,0.0
1627717572000,0.0
1627717602000,0.0
1627717632000,0.0
1627717662000,0.0
1627717692000,0.0
1627717722000,0.0
1627717752000,0.0
1627717782000,0.0
1627717812000,0.0
1627717842000,0.0
1627717872000,0.0
1627717902000,0.0
1627717932000,0.0
1627717962000,0.0
1627717992000,0.0
1627718022000,0.0
1627718052000,0.0
1627718082000,0.0
1627718112000,0.0
1627718142000,0.0
1627718172000,0.0
1627718202000,0.0
1627718232000,0.0
1627718262000,0.0
1627718292000,0.0
1627718322000,0.0
1627718352000,0.0
1627718382000,0.0
1627718412000,0.0
1627718442000,0.0
1627718472000,0.0
1627718502000,0.0
1627718532000,0.0
1627718562000,0.0
1627718592000,0.0
1627718622000,0.0
1627718652000,0.0
1627718682000,0.0
1627718712000,0.0
1627718742000,0.0
1627718772000,0.0
1627718802000,0.0
1627718832000,0.0
1627718862000,0.0
1627718892000,0.0
1627718922000,0.0
1627718952000,0.0
1627718982000,0.0
1627719012000,0.0
1627719042000,0.0
1627719072000,0.0
1627719102000,0.0
1627719132000,0.0
1627719162000,0.0
1627719192000,0.0
1627719222000,0.0
1627719252000,0.0
1627719282000,0.0
1627719312000,0.0
1627719342000,0.0
1627719372000,0.0
1627719402000,0.0
1627719432000,0.0
1627719462000,0.0
1627719492000,0.0
1627719522000,0.0
1627719552000,0.0
1627719582000,0.0
1627719612000,0.0
1627719642000,0.0
1627719672000,0.0
1627719702000,0.0
1627719732000,0.0
1627719762000,0.0
1627719792000,0.0
1627719822000,0.0
1627719852000,0.0
1627719882000,0.0
1627719912000,0.0
1627719942000,0.0
1627719972000,0.0
1627720002000,0.0
1627720032000,0.0
1627720062000,0.0
1627720092000,0.0
1627720122000,0.0
1627720152000,0.0
1627720182000,0.0
1627720212000,0.0
1627720242000,0.0
1627720272000,0.0
1627720302000,0.0
1627720332000,0.0
1627720362000,0.0
1627720392000,0.0
1627720422000,0.0
1627720452000,0.0
1627720482000,0.0
1627720512000,0.0
1627720542000,0.0
1627720572000,0.0
1627720602000,0.0
1627720632000,0.0
1627720662000,0.0
1627720692000,0.0
1627720722000,0.0
1627720752000,0.0
1627720782000,0.0
1627720812000,0.0
1627720842000,0.0
1627720872000,0.0
1627720902000,0.0
1627720932000,0.0
1627720962000,0.0
1627720992000,0.0
1627721022000,0.0
1627721052000,0.0
1627721082000,0.0
1627721112000,0.0
1627721142000,0.0
1627721172000,0.0
1627721202000,0.0
1627721232000,0.0
1627721262000,0.0
1627721292000,0.0
1627721322000,0.0
1627721352000,0.0
1627721382000,0.0
1627721412000,0.0
1627721442000,0.0
1627721472000,0.0
1627721502000,0.0
1627721532000,0.0
1627721562000,0.0
1627721592000,0.0
1627721622000,0.0
1627721652000,0.0
1627721682000,0.0
1627721712000,0.0
1627721742000,0.0
1627721772000,0.0
1627721802000,0.0
1627721832000,0.0
1627721862000,0.0
1627721892000,0.0
1627721922000,0.0
1627721952000,0.0
1627721982000,0.0
1627722012000,0.0
1627722042000,0.0
1627722072000,0.0
1627722102000,0.0
1627722132000,0.0
1627722162000,0.0
1627722192000,0.0
1627722222000,0.0
1627722252000,0.0
1627722282000,0.0
1627722312000,0.0
1627722342000,0.0
1627722372000,0.0
1627722402000,0.0
1627722432000,0.0
1627722462000,0.0
1627722492000,0.0
1627722522000,0.0
1627722552000,0.0
1627722582000,0.0
1627722612000,0.0
1627722642000,0.0
1627722672000,0.0
1627722702000,0.0
1627722732000,0.0
1627722762000,0.0
1627722792000,0.0
1627722822000,0.0
1627722852000,0.0
1627722882000,0.0
1627722912000,0.0
1627722942000,0.0
1627722972000,0.0
1627723002000,0.0
1627723032000,0.0
1627723062000,0.0
1627723092000,0.0
1627723122000,0.0
1627723152000,0.0
1627723182000,0.0
1627723212000,0.0
1627723242000,0.0
1627723272000,0.0
1627723302000,0.0
1627723332000,0.0
1627723362000,0.0
1627723392000,0.0
1627723422000,0.0
1627723452000,0.0
1627723482000,0.0
1627723512000,0.0
1627723542000,0.0
1627723572000,0.0
1627723602000,0.0
1627723632000,0.0
1627723662000,0.0
1627723692000,0.0
1627723722000,0.0
1627723752000,0.0
1627723782000,0.0
1627723812000,0.0
1627723842000,0.0
1627723872000,0.0
1627723902000,0.0
1627723932000,0.0
1627723962000,0.0
1627723992000,0.0
1627724022000,0.0
1627724052000,0.0
1627724082000,0.0
1627724112000,0.0
1627724142000,0.0
1627724172000,0.0
1627724202000,0.0
1627724232000,0.0
1627724262000,0.0
1627724292000,0.0
1627724322000,0.0
1627724352000,0.0
1627724382000,0.0
1627724412000,0.0
1627724442000,0.0
1627724472000,0.0
1627724502000,0.0
1627724532000,0.0
1627724562000,0.0
1627724592000,0.0
1627724622000,0.0
1627724652000,0.0
1627724682000,0.0
1627724712000,0.0
1627724742000,0.0
1627724772000,0.0
1627724802000,0.0
1627724832000,0.0
1627724862000,0.0
1627724892000,0.0
1627724922000,0.0
1627724952000,0.0
1627724982000,0.0
1627725012000,0.0
1627725042000,0.0
1627725072000,0.0
1627725102000,0.0
1627725132000,0.0
1627725162000,0.0
1627725192000,0.0
1627725222000,0.0
1627725252000,0.0
1627725282000,0.0
1627725312000,0.0
1627725342000,0.0
1627725372000,0.0
1627725402000,0.0
1627725432000,0.0
1627725462000,0.0
1627725492000,0.0
1627725522000,0.0
1627725552000,0.0
1627725582000,0.0
1627725612000,0.0
1627725642000,0.0
1627725672000,0.0
1627725702000,0.0
1627725732000,0.0
1627725762000,0.0
1627725792000,0.0
1627725822000,0.0
1627725852000,0.0
1627725882000,0.0
1627725912000,0.0
1627725942000,0.0
1627725972000,0.0
1627726002000,0.0
1627726032000,0.0
1627726062000,0.0
1627726092000,0.0
1627726122000,0.0
1627726152000,0.0
1627726182000,0.0
1627726212000,0.0
1627726242000,0.0
1627726272000,0.0
1627726302000,0.0
1627726332000,0.0
1627726362000,0.0
1627726392000,0.0
1627726422000,0.0
1627726452000,0.0
1627726482000,0.0
1627726512000,0.0
1627726542000,0.0
1627726572000,0.0
1627726602000,0.0
1627726632000,0.0
1627726662000,0.0
1627726692000,0.0
1627726722000,0.0
1627726752000,0.0
1627726782000,0.0
1627726812000,0.0
1627726842000,0.0
1627726872000,0.0
1627726902000,0.0
1627726932000,0.0
1627726962000,0.0
1627726992000,0.0
1627727022000,0.0
1627727052000,0.0
1627727082000,0.0
1627727112000,0.0
1627727142000,0.0
1627727172000,0.0
1627727202000,0.0
1627727232000,0.0
1627727262000,0.0
1627727292000,0.0
1627727322000,0.0
1627727352000,0.0
1627727382000,0.0
1627727412000,0.0
1627727442000,0.0
1627727472000,0.0
1627727502000,0.0
1627727532000,0.0
1627727562000,0.0
1627727592000,0.0
1627727622000,0.0
1627727652000,0.0
1627727682000,0.0
1627727712000,0.0
1627727742000,0.0
1627727772000,0.0
1627727802000,0.0
1627727832000,0.0
1627727862000,0.0
1627727892000,0.0
1627727922000,0.0
1627727952000,0.0
1627727982000,0.0
1627728012000,0.0
1627728042000,0.0
1627728072000,0.0
1627728102000,0.0
1627728132000,0.0
1627728162000,0.0
1627728192000,0.0
1627728222000,0.0
1627728252000,0.0
1627728282000,0.0
1627728312000,0.0
1627728342000,0.0
1627728372000,0.0
1627728402000,0.0
1627728432000,0.0
1627728462000,0.0
1627728492000,0.0
1627728522000,0.0
1627728552000,0.0
1627728582000,0.0
1627728612000,0.0
1627728642000,0.0
1627728672000,0.0
1627728702000,0.0
1627728732000,0.0
1627728762000,0.0
1627728792000,0.0
1627728822000,0.0
1627728852000,0.0
1627728882000,0.0
1627728912000,0.0
1627728942000,0.0
1627728972000,0.0
1627729002000,0.0
1627729032000,0.0
1627729062000,0.0
1627729092000,0.0
1627729122000,0.0
1627729152000,0.0
1627729182000,0.0
1627729212000,0.0
1627729242000,0.0
1627729272000,0.0
1627729302000,0.0
1627729332000,0.0
1627729362000,0.0
1627729392000,0.0
1627729422000,0.0
1627729452000,0.0
1627729482000,0.0
1627729512000,0.0
1627729542000,0.0
1627729572000,0.0
1627729602000,0.0
1627729632000,0.0
1627729662000,0.0
1627729692000,0.0
1627729722000,0.0
1627729752000,0.0
1627729782000,0.0
1627729812000,0.0
1627729842000,0.0
1627729872000,0.0
1627729902000,0.0
1627729932000,0.0
1627729962000,0.0
1627729992000,0.0
1627730022000,0.0
1627730052000,0.0
1627730082000,0.0
1627730112000,0.0
1627730142000,0.0
1627730172000,0.0
1627730202000,0.0
1627730232000,0.0
1627730262000,0.0
1627730292000,0.0
1627730322000,0.0
1627730352000,0.0
1627730382000,0.0
1627730412000,0.0
1627730442000,0.0
1627730472000,0.0
1627730502000,0.0
1627730532000,0.0
1627730562000,0.0
1627730592000,0.0
1627730622000,0.0
1627730652000,0.0
1627730682000,0.0
1627730712000,0.0
1627730742000,0.0
1627730772000,0.0
1627730802000,0.0
1627730832000,0.0
1627730862000,0.0
1627730892000,0.0
1627730922000,0.0
1627730952000,0.0
1627730982000,0.0
1627731012000,0.0
1627731042000,0.0
1627731072000,0.0
1627731102000,0.0
1627731132000,0.0
1627731162000,0.0
1627731192000,0.0
1627731222000,0.0
1627731252000,0.0
1627731282000,0.0
1627731312000,0.0
1627731342000,0.0
1627731372000,0.0
1627731402000,0.0
1627731432000,0.0
1627731462000,0.0
1627731492000,0.0
1627731522000,0.0
1627731552000,0.0
1627731582000,0.0
1627731612000,0.0
1627731642000,0.0
1627731672000,0.0
1627731702000,0.0
1627731732000,0.0
1627731762000,0.0
1627731792000,0.0
1627731822000,0.0
1627731852000,0.0
1627731882000,0.0
1627731912000,0.0
1627731942000,0.0
1627731972000,0.0
1627732002000,0.0
1627732032000,0.0
1627732062000,0.0
1627732092000,0.0
1627732122000,0.0
1627732152000,0.0
1627732182000,0.0
1627732212000,0.0
1627732242000,0.0
1627732272000,0.0
1627732302000,0.0
1627732332000,0.0
1627732362000,0.0
1627732392000,0.0
1627732422000,0.0
1627732452000,0.0
1627732482000,0.0
1627732512000,0.0
1627732542000,0.0
1627732572000,0.0
1627732602000,0.0
1627732632000,0.0
1627732662000,0.0
1627732692000,0.00011923266301035952
1627732722000,0.0
1627732752000,0.0
1627732782000,0.0
1627732812000,0.0
1627732842000,0.0
1627732872000,0.0
1627732902000,0.0
1627732932000,0.0
1627732962000,0.0
1627732992000,0.0
1627733022000,0.0
1627733052000,0.0
1627733082000,0.0
1627733112000,0.0
1627733142000,0.0
1627733172000,0.0
1627733202000,0.0
1627733232000,0.0
1627733262000,0.0
1627733292000,0.0
1627733322000,0.0
1627733352000,0.0
1627733382000,0.0
1627733412000,0.0
1627733442000,0.0
1627733472000,0.0
1627733502000,0.0
1627733532000,0.0
1627733562000,0.0
1627733592000,0.0
1627733622000,0.0
1627733652000,0.0
1627733682000,0.0
1627733712000,0.0
1627733742000,0.0
1627733772000,0.0
1627733802000,0.0
1627733832000,0.0
1627733862000,0.0
1627733892000,0.0
1627733922000,0.0
1627733952000,0.0
1627733982000,0.0
1627734012000,0.0
1627734042000,0.0
1627734072000,0.0
1627734102000,0.0
1627734132000,0.0
1627734162000,0.0
1627734192000,0.0
1627734222000,0.0
1627734252000,0.0
1627734282000,0.0
1627734312000,0.0
1627734342000,0.0
1627734372000,0.0
1627734402000,0.0
1627734432000,0.0
1627734462000,0.0
1627734492000,0.0
1627734522000,0.0
1627734552000,0.0
1627734582000,0.0
1627734612000,0.0
1627734642000,0.0
1627734672000,0.0
1627734702000,0.0
1627734732000,0.0
1627734762000,0.0
1627734792000,0.0
1627734822000,0.0
1627734852000,0.0
1627734882000,0.0
1627734912000,0.0
1627734942000,0.0
1627734972000,0.0
1627735002000,0.0
1627735032000,0.0
1627735062000,0.0
1627735092000,0.0
1627735122000,0.0
1627735152000,0.0
1627735182000,0.0
1627735212000,0.0
1627735242000,0.0
1627735272000,0.0
1627735302000,0.0
1627735332000,0.0
1627735362000,0.0
1627735392000,0.0
1627735422000,0.0
1627735452000,0.0
1627735482000,0.0
1627735512000,0.0
1627735542000,0.0
1627735572000,0.0
1627735602000,0.0
1627735632000,0.0
1627735662000,0.0
1627735692000,0.0
1627735722000,0.0
1627735752000,0.0
1627735782000,0.0
1627735812000,0.0
1627735842000,0.0
1627735872000,0.0
1627735902000,0.0
1627735932000,0.0
1627735962000,0.0
1627735992000,0.0
1627736022000,0.0
1627736052000,0.0
1627736082000,0.0
1627736112000,0.0
1627736142000,0.0
1627736172000,0.0
1627736202000,0.0
1627736232000,0.0
1627736262000,0.0
1627736292000,0.0
1627736322000,0.0
1627736352000,0.0
1627736382000,0.0
1627736412000,0.0
1627736442000,0.0
1627736472000,0.0
1627736502000,0.0
1627736532000,0.0
1627736562000,0.0
1627736592000,0.0
1627736622000,0.0
1627736652000,0.0
1627736682000,0.0
1627736712000,0.0
1627736742000,0.0
1627736772000,0.0
1627736802000,0.0
1627736832000,0.0
1627736862000,0.0
1627736892000,0.0
1627736922000,0.0
1627736952000,0.0
1627736982000,0.0
1627737012000,0.0
1627737042000,0.0
1627737072000,0.0
1627737102000,0.0
1627737132000,0.0
1627737162000,0.0
1627737192000,0.0
1627737222000,0.0
1627737252000,0.0
1627737282000,0.0
1627737312000,0.0
1627737342000,0.0
1627737372000,0.0
1627737402000,0.0
1627737432000,0.0
1627737462000,0.0
1627737492000,0.0
1627737522000,0.0
1627737552000,0.0
1627737582000,0.0
1627737612000,0.0
1627737642000,0.0
1627737672000,0.0
1627737702000,0.0
1627737732000,0.0
1627737762000,0.0
1627737792000,0.0
1627737822000,0.0
1627737852000,0.0
1627737882000,0.0
1627737912000,0.0
1627737942000,0.0
1627737972000,0.0
1627738002000,0.0
1627738032000,0.0
1627738062000,0.0
1627738092000,0.0
1627738122000,0.0
1627738152000,0.0
1627738182000,0.0
1627738212000,0.0
1627738242000,0.0
1627738272000,0.0
1627738302000,0.0
1627738332000,0.0
1627738362000,0.0
1627738392000,0.0
1627738422000,0.0
1627738452000,0.0
1627738482000,0.0
1627738512000,0.0
1627738542000,0.0
1627738572000,0.0
1627738602000,0.0
1627738632000,0.0
1627738662000,0.0
1627738692000,0.0
1627738722000,0.0
1627738752000,0.0
1627738782000,0.0
1627738812000,0.0
1627738842000,0.0
1627738872000,0.0
1627738902000,0.0
1627738932000,0.0
1627738962000,0.0
1627738992000,0.0
1627739022000,0.0
1627739052000,0.0
1627739082000,0.0
1627739112000,0.0
1627739142000,0.0
1627739172000,0.0
1627739202000,0.0
1627739232000,0.0
1627739262000,0.0
1627739292000,0.0
1627739322000,0.0
1627739352000,0.0
1627739382000,0.0
1627739412000,0.0
1627739442000,0.0
1627739472000,0.0
1627739502000,0.0
1627739532000,0.0
1627739562000,0.0
1627739592000,0.0
1627739622000,0.0
1627739652000,0.0
1627739682000,0.0
1627739712000,0.0
1627739742000,0.0
1627739772000,0.0
1627739802000,0.0
1627739832000,0.0
1627739862000,0.0
1627739892000,0.0
1627739922000,0.0
1627739952000,0.0
1627739982000,0.0
1627740012000,0.0
1627740042000,0.0
1627740072000,0.0
1627740102000,0.0
1627740132000,0.0
1627740162000,0.0
1627740192000,0.0
1627740222000,0.0
1627740252000,9.706474820143885e-06
1627740282000,0.0
1627740312000,0.0
1627740342000,0.0
1627740372000,0.0
1627740402000,0.0
1627740432000,0.0
1627740462000,0.0
1627740492000,0.0
1627740522000,0.0
1627740552000,0.0
1627740582000,0.0
1627740612000,0.0
1627740642000,0.0
1627740672000,0.0
1627740702000,0.0
1627740732000,0.0
1627740762000,0.0
1627740792000,0.0
1627740822000,0.0
1627740852000,0.0
1627740882000,0.0
1627740912000,0.0
1627740942000,0.0
1627740972000,0.0
1627741002000,0.0
1627741032000,0.0
1627741062000,0.0
1627741092000,0.0
1627741122000,0.0
1627741152000,0.0
1627741182000,0.0
1627741212000,0.0
1627741242000,0.0
1627741272000,0.0
1627741302000,0.0
1627741332000,0.0
1627741362000,0.0
1627741392000,0.0
1627741422000,0.0
1627741452000,0.0
1627741482000,0.0
1627741512000,0.0
1627741542000,0.0
1627741572000,0.0
1627741602000,0.0
1627741632000,0.0
1627741662000,8.369397293972939e-05
1627741692000,0.0
1627741722000,0.0
1627741752000,0.0
1627741782000,0.0
1627741812000,0.0
1627741842000,0.0
1627741872000,0.0
1627741902000,0.0
1627741932000,0.0
1627741962000,0.0
1627741992000,0.0
1627742022000,0.0
1627742052000,0.0
1627742082000,0.0
1627742112000,0.0
1627742142000,0.0
1627742172000,0.0
1627742202000,0.0
1627742232000,0.0
1627742262000,0.0
1627742292000,0.0
1627742322000,0.0
1627742352000,0.0
1627742382000,0.0
1627742412000,0.0
1627742442000,0.0
1627742472000,0.0
1627742502000,0.0
1627742532000,0.0
1627742562000,0.0
1627742592000,0.0
1627742622000,0.0
1627742652000,0.0
1627742682000,0.0
1627742712000,0.0
1627742742000,0.0
1627742772000,0.0
1627742802000,0.0
1627742832000,0.0
1627742862000,0.0
1627742892000,0.0
1627742922000,0.0
1627742952000,0.0
1627742982000,0.0
1627743012000,0.0
1627743042000,0.0
1627743072000,0.0
1627743102000,0.0
1627743132000,0.0
1627743162000,0.0
1627743192000,0.0
1627743222000,0.0
1627743252000,0.0
1627743282000,0.0
1627743312000,0.0
1627743342000,0.0
1627743372000,0.0
1627743402000,0.0
1627743432000,0.0
1627743462000,0.0
1627743492000,0.0
1627743522000,0.0
1627743552000,0.0
1627743582000,0.0
1627743612000,0.0
1627743642000,0.0
1627743672000,0.0
1627743702000,0.0
1627743732000,0.0
1627743762000,0.0
1627743792000,0.0
1627743822000,0.0
1627743852000,0.0
1627743882000,0.0
1627743912000,0.0
1627743942000,0.0
1627743972000,0.0
1627744002000,0.0
1627744032000,0.0
1627744062000,0.0
1627744092000,0.0
1627744122000,0.0
1627744152000,0.0
1627744182000,0.0
1627744212000,0.0
1627744242000,0.0
1627744272000,0.0
1627744302000,0.0
1627744332000,0.0
1627744362000,0.0
1627744392000,0.0
1627744422000,0.0
1627744452000,0.0
1627744482000,0.0
1627744512000,0.0
1627744542000,0.0
1627744572000,0.0
1627744602000,0.0
1627744632000,0.0
1627744662000,0.0
1627744692000,0.0
1627744722000,0.0
1627744752000,0.0
1627744782000,0.0
1627744812000,0.0
1627744842000,0.0
1627744872000,0.0
1627744902000,0.0
1627744932000,0.0
1627744962000,0.0
1627744992000,0.0
1627745022000,0.0
1627745052000,0.0
1627745082000,0.0
1627745112000,0.0
1627745142000,0.0
1627745172000,0.0
1627745202000,0.0
1627745232000,0.0
1627745262000,0.0
1627745292000,0.0
1627745322000,0.0
1627745352000,0.0
1627745382000,0.0
1627745412000,0.0
1627745442000,0.0
1627745472000,0.0
1627745502000,0.0
1627745532000,0.0
1627745562000,0.0
1627745592000,0.0
1627745622000,0.0
1627745652000,0.0
1627745682000,0.0
1627745712000,0.0
1627745742000,0.0
1627745772000,0.0
1627745802000,0.0
1627745832000,0.0
1627745862000,0.0
1627745892000,0.0
1627745922000,0.0
1627745952000,0.0
1627745982000,0.0
1627746012000,0.0
1627746042000,0.0
1627746072000,0.0
1627746102000,0.0
1627746132000,0.0
1627746162000,0.0
1627746192000,0.0
1627746222000,0.0
1627746252000,0.0
1627746282000,0.0
1627746312000,0.0
1627746342000,0.0
1627746372000,0.0
1627746402000,0.0
1627746432000,0.0
1627746462000,0.0
1627746492000,0.0
1627746522000,0.0
1627746552000,0.0
1627746582000,0.0
1627746612000,0.0
1627746642000,0.0
1627746672000,0.0
1627746702000,0.0
1627746732000,0.0
1627746762000,0.0
1627746792000,0.0
1627746822000,0.0
1627746852000,0.0
1627746882000,0.0
1627746912000,0.0
1627746942000,0.0
1627746972000,0.0
1627747002000,0.0
1627747032000,0.0
1627747062000,0.0
1627747092000,0.0
1627747122000,0.0
1627747152000,0.0
1627747182000,0.0
