timestamp,value
1627747212000,0.0
1627747242000,0.0006169031462060457
1627747272000,0.0
1627747302000,0.0
1627747332000,0.0005988023952095807
1627747362000,0.0
1627747392000,0.0
1627747422000,0.0
1627747452000,0.0006067961165048543
1627747482000,0.0
1627747512000,0.0
1627747542000,0.0
1627747572000,0.0
1627747602000,0.0
1627747632000,0.0
1627747662000,0.0006006006006006006
1627747692000,0.0006097560975609756
1627747722000,0.0
1627747752000,0.0
1627747782000,0.0006082725060827251
1627747812000,0.0
1627747842000,0.0
1627747872000,0.0
1627747902000,0.0
1627747932000,0.0005966587112171838
1627747962000,0.0
1627747992000,0.0006079027355623102
1627748022000,0.0006045949214026603
1627748052000,0.0
1627748082000,0.0006131207847946045
1627748112000,0.0
1627748142000,0.0006056935190793457
1627748172000,0.0006142506142506142
1627748202000,0.0
1627748232000,0.0006045949214026603
1627748262000,0.0
1627748292000,0.0
1627748322000,0.0
1627748352000,0.0
1627748382000,0.0006020469596628537
1627748412000,0.0
1627748442000,0.0
1627748472000,0.0
1627748502000,0.0
1627748532000,0.0
1627748562000,0.0
1627748592000,0.0
1627748622000,0.0
1627748652000,0.0006161429451632778
1627748682000,0.0
1627748712000,0.0
1627748742000,0.0
1627748772000,0.0006169031462060457
1627748802000,0.0006016847172081829
1627748832000,0.0006138735420503376
1627748862000,0.0
1627748892000,0.0
1627748922000,0.0
1627748952000,0.0
1627748982000,0.0
1627749012000,0.0005988023952095807
1627749042000,0.0
1627749072000,0.0
1627749102000,0.0006013229104028864
1627749132000,0.0006013229104028864
1627749162000,0.0012091898428053206
1627749192000,0.0
1627749222000,0.0
1627749252000,0.0
1627749282000,0.0
1627749312000,0.0
1627749342000,0.0006150061500615006
1627749372000,0.0006038647342995169
1627749402000,0.0
1627749432000,0.0
1627749462000,0.0
1627749492000,0.0006138735420503376
1627749522000,0.0
1627749552000,0.0
1627749582000,0.0006038647342995169
1627749612000,0.0
1627749642000,0.0
1627749672000,0.0006172839506172839
1627749702000,0.0
1627749732000,0.0
1627749762000,0.0006119951040391675
1627749792000,0.0
1627749822000,0.0
1627749852000,0.0005970149253731342
1627749882000,0.0
1627749912000,0.0
1627749942000,0.0
1627749972000,0.0005973715651135006
1627750002000,0.0
1627750032000,0.0006108735491753207
1627750062000,0.0
1627750092000,0.0
1627750122000,0.0
1627750152000,0.0
1627750182000,0.0
1627750212000,0.0
1627750242000,0.0
1627750272000,0.0006218905472636817
1627750302000,0.0006188118811881187
1627750332000,0.0006079027355623102
1627750362000,0.0006020469596628537
1627750392000,0.0
1627750422000,0.0
1627750452000,0.0005998800239952009
1627750482000,0.0006226650062266501
1627750512000,0.0
1627750542000,0.0006013229104028864
1627750572000,0.0006027727546714887
1627750602000,0.0
1627750632000,0.0
1627750662000,0.0
1627750692000,0.0
1627750722000,0.0
1627750752000,0.0006035003017501509
1627750782000,0.0006016847172081829
1627750812000,0.0
1627750842000,0.0
1627750872000,0.0006086427267194157
1627750902000,0.0
1627750932000,0.0
1627750962000,0.0
1627750992000,0.0
1627751022000,0.0
1627751052000,0.0
1627751082000,0.0006242197253433209
1627751112000,0.0
1627751142000,0.0005977286312014345
1627751172000,0.0006086427267194157
1627751202000,0.0
1627751232000,0.0
1627751262000,0.0
1627751292000,0.0
1627751322000,0.0
1627751352000,0.0
1627751382000,0.0
1627751412000,0.0
1627751442000,0.0
1627751472000,0.0006020469596628537
1627751502000,0.0
1627751532000,0.0
1627751562000,0.0
1627751592000,0.0
1627751622000,0.0
1627751652000,0.0
1627751682000,0.0
1627751712000,0.0
1627751742000,0.0005984440454817473
1627751772000,0.0
1627751802000,0.0006180469715698393
1627751832000,0.0
1627751862000,0.0006027727546714887
1627751892000,0.0
1627751922000,0.0005998800239952009
1627751952000,0.0006093845216331506
1627751982000,0.0
1627752012000,0.0006009615384615385
1627752042000,0.0006035003017501509
1627752072000,0.0
1627752102000,0.0
1627752132000,0.0
1627752162000,0.0
1627752192000,0.0006134969325153375
1627752222000,0.0006020469596628537
1627752252000,0.0006134969325153375
1627752282000,0.0006090133982947625
1627752312000,0.0
1627752342000,0.0006157635467980296
1627752372000,0.0006097560975609756
1627752402000,0.0006006006006006006
1627752432000,0.0006134969325153375
1627752462000,0.0
1627752492000,0.0
1627752522000,0.0006002400960384152
1627752552000,0.0
1627752582000,0.0005948839976204639
1627752612000,0.0
1627752642000,0.0
1627752672000,0.0
1627752702000,0.0005980861244019139
1627752732000,0.0
1627752762000,0.0
1627752792000,0.0006067961165048543
1627752822000,0.0006191950464396285
1627752852000,0.0
1627752882000,0.0
1627752912000,0.0005998800239952009
1627752942000,0.0006169031462060457
1627752972000,0.0
1627753002000,0.0
1627753032000,0.0006035003017501509
1627753062000,0.0006027727546714887
1627753092000,0.0006101281269066504
1627753122000,0.0
1627753152000,0.0
1627753182000,0.0006060606060606062
1627753212000,0.0
1627753242000,0.0005991611743559018
1627753272000,0.0
1627753302000,0.0
1627753332000,0.0
1627753362000,0.0
1627753392000,0.0006142506142506142
1627753422000,0.0006142506142506142
1627753452000,0.0
1627753482000,0.0005945303210463732
1627753512000,0.0
1627753542000,0.0006056935190793457
1627753572000,0.0
1627753602000,0.0005995203836930455
1627753632000,0.0
1627753662000,0.0
1627753692000,0.0006038647342995169
1627753722000,0.0
1627753752000,0.0
1627753782000,0.0
1627753812000,0.0
1627753842000,0.0006093845216331506
1627753872000,0.0
1627753902000,0.0
1627753932000,0.0006009615384615385
1627753962000,0.0
1627753992000,0.0
1627754022000,0.0
1627754052000,0.0
1627754082000,0.0
1627754112000,0.0
1627754142000,0.0
1627754172000,0.0006188118811881187
1627754202000,0.0006191950464396285
1627754232000,0.0
1627754262000,0.0
1627754292000,0.0
1627754322000,0.0006002400960384152
1627754352000,0.0
1627754382000,0.0006045949214026603
1627754412000,0.0
1627754442000,0.0
1627754472000,0.0
1627754502000,0.0
1627754532000,0.0
1627754562000,0.0
1627754592000,0.0
1627754622000,0.0
1627754652000,0.0
1627754682000,0.0
1627754712000,0.0
1627754742000,0.0
1627754772000,0.0006071645415907711
1627754802000,0.0
1627754832000,0.0
1627754862000,0.0006067961165048543
1627754892000,0.0006086427267194157
1627754922000,0.0
1627754952000,0.0
1627754982000,0.0
1627755012000,0.0
1627755042000,0.001223990208078335
1627755072000,0.0
1627755102000,0.0
1627755132000,0.0005973715651135006
1627755162000,0.0006079027355623102
1627755192000,0.0
1627755222000,0.0
1627755252000,0.0
1627755282000,0.0006093845216331506
1627755312000,0.0
1627755342000,0.0
1627755372000,0.0
1627755402000,0.0
1627755432000,0.0
1627755462000,0.0006188118811881187
1627755492000,0.0006082725060827251
1627755522000,0.0006024096385542169
1627755552000,0.0006123698714023269
1627755582000,0.0
1627755612000,0.0
1627755642000,0.0
1627755672000,0.0
1627755702000,0.0011997600479904018
1627755732000,0.0
1627755762000,0.0
1627755792000,0.0
1627755822000,0.0
1627755852000,0.0
1627755882000,0.0
1627755912000,0.0006035003017501509
1627755942000,0.0
1627755972000,0.0006131207847946045
1627756002000,0.0
1627756032000,0.0
1627756062000,0.0
1627756092000,0.0
1627756122000,0.0006060606060606062
1627756152000,0.0006075334143377885
1627756182000,0.0
1627756212000,0.0
1627756242000,0.0006161429451632778
1627756272000,0.0
1627756302000,0.0006053268765133173
1627756332000,0.0
1627756362000,0.0
1627756392000,0.0
1627756422000,0.0006211180124223603
1627756452000,0.0006060606060606062
1627756482000,0.0
1627756512000,0.0
1627756542000,0.0
1627756572000,0.0
1627756602000,0.0
1627756632000,0.0006056935190793457
1627756662000,0.001203369434416366
1627756692000,0.0
1627756722000,0.0
1627756752000,0.0
1627756782000,0.0
1627756812000,0.0
1627756842000,0.0
1627756872000,0.0
1627756902000,0.0006105006105006105
1627756932000,0.0012172854534388314
1627756962000,0.0
1627756992000,0.0
1627757022000,0.0
1627757052000,0.0006157635467980296
1627757082000,0.0
1627757112000,0.0006116207951070336
1627757142000,0.0
1627757172000,0.0
1627757202000,0.0006146281499692684
1627757232000,0.0006211180124223603
1627757262000,0.0006020469596628537
1627757292000,0.0
1627757322000,0.0
1627757352000,0.0
1627757382000,0.0006064281382656155
1627757412000,0.0
1627757442000,0.0
1627757472000,0.0
1627757502000,0.0
1627757532000,0.0
1627757562000,0.0006086427267194157
1627757592000,0.0005998800239952009
1627757622000,0.0
1627757652000,0.0
1627757682000,0.0
1627757712000,0.0
1627757742000,0.0
1627757772000,0.0006093845216331506
1627757802000,0.0005973715651135006
1627757832000,0.0006127450980392157
1627757862000,0.0012048192771084338
1627757892000,0.0
1627757922000,0.0
1627757952000,0.0
1627757982000,0.0
1627758012000,0.0
1627758042000,0.0
1627758072000,0.0
1627758102000,0.0
1627758132000,0.0
1627758162000,0.0
1627758192000,0.0006188118811881187
1627758222000,0.0
1627758252000,0.0006053268765133173
1627758282000,0.0
1627758312000,0.0
1627758342000,0.0
1627758372000,0.0
1627758402000,0.0
1627758432000,0.0
1627758462000,0.0
1627758492000,0.0
1627758522000,0.0
1627758552000,0.0
1627758582000,0.0
1627758612000,0.0
1627758642000,0.0
1627758672000,0.0
1627758702000,0.0
1627758732000,0.0006082725060827251
1627758762000,0.0012217470983506415
1627758792000,0.0005991611743559018
1627758822000,0.0
1627758852000,0.0
1627758882000,0.0
1627758912000,0.0
1627758942000,0.0
1627758972000,0.0006153846153846153
1627759002000,0.0
1627759032000,0.0006079027355623102
1627759062000,0.0
1627759092000,0.0
1627759122000,0.0006188118811881187
1627759152000,0.0006127450980392157
1627759182000,0.0006082725060827251
1627759212000,0.0
1627759242000,0.0
1627759272000,0.0
1627759302000,0.0006112469437652813
1627759332000,0.0
1627759362000,0.0006195786864931846
1627759392000,0.0
1627759422000,0.0
1627759452000,0.0
1627759482000,0.0
1627759512000,0.0
1627759542000,0.0006184291898577612
1627759572000,0.0
1627759602000,0.0
1627759632000,0.0006093845216331506
1627759662000,0.0
1627759692000,0.0
1627759722000,0.0
1627759752000,0.0
1627759782000,0.0
1627759812000,0.0
1627759842000,0.0
1627759872000,0.0006035003017501509
1627759902000,0.0005963029218843173
1627759932000,0.0006199628022318662
1627759962000,0.0006053268765133173
1627759992000,0.0
1627760022000,0.0005988023952095807
1627760052000,0.0
1627760082000,0.0
1627760112000,0.0
1627760142000,0.0
1627760172000,0.0
1627760202000,0.0
1627760232000,0.0
1627760262000,0.0
1627760292000,0.0005959475566150177
1627760322000,0.0
1627760352000,0.0
1627760382000,0.0
1627760412000,0.0006013229104028864
1627760442000,0.0
1627760472000,0.0
1627760502000,0.0
1627760532000,0.0
1627760562000,0.0006013229104028864
1627760592000,0.0
1627760622000,0.0
1627760652000,0.0
1627760682000,0.0
1627760712000,0.0006093845216331506
1627760742000,0.0
1627760772000,0.0006049606775559589
1627760802000,0.0005988023952095807
1627760832000,0.0
1627760862000,0.0
1627760892000,0.0
1627760922000,0.0
1627760952000,0.0006075334143377885
1627760982000,0.0018270401948842876
1627761012000,0.0
1627761042000,0.0005988023952095807
1627761072000,0.0
1627761102000,0.0006123698714023269
1627761132000,0.0006108735491753207
1627761162000,0.0
1627761192000,0.0006024096385542169
1627761222000,0.0
1627761252000,0.0
1627761282000,0.0
1627761312000,0.0006049606775559589
1627761342000,0.0
1627761372000,0.0006016847172081829
1627761402000,0.0
1627761432000,0.0
1627761462000,0.0
1627761492000,0.0
1627761522000,0.0006090133982947625
1627761552000,0.0
1627761582000,0.0
1627761612000,0.0
1627761642000,0.0
1627761672000,0.0006020469596628537
1627761702000,0.0012187690432663009
1627761732000,0.0
1627761762000,0.0006038647342995169
1627761792000,0.0
1627761822000,0.0006093845216331506
1627761852000,0.0
1627761882000,0.0
1627761912000,0.0
1627761942000,0.0
1627761972000,0.0
1627762002000,0.0
1627762032000,0.0
1627762062000,0.0
1627762092000,0.0
1627762122000,0.0
1627762152000,0.0
1627762182000,0.0006079027355623102
1627762212000,0.0006035003017501509
1627762242000,0.0
1627762272000,0.0
1627762302000,0.0
1627762332000,0.0
1627762362000,0.0006060606060606062
1627762392000,0.0006188118811881187
1627762422000,0.0006031363088057902
1627762452000,0.0006131207847946045
1627762482000,0.0
1627762512000,0.0
1627762542000,0.0
1627762572000,0.0
1627762602000,0.0
1627762632000,0.0
1627762662000,0.0
1627762692000,0.0
1627762722000,0.0
1627762752000,0.0006119951040391675
1627762782000,0.0
1627762812000,0.0
1627762842000,0.0006053268765133173
1627762872000,0.0
1627762902000,0.0
1627762932000,0.0
1627762962000,0.0006101281269066504
1627762992000,0.0006097560975609756
1627763022000,0.0
1627763052000,0.0
1627763082000,0.0006031363088057902
1627763112000,0.0
1627763142000,0.0006056935190793457
1627763172000,0.0
1627763202000,0.0
1627763232000,0.0
1627763262000,0.0
1627763292000,0.0
1627763322000,0.0
1627763352000,0.0
1627763382000,0.0
1627763412000,0.0
1627763442000,0.0006112469437652813
1627763472000,0.0
1627763502000,0.0
1627763532000,0.0
1627763562000,0.0
1627763592000,0.0
1627763622000,0.0
1627763652000,0.0
1627763682000,0.0
1627763712000,0.0005991611743559018
1627763742000,0.0
1627763772000,0.0006112469437652813
1627763802000,0.0006060606060606062
1627763832000,0.0
1627763862000,0.0
1627763892000,0.0
1627763922000,0.0006101281269066504
1627763952000,0.0
1627763982000,0.0
1627764012000,0.0006134969325153375
1627764042000,0.0012254901960784314
1627764072000,0.0006086427267194157
1627764102000,0.0
1627764132000,0.0
1627764162000,0.0
1627764192000,0.0006075334143377885
1627764222000,0.0
1627764252000,0.0006090133982947625
1627764282000,0.0
1627764312000,0.0
1627764342000,0.0
1627764372000,0.0
1627764402000,0.0
1627764432000,0.0006101281269066504
1627764462000,0.0
1627764492000,0.0005988023952095807
1627764522000,0.0006038647342995169
1627764552000,0.0
1627764582000,0.0006116207951070336
1627764612000,0.0006060606060606062
1627764642000,0.0
1627764672000,0.0
1627764702000,0.0
1627764732000,0.0
1627764762000,0.0006097560975609756
1627764792000,0.0
1627764822000,0.0
1627764852000,0.0
1627764882000,0.0
1627764912000,0.0012062726176115801
1627764942000,0.0006016847172081829
1627764972000,0.0
1627765002000,0.0
1627765032000,0.0
1627765062000,0.0012026458208057728
1627765092000,0.0
1627765122000,0.0
1627765152000,0.0
1627765182000,0.0
1627765212000,0.0005973715651135006
1627765242000,0.0006131207847946045
1627765272000,0.0006042296072507553
1627765302000,0.0
1627765332000,0.0
1627765362000,0.0
1627765392000,0.0
1627765422000,0.0006064281382656155
1627765452000,0.0
1627765482000,0.0
1627765512000,0.0
1627765542000,0.0
1627765572000,0.0005959475566150177
1627765602000,0.0006234413965087283
1627765632000,0.0
1627765662000,0.0006053268765133173
1627765692000,0.0
1627765722000,0.0006042296072507553
1627765752000,0.0005980861244019139
1627765782000,0.0
1627765812000,0.0
1627765842000,0.0
1627765872000,0.0
1627765902000,0.0
1627765932000,0.0
1627765962000,0.0006045949214026603
1627765992000,0.0
1627766022000,0.0
1627766052000,0.0
1627766082000,0.0
1627766112000,0.0
1627766142000,0.0006090133982947625
1627766172000,0.0
1627766202000,0.0
1627766232000,0.0006071645415907711
1627766262000,0.0
1627766292000,0.0
1627766322000,0.0
1627766352000,0.0
1627766382000,0.0
1627766412000,0.0
1627766442000,0.0
1627766472000,0.0
1627766502000,0.0
1627766532000,0.0006035003017501509
1627766562000,0.0006153846153846153
1627766592000,0.0006049606775559589
1627766622000,0.0006097560975609756
1627766652000,0.0006101281269066504
1627766682000,0.0
1627766712000,0.0012172854534388314
1627766742000,0.0
1627766772000,0.0
1627766802000,0.0006071645415907711
1627766832000,0.0
1627766862000,0.0
1627766892000,0.0
1627766922000,0.0006035003017501509
1627766952000,0.0
1627766982000,0.0
1627767012000,0.0006071645415907711
1627767042000,0.0
1627767072000,0.0
1627767102000,0.0006035003017501509
1627767132000,0.0006101281269066504
1627767162000,0.0
1627767192000,0.0
1627767222000,0.0
1627767252000,0.0
1627767282000,0.0
1627767312000,0.0
1627767342000,0.0
1627767372000,0.0
1627767402000,0.0006112469437652813
1627767432000,0.0006056935190793457
1627767462000,0.0006127450980392157
1627767492000,0.0006097560975609756
1627767522000,0.0
1627767552000,0.0
1627767582000,0.0006056935190793457
1627767612000,0.0
1627767642000,0.0006119951040391675
1627767672000,0.0006079027355623102
1627767702000,0.0006101281269066504
1627767732000,0.0
1627767762000,0.0
1627767792000,0.0
1627767822000,0.0
1627767852000,0.0
1627767882000,0.0
1627767912000,0.0
1627767942000,0.0
1627767972000,0.0
1627768002000,0.0
1627768032000,0.0
1627768062000,0.0006172839506172839
1627768092000,0.0006024096385542169
1627768122000,0.0006053268765133173
1627768152000,0.0012232415902140672
1627768182000,0.0
1627768212000,0.0006071645415907711
1627768242000,0.0
1627768272000,0.0
1627768302000,0.0
1627768332000,0.0006172839506172839
1627768362000,0.0006097560975609756
1627768392000,0.0
1627768422000,0.0
1627768452000,0.0006064281382656155
1627768482000,0.0006024096385542169
1627768512000,0.0006006006006006006
1627768542000,0.0
1627768572000,0.0
1627768602000,0.0005998800239952009
1627768632000,0.0
1627768662000,0.0012422360248447205
1627768692000,0.0
1627768722000,0.0006067961165048543
1627768752000,0.0
1627768782000,0.0
1627768812000,0.0
1627768842000,0.0
1627768872000,0.0
1627768902000,0.0006071645415907711
1627768932000,0.0
1627768962000,0.0006013229104028864
1627768992000,0.0006131207847946045
1627769022000,0.0006188118811881187
1627769052000,0.0
1627769082000,0.0
1627769112000,0.0
1627769142000,0.0006020469596628537
1627769172000,0.0
1627769202000,0.0
1627769232000,0.0
1627769262000,0.0006090133982947625
1627769292000,0.0
1627769322000,0.0006116207951070336
1627769352000,0.0006119951040391675
1627769382000,0.0006035003017501509
1627769412000,0.0006082725060827251
1627769442000,0.0
1627769472000,0.0
1627769502000,0.0
1627769532000,0.0006101281269066504
1627769562000,0.0
1627769592000,0.0
1627769622000,0.0006086427267194157
1627769652000,0.0006071645415907711
1627769682000,0.0
1627769712000,0.0
1627769742000,0.0006116207951070336
1627769772000,0.0005963029218843173
1627769802000,0.0
1627769832000,0.0
1627769862000,0.0006045949214026603
1627769892000,0.0006093845216331506
1627769922000,0.0
1627769952000,0.0006119951040391675
1627769982000,0.0006097560975609756
1627770012000,0.0
1627770042000,0.0
1627770072000,0.0006090133982947625
1627770102000,0.0006093845216331506
1627770132000,0.0
1627770162000,0.0
1627770192000,0.0
1627770222000,0.0
1627770252000,0.0006134969325153375
1627770282000,0.0
1627770312000,0.0
1627770342000,0.0
1627770372000,0.0
1627770402000,0.0
1627770432000,0.0006215040397762585
1627770462000,0.0
1627770492000,0.0006075334143377885
1627770522000,0.0006116207951070336
1627770552000,0.0
1627770582000,0.0006101281269066504
1627770612000,0.0006108735491753207
1627770642000,0.0
1627770672000,0.0
1627770702000,0.0
1627770732000,0.0
1627770762000,0.0
1627770792000,0.0
1627770822000,0.0006180469715698393
1627770852000,0.0006002400960384152
1627770882000,0.0
1627770912000,0.0
1627770942000,0.0006093845216331506
1627770972000,0.0
1627771002000,0.0
1627771032000,0.0
1627771062000,0.0
1627771092000,0.0
1627771122000,0.0
1627771152000,0.0
1627771182000,0.0006038647342995169
1627771212000,0.0
1627771242000,0.0
1627771272000,0.0006035003017501509
1627771302000,0.0
1627771332000,0.0006045949214026603
1627771362000,0.0
1627771392000,0.0
1627771422000,0.0
1627771452000,0.0006064281382656155
1627771482000,0.0
1627771512000,0.0
1627771542000,0.0
1627771572000,0.0
1627771602000,0.0
1627771632000,0.0
1627771662000,0.0
1627771692000,0.0
1627771722000,0.0
1627771752000,0.0006138735420503376
1627771782000,0.0
1627771812000,0.0006016847172081829
1627771842000,0.0006093845216331506
1627771872000,0.0006131207847946045
1627771902000,0.0006045949214026603
1627771932000,0.0
1627771962000,0.0
1627771992000,0.0006105006105006105
1627772022000,0.0
1627772052000,0.0006150061500615006
1627772082000,0.0
1627772112000,0.0006119951040391675
1627772142000,0.0006153846153846153
1627772172000,0.0
1627772202000,0.0
1627772232000,0.0006064281382656155
1627772262000,0.0005977286312014345
1627772292000,0.0
1627772322000,0.0
1627772352000,0.0
1627772382000,0.0
1627772412000,0.0
1627772442000,0.0
1627772472000,0.0
1627772502000,0.0
1627772532000,0.0005959475566150177
1627772562000,0.0
1627772592000,0.0
1627772622000,0.0006108735491753207
1627772652000,0.0
1627772682000,0.0
1627772712000,0.0
1627772742000,0.0
1627772772000,0.0
1627772802000,0.0
1627772832000,0.0
1627772862000,0.0006150061500615006
1627772892000,0.0
1627772922000,0.0
1627772952000,0.0
1627772982000,0.0
1627773012000,0.0
1627773042000,0.0
1627773072000,0.0
1627773102000,0.0
1627773132000,0.0
1627773162000,0.0006195786864931846
1627773192000,0.0
1627773222000,0.0006134969325153375
1627773252000,0.0
1627773282000,0.0
1627773312000,0.0006031363088057902
1627773342000,0.0
1627773372000,0.0006031363088057902
1627773402000,0.0
1627773432000,0.0006075334143377885
1627773462000,0.0006016847172081829
1627773492000,0.0006119951040391675
1627773522000,0.0006038647342995169
1627773552000,0.0
1627773582000,0.0
1627773612000,0.0
1627773642000,0.0
1627773672000,0.0012399256044637321
1627773702000,0.0
1627773732000,0.0
1627773762000,0.0006161429451632778
1627773792000,0.0
1627773822000,0.0
1627773852000,0.0
1627773882000,0.0
1627773912000,0.0006134969325153375
1627773942000,0.0
1627773972000,0.0
1627774002000,0.0
1627774032000,0.0
1627774062000,0.0006086427267194157
1627774092000,0.0006067961165048543
1627774122000,0.0
1627774152000,0.0
1627774182000,0.0006157635467980296
1627774212000,0.0
1627774242000,0.0006031363088057902
1627774272000,0.0006142506142506142
1627774302000,0.0
1627774332000,0.0
1627774362000,0.0006199628022318662
1627774392000,0.0
1627774422000,0.0
1627774452000,0.0006176652254478072
1627774482000,0.0
1627774512000,0.0
1627774542000,0.0
1627774572000,0.0
1627774602000,0.0
1627774632000,0.0006238303181534623
1627774662000,0.0006031363088057902
1627774692000,0.0005963029218843173
1627774722000,0.0006082725060827251
1627774752000,0.0
1627774782000,0.0006226650062266501
1627774812000,0.0006064281382656155
1627774842000,0.0006138735420503376
1627774872000,0.0
1627774902000,0.0
1627774932000,0.0
1627774962000,0.0
1627774992000,0.0
1627775022000,0.0
1627775052000,0.0
1627775082000,0.0005998800239952009
1627775112000,0.0006116207951070336
1627775142000,0.0
1627775172000,0.0
1627775202000,0.0
1627775232000,0.0
1627775262000,0.0
1627775292000,0.0006056935190793457
1627775322000,0.0
1627775352000,0.0
1627775382000,0.0006176652254478072
1627775412000,0.0
1627775442000,0.0
1627775472000,0.0
1627775502000,0.0006150061500615006
1627775532000,0.0
1627775562000,0.0
1627775592000,0.0
1627775622000,0.0
1627775652000,0.0
1627775682000,0.0
1627775712000,0.0
1627775742000,0.0
1627775772000,0.0
1627775802000,0.0012135922330097086
1627775832000,0.0006165228113440197
1627775862000,0.0
1627775892000,0.001203369434416366
1627775922000,0.0
1627775952000,0.0
1627775982000,0.0
1627776012000,0.0
1627776042000,0.0
1627776072000,0.0
1627776102000,0.0006038647342995169
1627776132000,0.0
1627776162000,0.0
1627776192000,0.0
1627776222000,0.0006086427267194157
1627776252000,0.0006090133982947625
1627776282000,0.0
1627776312000,0.0
1627776342000,0.0
1627776372000,0.0
1627776402000,0.0
1627776432000,0.0
1627776462000,0.0
1627776492000,0.0
1627776522000,0.0006016847172081829
1627776552000,0.0
1627776582000,0.0
1627776612000,0.0006031363088057902
1627776642000,0.0
1627776672000,0.0
1627776702000,0.0006188118811881187
1627776732000,0.0
1627776762000,0.0
1627776792000,0.0
1627776822000,0.0006075334143377885
1627776852000,0.0
1627776882000,0.0006112469437652813
1627776912000,0.0
1627776942000,0.0
1627776972000,0.0
1627777002000,0.0
1627777032000,0.0006082725060827251
1627777062000,0.0
1627777092000,0.0
1627777122000,0.0
1627777152000,0.0
1627777182000,0.0
1627777212000,0.0
1627777242000,0.0
1627777272000,0.0
1627777302000,0.0
1627777332000,0.0
1627777362000,0.0006146281499692684
1627777392000,0.0006172839506172839
1627777422000,0.0
1627777452000,0.0
1627777482000,0.0
1627777512000,0.0
1627777542000,0.0
1627777572000,0.0
1627777602000,0.0006086427267194157
1627777632000,0.0
1627777662000,0.0006006006006006006
1627777692000,0.0006016847172081829
1627777722000,0.0
1627777752000,0.0
1627777782000,0.0006176652254478072
1627777812000,0.0006108735491753207
1627777842000,0.0
1627777872000,0.0
1627777902000,0.0
1627777932000,0.0
1627777962000,0.0
1627777992000,0.0006116207951070336
1627778022000,0.0006056935190793457
1627778052000,0.0012084592145015106
1627778082000,0.0
1627778112000,0.0
1627778142000,0.0006064281382656155
1627778172000,0.0006093845216331506
1627778202000,0.0
1627778232000,0.0
1627778262000,0.0005998800239952009
1627778292000,0.0
1627778322000,0.0
1627778352000,0.0
1627778382000,0.0
1627778412000,0.0006027727546714887
1627778442000,0.0
1627778472000,0.0006131207847946045
1627778502000,0.0006093845216331506
1627778532000,0.0006108735491753207
1627778562000,0.0006123698714023269
1627778592000,0.0
1627778622000,0.0
1627778652000,0.0
1627778682000,0.0006064281382656155
1627778712000,0.0
1627778742000,0.0
1627778772000,0.0
1627778802000,0.0
1627778832000,0.0006176652254478072
1627778862000,0.0
1627778892000,0.0
1627778922000,0.0006161429451632778
1627778952000,0.0
1627778982000,0.0
1627779012000,0.0006002400960384152
1627779042000,0.0
1627779072000,0.0006006006006006006
1627779102000,0.0
1627779132000,0.0
1627779162000,0.0
1627779192000,0.0
1627779222000,0.0
1627779252000,0.0
1627779282000,0.0
1627779312000,0.0
1627779342000,0.0006013229104028864
1627779372000,0.0
1627779402000,0.0006056935190793457
1627779432000,0.0
1627779462000,0.0006045949214026603
1627779492000,0.0006112469437652813
1627779522000,0.0
1627779552000,0.0
1627779582000,0.0005991611743559018
1627779612000,0.0
1627779642000,0.0006086427267194157
1627779672000,0.0
1627779702000,0.0
1627779732000,0.0
1627779762000,0.0005995203836930455
1627779792000,0.0
1627779822000,0.0006112469437652813
1627779852000,0.0
1627779882000,0.0
1627779912000,0.0
1627779942000,0.0006105006105006105
1627779972000,0.0006191950464396285
1627780002000,0.0
1627780032000,0.0
1627780062000,0.0
1627780092000,0.0
1627780122000,0.0
1627780152000,0.0006024096385542169
1627780182000,0.0
1627780212000,0.0
1627780242000,0.0
1627780272000,0.0
1627780302000,0.0
1627780332000,0.0
1627780362000,0.0
1627780392000,0.0
1627780422000,0.0
1627780452000,0.0
1627780482000,0.0
1627780512000,0.0
1627780542000,0.0
1627780572000,0.0
1627780602000,0.0
1627780632000,0.0
1627780662000,0.0006090133982947625
1627780692000,0.0
1627780722000,0.0
1627780752000,0.0
1627780782000,0.0
1627780812000,0.0
1627780842000,0.0006042296072507553
1627780872000,0.0
1627780902000,0.0006049606775559589
1627780932000,0.0
1627780962000,0.0
1627780992000,0.0
1627781022000,0.0
1627781052000,0.0
1627781082000,0.0
1627781112000,0.0006161429451632778
1627781142000,0.0006142506142506142
1627781172000,0.0006082725060827251
1627781202000,0.0006161429451632778
1627781232000,0.0
1627781262000,0.0
1627781292000,0.0006002400960384152
1627781322000,0.0
1627781352000,0.0
1627781382000,0.0
1627781412000,0.0006027727546714887
1627781442000,0.0
1627781472000,0.0
1627781502000,0.0
1627781532000,0.0006105006105006105
1627781562000,0.0
1627781592000,0.0
1627781622000,0.0
1627781652000,0.0
1627781682000,0.0
1627781712000,0.0
1627781742000,0.0006116207951070336
1627781772000,0.0
1627781802000,0.0006086427267194157
1627781832000,0.0
1627781862000,0.0005991611743559018
1627781892000,0.0
1627781922000,0.0
1627781952000,0.0
1627781982000,0.0006105006105006105
1627782012000,0.0
1627782042000,0.0006071645415907711
1627782072000,0.0
1627782102000,0.0
1627782132000,0.0
1627782162000,0.0
1627782192000,0.0
1627782222000,0.0006142506142506142
1627782252000,0.0006075334143377885
1627782282000,0.0006045949214026603
1627782312000,0.0
1627782342000,0.0
1627782372000,0.0006035003017501509
1627782402000,0.0
1627782432000,0.0
1627782462000,0.0006024096385542169
1627782492000,0.0
1627782522000,0.0006153846153846153
1627782552000,0.0
1627782582000,0.0
1627782612000,0.0
1627782642000,0.0
1627782672000,0.0
1627782702000,0.0
1627782732000,0.0
1627782762000,0.0
1627782792000,0.0006150061500615006
1627782822000,0.0
1627782852000,0.0
1627782882000,0.0006172839506172839
1627782912000,0.0
1627782942000,0.0006031363088057902
1627782972000,0.0006093845216331506
1627783002000,0.0
1627783032000,0.0
1627783062000,0.0
1627783092000,0.0
1627783122000,0.0006024096385542169
1627783152000,0.0006116207951070336
1627783182000,0.0
1627783212000,0.0
1627783242000,0.0
1627783272000,0.0
1627783302000,0.0006056935190793457
1627783332000,0.0006024096385542169
1627783362000,0.0006006006006006006
1627783392000,0.0012277470841006752
1627783422000,0.0
1627783452000,0.0006112469437652813
1627783482000,0.0006134969325153375
1627783512000,0.0006027727546714887
1627783542000,0.0006038647342995169
1627783572000,0.0006108735491753207
1627783602000,0.0
1627783632000,0.0
1627783662000,0.0
1627783692000,0.0012055455093429774
1627783722000,0.0
1627783752000,0.0
1627783782000,0.0006035003017501509
1627783812000,0.0006086427267194157
1627783842000,0.0006035003017501509
1627783872000,0.0
1627783902000,0.0006079027355623102
1627783932000,0.0006169031462060457
1627783962000,0.0006056935190793457
1627783992000,0.0
1627784022000,0.0
1627784052000,0.0
1627784082000,0.0006049606775559589
1627784112000,0.0006071645415907711
1627784142000,0.0
1627784172000,0.0
1627784202000,0.0
1627784232000,0.0
1627784262000,0.0
1627784292000,0.0
1627784322000,0.0005998800239952009
1627784352000,0.0
1627784382000,0.0
1627784412000,0.0
1627784442000,0.0
1627784472000,0.0
1627784502000,0.0006067961165048543
1627784532000,0.0
1627784562000,0.0006150061500615006
1627784592000,0.0006142506142506142
1627784622000,0.0
1627784652000,0.0
1627784682000,0.0006184291898577612
1627784712000,0.0006056935190793457
1627784742000,0.0006153846153846153
1627784772000,0.0
1627784802000,0.0
1627784832000,0.0012004801920768304
1627784862000,0.0
1627784892000,0.0
1627784922000,0.0
1627784952000,0.0006131207847946045
1627784982000,0.0
1627785012000,0.0
1627785042000,0.0
1627785072000,0.0
1627785102000,0.0011976047904191614
1627785132000,0.0
1627785162000,0.0
1627785192000,0.0
1627785222000,0.0
1627785252000,0.0
1627785282000,0.0
1627785312000,0.0005984440454817473
1627785342000,0.0006131207847946045
1627785372000,0.0
1627785402000,0.0006027727546714887
1627785432000,0.0
1627785462000,0.0
1627785492000,0.0006071645415907711
1627785522000,0.0
1627785552000,0.0
1627785582000,0.0006082725060827251
1627785612000,0.0
1627785642000,0.0
1627785672000,0.0
1627785702000,0.0
1627785732000,0.0
1627785762000,0.0
1627785792000,0.0
1627785822000,0.0
1627785852000,0.0
1627785882000,0.0
1627785912000,0.0
1627785942000,0.0
1627785972000,0.0
1627786002000,0.0
1627786032000,0.0
1627786062000,0.0005998800239952009
1627786092000,0.0
1627786122000,0.0006064281382656155
1627786152000,0.0
1627786182000,0.0
1627786212000,0.0
1627786242000,0.0
1627786272000,0.0006101281269066504
1627786302000,0.0
1627786332000,0.0
1627786362000,0.0012026458208057728
1627786392000,0.0
1627786422000,0.0
1627786452000,0.0
1627786482000,0.0
1627786512000,0.0
1627786542000,0.0
1627786572000,0.0006053268765133173
1627786602000,0.0
1627786632000,0.0
1627786662000,0.0006112469437652813
1627786692000,0.0
1627786722000,0.0
1627786752000,0.0006108735491753207
1627786782000,0.0
1627786812000,0.0
1627786842000,0.0
1627786872000,0.0006211180124223603
1627786902000,0.0
1627786932000,0.0
1627786962000,0.0
1627786992000,0.0006123698714023269
1627787022000,0.0
1627787052000,0.0
1627787082000,0.0006108735491753207
1627787112000,0.0006082725060827251
1627787142000,0.0006067961165048543
1627787172000,0.0
1627787202000,0.0
1627787232000,0.0006086427267194157
1627787262000,0.0
1627787292000,0.0
1627787322000,0.0006108735491753207
1627787352000,0.0
1627787382000,0.0006086427267194157
1627787412000,0.0
1627787442000,0.0
1627787472000,0.0
1627787502000,0.0
1627787532000,0.0
1627787562000,0.0006119951040391675
1627787592000,0.0006142506142506142
1627787622000,0.0
1627787652000,0.0
1627787682000,0.0
1627787712000,0.0
1627787742000,0.0
1627787772000,0.0006027727546714887
1627787802000,0.0
1627787832000,0.0
1627787862000,0.0
1627787892000,0.0
1627787922000,0.0
1627787952000,0.0
1627787982000,0.0
1627788012000,0.0
1627788042000,0.0
1627788072000,0.0006027727546714887
1627788102000,0.0
1627788132000,0.0012315270935960591
1627788162000,0.0006112469437652813
1627788192000,0.0
1627788222000,0.0005995203836930455
1627788252000,0.0006082725060827251
1627788282000,0.0
1627788312000,0.0006056935190793457
1627788342000,0.0
1627788372000,0.0
1627788402000,0.0
1627788432000,0.0006150061500615006
1627788462000,0.0
1627788492000,0.0
1627788522000,0.0
1627788552000,0.0
1627788582000,0.0
1627788612000,0.0006045949214026603
1627788642000,0.0006169031462060457
1627788672000,0.0
1627788702000,0.0
1627788732000,0.0006112469437652813
1627788762000,0.0
1627788792000,0.0006142506142506142
1627788822000,0.0006086427267194157
1627788852000,0.0006024096385542169
1627788882000,0.0
1627788912000,0.0
1627788942000,0.0006093845216331506
1627788972000,0.0
1627789002000,0.0006105006105006105
1627789032000,0.0
1627789062000,0.0
1627789092000,0.0
1627789122000,0.0006153846153846153
1627789152000,0.0
1627789182000,0.0
1627789212000,0.0006153846153846153
1627789242000,0.0
1627789272000,0.0
1627789302000,0.0
1627789332000,0.0
1627789362000,0.0006116207951070336
1627789392000,0.0
1627789422000,0.0006056935190793457
1627789452000,0.0
1627789482000,0.0
1627789512000,0.0
1627789542000,0.0
1627789572000,0.0
1627789602000,0.0
1627789632000,0.0
1627789662000,0.0006161429451632778
1627789692000,0.0006056935190793457
1627789722000,0.0
1627789752000,0.0
1627789782000,0.0
1627789812000,0.0
1627789842000,0.0
1627789872000,0.0006172839506172839
1627789902000,0.0
1627789932000,0.0
1627789962000,0.0
1627789992000,0.0
1627790022000,0.0
1627790052000,0.0
1627790082000,0.0
1627790112000,0.0006067961165048543
1627790142000,0.0006161429451632778
1627790172000,0.0005995203836930455
1627790202000,0.0
1627790232000,0.0
1627790262000,0.0005920663114268798
1627790292000,0.0
1627790322000,0.0
1627790352000,0.0
1627790382000,0.0006045949214026603
1627790412000,0.0
1627790442000,0.0
1627790472000,0.0
1627790502000,0.0
1627790532000,0.0006097560975609756
1627790562000,0.0
1627790592000,0.0
1627790622000,0.0
1627790652000,0.0
1627790682000,0.0
1627790712000,0.0006009615384615385
1627790742000,0.0
1627790772000,0.0
1627790802000,0.0006071645415907711
1627790832000,0.0
1627790862000,0.0
1627790892000,0.0
1627790922000,0.0006093845216331506
1627790952000,0.0
1627790982000,0.0
1627791012000,0.0
1627791042000,0.0
1627791072000,0.0006079027355623102
1627791102000,0.0
1627791132000,0.0
1627791162000,0.0
1627791192000,0.0
1627791222000,0.0006038647342995169
1627791252000,0.0
1627791282000,0.0
1627791312000,0.0
1627791342000,0.0006079027355623102
1627791372000,0.0
1627791402000,0.0
1627791432000,0.0
1627791462000,0.0
1627791492000,0.0
1627791522000,0.0
1627791552000,0.0
1627791582000,0.0006013229104028864
1627791612000,0.0
1627791642000,0.0
1627791672000,0.0
1627791702000,0.0
1627791732000,0.0
1627791762000,0.0
1627791792000,0.0
1627791822000,0.0006184291898577612
1627791852000,0.0
1627791882000,0.0
1627791912000,0.0
1627791942000,0.0
1627791972000,0.0
1627792002000,0.0006119951040391675
1627792032000,0.0
1627792062000,0.0
1627792092000,0.0
1627792122000,0.0
1627792152000,0.0006049606775559589
1627792182000,0.0
1627792212000,0.001238390092879257
1627792242000,0.0
1627792272000,0.0006142506142506142
1627792302000,0.0006146281499692684
1627792332000,0.0006108735491753207
1627792362000,0.0
1627792392000,0.0006045949214026603
1627792422000,0.0
1627792452000,0.0
1627792482000,0.0
1627792512000,0.0
1627792542000,0.0
1627792572000,0.0
1627792602000,0.0
1627792632000,0.0006108735491753207
1627792662000,0.0006093845216331506
1627792692000,0.0006038647342995169
1627792722000,0.0
1627792752000,0.0
1627792782000,0.0
1627792812000,0.0
1627792842000,0.0
1627792872000,0.0006176652254478072
1627792902000,0.0005973715651135006
1627792932000,0.0006123698714023269
1627792962000,0.0
1627792992000,0.0
1627793022000,0.0
1627793052000,0.0006176652254478072
1627793082000,0.0
1627793112000,0.0
1627793142000,0.0006131207847946045
1627793172000,0.0
1627793202000,0.0006079027355623102
1627793232000,0.0006067961165048543
1627793262000,0.0
1627793292000,0.0006079027355623102
1627793322000,0.0
1627793352000,0.0
1627793382000,0.0006079027355623102
1627793412000,0.0
1627793442000,0.0
1627793472000,0.0006150061500615006
1627793502000,0.0006035003017501509
1627793532000,0.0006024096385542169
1627793562000,0.0
1627793592000,0.0006131207847946045
1627793622000,0.0006123698714023269
1627793652000,0.0
1627793682000,0.0
1627793712000,0.0006161429451632778
1627793742000,0.0
1627793772000,0.0
1627793802000,0.0006165228113440197
1627793832000,0.0
1627793862000,0.0
1627793892000,0.0
1627793922000,0.0
1627793952000,0.0012307692307692306
1627793982000,0.0
1627794012000,0.0
1627794042000,0.0
1627794072000,0.0
1627794102000,0.0
1627794132000,0.0006045949214026603
1627794162000,0.0
1627794192000,0.0006093845216331506
1627794222000,0.0006131207847946045
1627794252000,0.0006024096385542169
1627794282000,0.0
1627794312000,0.0
1627794342000,0.0
1627794372000,0.0
1627794402000,0.0
1627794432000,0.0
1627794462000,0.0
1627794492000,0.0
1627794522000,0.0
1627794552000,0.0005984440454817473
1627794582000,0.0
1627794612000,0.0
1627794642000,0.0006131207847946045
1627794672000,0.0
1627794702000,0.0005970149253731342
1627794732000,0.0
1627794762000,0.0
1627794792000,0.0012202562538133007
1627794822000,0.0
1627794852000,0.0006038647342995169
1627794882000,0.0
1627794912000,0.0
1627794942000,0.0
1627794972000,0.0005952380952380952
1627795002000,0.0
1627795032000,0.0
1627795062000,0.0
1627795092000,0.0
1627795122000,0.0
1627795152000,0.0006138735420503376
1627795182000,0.0
1627795212000,0.0
1627795242000,0.0
1627795272000,0.0
1627795302000,0.0
1627795332000,0.0006127450980392157
1627795362000,0.0
1627795392000,0.0
1627795422000,0.0
1627795452000,0.0006035003017501509
1627795482000,0.0
1627795512000,0.0
1627795542000,0.0
1627795572000,0.0006127450980392157
1627795602000,0.0
1627795632000,0.0
1627795662000,0.0
1627795692000,0.0
1627795722000,0.0005959475566150177
1627795752000,0.0
1627795782000,0.0
1627795812000,0.0
1627795842000,0.0
1627795872000,0.0
1627795902000,0.0
1627795932000,0.0006053268765133173
1627795962000,0.0005892751915144372
1627795992000,0.0
1627796022000,0.0006116207951070336
1627796052000,0.0006138735420503376
1627796082000,0.0
1627796112000,0.0
1627796142000,0.0
1627796172000,0.0
1627796202000,0.0
1627796232000,0.0006045949214026603
1627796262000,0.0
1627796292000,0.0
1627796322000,0.0006042296072507553
1627796352000,0.0006101281269066504
1627796382000,0.0
1627796412000,0.0
1627796442000,0.0
1627796472000,0.0006108735491753207
1627796502000,0.0
1627796532000,0.0006108735491753207
1627796562000,0.0
1627796592000,0.0
1627796622000,0.0
1627796652000,0.0
1627796682000,0.0006097560975609756
1627796712000,0.0006002400960384152
1627796742000,0.0006042296072507553
1627796772000,0.0006207324643078832
1627796802000,0.0018270401948842876
1627796832000,0.0006153846153846153
1627796862000,0.0006056935190793457
1627796892000,0.0
1627796922000,0.0
1627796952000,0.0
1627796982000,0.0
1627797012000,0.0006230529595015578
1627797042000,0.0006079027355623102
1627797072000,0.0006009615384615385
1627797102000,0.0006013229104028864
1627797132000,0.0
1627797162000,0.0006191950464396285
1627797192000,0.0
1627797222000,0.0006161429451632778
1627797252000,0.0
1627797282000,0.0
1627797312000,0.0
1627797342000,0.0
1627797372000,0.0006031363088057902
1627797402000,0.0
1627797432000,0.0
1627797462000,0.0
1627797492000,0.0
1627797522000,0.0
1627797552000,0.0
1627797582000,0.0005977286312014345
1627797612000,0.0006045949214026603
1627797642000,0.0006020469596628537
1627797672000,0.0
1627797702000,0.0
1627797732000,0.0
1627797762000,0.0
1627797792000,0.0006067961165048543
1627797822000,0.0
1627797852000,0.00121580547112462
1627797882000,0.0
1627797912000,0.0
1627797942000,0.0
1627797972000,0.0
1627798002000,0.0
1627798032000,0.0
1627798062000,0.0
1627798092000,0.0
1627798122000,0.0
1627798152000,0.0006097560975609756
1627798182000,0.0
1627798212000,0.0005984440454817473
1627798242000,0.0
1627798272000,0.0
1627798302000,0.0006108735491753207
1627798332000,0.0006112469437652813
1627798362000,0.0006082725060827251
1627798392000,0.0
1627798422000,0.0
1627798452000,0.0005995203836930455
1627798482000,0.0006079027355623102
1627798512000,0.0006097560975609756
1627798542000,0.0
1627798572000,0.0006116207951070336
1627798602000,0.0
1627798632000,0.0006112469437652813
1627798662000,0.0
1627798692000,0.0006116207951070336
1627798722000,0.0
1627798752000,0.0
1627798782000,0.0
1627798812000,0.0006090133982947625
1627798842000,0.0006049606775559589
1627798872000,0.0
1627798902000,0.0005988023952095807
1627798932000,0.0
1627798962000,0.0
1627798992000,0.0005995203836930455
1627799022000,0.0
1627799052000,0.0006150061500615006
1627799082000,0.0
1627799112000,0.0
1627799142000,0.0
1627799172000,0.0
1627799202000,0.0006116207951070336
1627799232000,0.0006067961165048543
1627799262000,0.0
1627799292000,0.0
1627799322000,0.0
1627799352000,0.0006146281499692684
1627799382000,0.0006119951040391675
1627799412000,0.0006150061500615006
1627799442000,0.0
1627799472000,0.0
1627799502000,0.0
1627799532000,0.0006146281499692684
1627799562000,0.0006153846153846153
1627799592000,0.0005970149253731342
1627799622000,0.0006090133982947625
1627799652000,0.0
1627799682000,0.0006067961165048543
1627799712000,0.0
1627799742000,0.0
1627799772000,0.0
1627799802000,0.0006138735420503376
1627799832000,0.0
1627799862000,0.0
1627799892000,0.0006112469437652813
1627799922000,0.0006150061500615006
1627799952000,0.0
1627799982000,0.0006211180124223603
1627800012000,0.0
1627800042000,0.0
1627800072000,0.0006035003017501509
1627800102000,0.0
1627800132000,0.0
1627800162000,0.0
1627800192000,0.0
1627800222000,0.0
1627800252000,0.0
1627800282000,0.0
1627800312000,0.0
1627800342000,0.0
1627800372000,0.0
1627800402000,0.0
1627800432000,0.0
1627800462000,0.0
1627800492000,0.0006097560975609756
1627800522000,0.0
1627800552000,0.0
1627800582000,0.0
1627800612000,0.0
1627800642000,0.0
1627800672000,0.0006134969325153375
1627800702000,0.0
1627800732000,0.0006042296072507553
1627800762000,0.0
1627800792000,0.0
1627800822000,0.0006112469437652813
1627800852000,0.0
1627800882000,0.0
1627800912000,0.0006053268765133173
1627800942000,0.0
1627800972000,0.0
1627801002000,0.0006161429451632778
1627801032000,0.0006157635467980296
1627801062000,0.0
1627801092000,0.0
1627801122000,0.0
1627801152000,0.0
1627801182000,0.0
1627801212000,0.0006127450980392157
1627801242000,0.0
1627801272000,0.0
1627801302000,0.0
1627801332000,0.0
1627801362000,0.0
1627801392000,0.0006086427267194157
1627801422000,0.0
1627801452000,0.0
1627801482000,0.0
1627801512000,0.0
1627801542000,0.0
1627801572000,0.0
1627801602000,0.0
1627801632000,0.0
1627801662000,0.0
1627801692000,0.0006024096385542169
1627801722000,0.0006119951040391675
1627801752000,0.0
1627801782000,0.0006060606060606062
1627801812000,0.0
1627801842000,0.0
1627801872000,0.0006165228113440197
1627801902000,0.0
1627801932000,0.0
1627801962000,0.0
1627801992000,0.0006045949214026603
1627802022000,0.0006053268765133173
1627802052000,0.0006067961165048543
1627802082000,0.0
1627802112000,0.0
1627802142000,0.0
1627802172000,0.0012106537530266347
1627802202000,0.0006064281382656155
1627802232000,0.0
1627802262000,0.0
1627802292000,0.0
1627802322000,0.0005988023952095807
1627802352000,0.0
1627802382000,0.0
1627802412000,0.0
1627802442000,0.0
1627802472000,0.0006067961165048543
1627802502000,0.0
1627802532000,0.0006027727546714887
1627802562000,0.0006153846153846153
1627802592000,0.0006093845216331506
1627802622000,0.0
1627802652000,0.0
1627802682000,0.0
1627802712000,0.0
1627802742000,0.0
1627802772000,0.0006161429451632778
1627802802000,0.0
1627802832000,0.0
1627802862000,0.0
1627802892000,0.0
1627802922000,0.0
1627802952000,0.0
1627802982000,0.0
1627803012000,0.0
1627803042000,0.0
1627803072000,0.0
1627803102000,0.0
1627803132000,0.0
1627803162000,0.0
1627803192000,0.0006134969325153375
1627803222000,0.0
1627803252000,0.0
1627803282000,0.0006134969325153375
1627803312000,0.0
1627803342000,0.0006090133982947625
1627803372000,0.0
1627803402000,0.0
1627803432000,0.0006112469437652813
1627803462000,0.0
1627803492000,0.0
1627803522000,0.0005998800239952009
1627803552000,0.0
1627803582000,0.0006127450980392157
1627803612000,0.0
1627803642000,0.0006056935190793457
1627803672000,0.0
1627803702000,0.0006090133982947625
1627803732000,0.0
1627803762000,0.0005917159763313611
1627803792000,0.0006075334143377885
1627803822000,0.0
1627803852000,0.0
1627803882000,0.0
1627803912000,0.0
1627803942000,0.0
1627803972000,0.0006035003017501509
1627804002000,0.0006079027355623102
1627804032000,0.0006211180124223603
1627804062000,0.0006086427267194157
1627804092000,0.0006138735420503376
1627804122000,0.0006146281499692684
1627804152000,0.0006108735491753207
1627804182000,0.0
1627804212000,0.0
1627804242000,0.0
1627804272000,0.0006123698714023269
1627804302000,0.0
1627804332000,0.0
1627804362000,0.0
1627804392000,0.0
1627804422000,0.0
1627804452000,0.0
1627804482000,0.0
1627804512000,0.0006079027355623102
1627804542000,0.0
1627804572000,0.0006150061500615006
1627804602000,0.0
1627804632000,0.0
1627804662000,0.0006020469596628537
1627804692000,0.0006042296072507553
1627804722000,0.0006188118811881187
1627804752000,0.0
1627804782000,0.0005966587112171838
1627804812000,0.0006165228113440197
1627804842000,0.0
1627804872000,0.0
1627804902000,0.0
1627804932000,0.0
1627804962000,0.0
1627804992000,0.0006138735420503376
1627805022000,0.0006002400960384152
1627805052000,0.0006038647342995169
1627805082000,0.0
1627805112000,0.0
1627805142000,0.0006075334143377885
1627805172000,0.0
1627805202000,0.0
1627805232000,0.0006169031462060457
1627805262000,0.0006090133982947625
1627805292000,0.0
1627805322000,0.0
1627805352000,0.0
1627805382000,0.0
1627805412000,0.0
1627805442000,0.0
1627805472000,0.0006131207847946045
1627805502000,0.0
1627805532000,0.0006199628022318662
1627805562000,0.0
1627805592000,0.0
1627805622000,0.0
1627805652000,0.0
1627805682000,0.0
1627805712000,0.0006002400960384152
1627805742000,0.0006215040397762585
1627805772000,0.0
1627805802000,0.0
1627805832000,0.0
1627805862000,0.0
1627805892000,0.0
1627805922000,0.0
1627805952000,0.0006049606775559589
1627805982000,0.0
1627806012000,0.0006157635467980296
1627806042000,0.0006105006105006105
1627806072000,0.0
1627806102000,0.0006093845216331506
1627806132000,0.0
1627806162000,0.0
1627806192000,0.0
1627806222000,0.0006138735420503376
1627806252000,0.0
1627806282000,0.0006119951040391675
1627806312000,0.0
1627806342000,0.0006086427267194157
1627806372000,0.0
1627806402000,0.0006082725060827251
1627806432000,0.0
1627806462000,0.0
1627806492000,0.0006203473945409428
1627806522000,0.0006035003017501509
1627806552000,0.0005984440454817473
1627806582000,0.0006045949214026603
1627806612000,0.0
1627806642000,0.0
1627806672000,0.0
1627806702000,0.0006027727546714887
1627806732000,0.0
1627806762000,0.0
1627806792000,0.0
1627806822000,0.0
1627806852000,0.0
1627806882000,0.0
1627806912000,0.0006002400960384152
1627806942000,0.0
1627806972000,0.0
1627807002000,0.0006150061500615006
1627807032000,0.0006112469437652813
1627807062000,0.0
1627807092000,0.0006097560975609756
1627807122000,0.0
1627807152000,0.0
1627807182000,0.0
1627807212000,0.0
1627807242000,0.0
1627807272000,0.0
1627807302000,0.0006086427267194157
1627807332000,0.0006020469596628537
1627807362000,0.001199040767386091
1627807392000,0.0
1627807422000,0.0
1627807452000,0.0012277470841006752
1627807482000,0.0
1627807512000,0.0
1627807542000,0.0006153846153846153
1627807572000,0.0006024096385542169
1627807602000,0.0006071645415907711
1627807632000,0.0006108735491753207
1627807662000,0.0006153846153846153
1627807692000,0.0
1627807722000,0.0006049606775559589
1627807752000,0.0
1627807782000,0.0
1627807812000,0.0
1627807842000,0.0
1627807872000,0.0
1627807902000,0.0
1627807932000,0.0006218905472636817
1627807962000,0.0
1627807992000,0.0
1627808022000,0.0
1627808052000,0.0
1627808082000,0.0
1627808112000,0.0
1627808142000,0.0
1627808172000,0.0
1627808202000,0.0006108735491753207
1627808232000,0.0
1627808262000,0.0
1627808292000,0.0
1627808322000,0.0006031363088057902
1627808352000,0.0
1627808382000,0.0005973715651135006
1627808412000,0.0
1627808442000,0.0
1627808472000,0.0
1627808502000,0.0006188118811881187
1627808532000,0.0
1627808562000,0.0006064281382656155
1627808592000,0.0
1627808622000,0.0006035003017501509
1627808652000,0.0
1627808682000,0.0
1627808712000,0.0
1627808742000,0.0
1627808772000,0.0005998800239952009
1627808802000,0.0
1627808832000,0.0
1627808862000,0.0006230529595015578
1627808892000,0.0005988023952095807
1627808922000,0.0
1627808952000,0.0
1627808982000,0.0006161429451632778
1627809012000,0.0
1627809042000,0.0
1627809072000,0.0006176652254478072
1627809102000,0.0
1627809132000,0.0006180469715698393
1627809162000,0.0006031363088057902
1627809192000,0.0012165450121654502
1627809222000,0.0
1627809252000,0.0006093845216331506
1627809282000,0.0005955926146515784
1627809312000,0.0
1627809342000,0.0
1627809372000,0.0
1627809402000,0.0006016847172081829
1627809432000,0.0
1627809462000,0.0
1627809492000,0.0006108735491753207
1627809522000,0.0
1627809552000,0.0
1627809582000,0.0
1627809612000,0.0
1627809642000,0.0012106537530266347
1627809672000,0.0
1627809702000,0.0
1627809732000,0.0
1627809762000,0.0
1627809792000,0.0
1627809822000,0.0
1627809852000,0.0
1627809882000,0.0
1627809912000,0.0
1627809942000,0.0005941770647653001
1627809972000,0.0
1627810002000,0.0006079027355623102
1627810032000,0.0006112469437652813
1627810062000,0.0006009615384615385
1627810092000,0.0006082725060827251
1627810122000,0.0
1627810152000,0.0006060606060606062
1627810182000,0.0
1627810212000,0.0
1627810242000,0.0
1627810272000,0.0006042296072507553
1627810302000,0.0
1627810332000,0.0
1627810362000,0.0
1627810392000,0.0
1627810422000,0.0
1627810452000,0.0
1627810482000,0.0
1627810512000,0.0
1627810542000,0.0
1627810572000,0.0
1627810602000,0.0
1627810632000,0.0
1627810662000,0.0006086427267194157
1627810692000,0.0006165228113440197
1627810722000,0.0
1627810752000,0.0
1627810782000,0.0006123698714023269
1627810812000,0.0
1627810842000,0.0
1627810872000,0.0
1627810902000,0.0006002400960384152
1627810932000,0.0006082725060827251
1627810962000,0.0
1627810992000,0.0
1627811022000,0.0006116207951070336
1627811052000,0.0
1627811082000,0.0006031363088057902
1627811112000,0.0
1627811142000,0.0
1627811172000,0.0006067961165048543
1627811202000,0.0
1627811232000,0.0005988023952095807
1627811262000,0.0
1627811292000,0.0
1627811322000,0.0006016847172081829
1627811352000,0.0006097560975609756
1627811382000,0.0
1627811412000,0.0
1627811442000,0.0006056935190793457
1627811472000,0.0
1627811502000,0.0
1627811532000,0.0006134969325153375
1627811562000,0.0006049606775559589
1627811592000,0.0012012012012012011
1627811622000,0.0006195786864931846
1627811652000,0.0006108735491753207
1627811682000,0.0006123698714023269
1627811712000,0.0006090133982947625
1627811742000,0.0
1627811772000,0.0
1627811802000,0.0
1627811832000,0.0006038647342995169
1627811862000,0.0
1627811892000,0.0005938242280285036
1627811922000,0.0
1627811952000,0.0006086427267194157
1627811982000,0.0006053268765133173
1627812012000,0.0006075334143377885
1627812042000,0.0
1627812072000,0.0006123698714023269
1627812102000,0.0
1627812132000,0.0
1627812162000,0.0
1627812192000,0.0
1627812222000,0.0006161429451632778
1627812252000,0.0
1627812282000,0.0
1627812312000,0.0006207324643078832
1627812342000,0.0
1627812372000,0.0
1627812402000,0.0
1627812432000,0.0006093845216331506
1627812462000,0.0
1627812492000,0.0
1627812522000,0.0006161429451632778
1627812552000,0.0
1627812582000,0.0
1627812612000,0.0006146281499692684
1627812642000,0.0
1627812672000,0.0
1627812702000,0.0006180469715698393
1627812732000,0.0
1627812762000,0.0
1627812792000,0.0
1627812822000,0.0
1627812852000,0.0
1627812882000,0.0
1627812912000,0.0
1627812942000,0.0005998800239952009
1627812972000,0.0
1627813002000,0.0
1627813032000,0.0
1627813062000,0.0006060606060606062
1627813092000,0.0006075334143377885
1627813122000,0.0006184291898577612
1627813152000,0.0
1627813182000,0.0006218905472636817
1627813212000,0.0
1627813242000,0.0006215040397762585
1627813272000,0.0
1627813302000,0.0
1627813332000,0.0
1627813362000,0.0
1627813392000,0.0
1627813422000,0.0
1627813452000,0.0
1627813482000,0.0
1627813512000,0.0006079027355623102
1627813542000,0.0
1627813572000,0.0011997600479904018
1627813602000,0.0
1627813632000,0.0
1627813662000,0.0006071645415907711
1627813692000,0.0
1627813722000,0.0006146281499692684
1627813752000,0.0006218905472636817
1627813782000,0.0
1627813812000,0.0
1627813842000,0.0006119951040391675
1627813872000,0.0
1627813902000,0.0
1627813932000,0.0
1627813962000,0.0
1627813992000,0.0
1627814022000,0.0
1627814052000,0.0
1627814082000,0.0
1627814112000,0.0
1627814142000,0.0006203473945409428
1627814172000,0.0
1627814202000,0.0
1627814232000,0.0006075334143377885
1627814262000,0.0006108735491753207
1627814292000,0.0
1627814322000,0.0
1627814352000,0.0006112469437652813
1627814382000,0.0
1627814412000,0.0
1627814442000,0.0
1627814472000,0.0006082725060827251
1627814502000,0.0
1627814532000,0.0006169031462060457
1627814562000,0.0006150061500615006
1627814592000,0.0
1627814622000,0.0
1627814652000,0.0006142506142506142
1627814682000,0.0006079027355623102
1627814712000,0.0012099213551119178
1627814742000,0.0
1627814772000,0.0
1627814802000,0.0006097560975609756
1627814832000,0.0
1627814862000,0.0
1627814892000,0.0
1627814922000,0.0
1627814952000,0.0
1627814982000,0.0
1627815012000,0.0006031363088057902
1627815042000,0.0
1627815072000,0.0
1627815102000,0.0006150061500615006
1627815132000,0.0
1627815162000,0.0006042296072507553
1627815192000,0.0
1627815222000,0.0
1627815252000,0.0
1627815282000,0.0
1627815312000,0.0
1627815342000,0.0
1627815372000,0.0
1627815402000,0.0006027727546714887
1627815432000,0.0
1627815462000,0.0
1627815492000,0.0
1627815522000,0.0
1627815552000,0.0006049606775559589
1627815582000,0.0
1627815612000,0.0
1627815642000,0.0
1627815672000,0.0
1627815702000,0.0
1627815732000,0.0006127450980392157
1627815762000,0.001226993865030675
1627815792000,0.0
1627815822000,0.0
1627815852000,0.0
1627815882000,0.0
1627815912000,0.0
1627815942000,0.0006009615384615385
1627815972000,0.0006079027355623102
1627816002000,0.0006127450980392157
1627816032000,0.0
1627816062000,0.0
1627816092000,0.0
1627816122000,0.0
1627816152000,0.0006060606060606062
1627816182000,0.0
1627816212000,0.0
1627816242000,0.0006042296072507553
1627816272000,0.0006184291898577612
1627816302000,0.0
1627816332000,0.0006067961165048543
1627816362000,0.0006031363088057902
1627816392000,0.0006042296072507553
1627816422000,0.0
1627816452000,0.0
1627816482000,0.0006090133982947625
1627816512000,0.0006150061500615006
1627816542000,0.0
1627816572000,0.0
1627816602000,0.0006053268765133173
1627816632000,0.0
1627816662000,0.0006093845216331506
1627816692000,0.0
1627816722000,0.0006138735420503376
1627816752000,0.0
1627816782000,0.0
1627816812000,0.0
1627816842000,0.0006101281269066504
1627816872000,0.0006079027355623102
1627816902000,0.0
1627816932000,0.0
1627816962000,0.0
1627816992000,0.0
1627817022000,0.0006079027355623102
1627817052000,0.0
1627817082000,0.0
1627817112000,0.0
1627817142000,0.0
1627817172000,0.0
1627817202000,0.0
1627817232000,0.0
1627817262000,0.0
1627817292000,0.0
1627817322000,0.0
1627817352000,0.0
1627817382000,0.0012224938875305626
1627817412000,0.0
1627817442000,0.0006049606775559589
1627817472000,0.0
1627817502000,0.0
1627817532000,0.0
1627817562000,0.0006097560975609756
1627817592000,0.0
1627817622000,0.0
1627817652000,0.0
1627817682000,0.0
1627817712000,0.0
1627817742000,0.0
1627817772000,0.0
1627817802000,0.0
1627817832000,0.0
1627817862000,0.0006009615384615385
1627817892000,0.0
1627817922000,0.0
1627817952000,0.0
1627817982000,0.0
1627818012000,0.0
1627818042000,0.0
1627818072000,0.0
1627818102000,0.0
1627818132000,0.0
1627818162000,0.0
1627818192000,0.0
1627818222000,0.0006053268765133173
1627818252000,0.0
1627818282000,0.0006101281269066504
1627818312000,0.0
1627818342000,0.0006146281499692684
1627818372000,0.0
1627818402000,0.0006161429451632778
1627818432000,0.0006157635467980296
1627818462000,0.0
1627818492000,0.0
1627818522000,0.0
1627818552000,0.0
1627818582000,0.0
1627818612000,0.0
1627818642000,0.0006067961165048543
1627818672000,0.0
1627818702000,0.0
1627818732000,0.0
1627818762000,0.0
1627818792000,0.0006045949214026603
1627818822000,0.0
1627818852000,0.0
1627818882000,0.0
1627818912000,0.0006131207847946045
1627818942000,0.0012135922330097086
1627818972000,0.0
1627819002000,0.0
1627819032000,0.0
1627819062000,0.0
1627819092000,0.0006090133982947625
1627819122000,0.0
1627819152000,0.0006045949214026603
1627819182000,0.0006157635467980296
1627819212000,0.0
1627819242000,0.0006045949214026603
1627819272000,0.0006195786864931846
1627819302000,0.0
1627819332000,0.0
1627819362000,0.0
1627819392000,0.0
1627819422000,0.0006203473945409428
1627819452000,0.0
1627819482000,0.0
1627819512000,0.0
1627819542000,0.0006176652254478072
1627819572000,0.0
1627819602000,0.0
1627819632000,0.0
1627819662000,0.0
1627819692000,0.0
1627819722000,0.0
1627819752000,0.0006127450980392157
1627819782000,0.0006049606775559589
1627819812000,0.0006090133982947625
1627819842000,0.0
1627819872000,0.0006038647342995169
1627819902000,0.0
1627819932000,0.0
1627819962000,0.0012224938875305626
1627819992000,0.0
1627820022000,0.0
1627820052000,0.0
1627820082000,0.0
1627820112000,0.0006101281269066504
1627820142000,0.0
1627820172000,0.0006045949214026603
1627820202000,0.0
1627820232000,0.0006090133982947625
1627820262000,0.0006108735491753207
1627820292000,0.0
1627820322000,0.0
1627820352000,0.0
1627820382000,0.0
1627820412000,0.0006086427267194157
1627820442000,0.0006134969325153375
1627820472000,0.0
1627820502000,0.0006134969325153375
1627820532000,0.0
1627820562000,0.0
1627820592000,0.0
1627820622000,0.0
1627820652000,0.0006112469437652813
1627820682000,0.0006101281269066504
1627820712000,0.0
1627820742000,0.0
1627820772000,0.0006038647342995169
1627820802000,0.0
1627820832000,0.0
1627820862000,0.0
1627820892000,0.0
1627820922000,0.0005995203836930455
1627820952000,0.0
1627820982000,0.0006038647342995169
1627821012000,0.0
1627821042000,0.0
1627821072000,0.0
1627821102000,0.0006134969325153375
1627821132000,0.0006016847172081829
1627821162000,0.0
1627821192000,0.0
1627821222000,0.0
1627821252000,0.0
1627821282000,0.0
1627821312000,0.0005991611743559018
1627821342000,0.0
1627821372000,0.0
1627821402000,0.001203369434416366
1627821432000,0.0005991611743559018
1627821462000,0.0006045949214026603
1627821492000,0.0006049606775559589
1627821522000,0.0
1627821552000,0.0
1627821582000,0.0006184291898577612
1627821612000,0.0006131207847946045
1627821642000,0.0006180469715698393
1627821672000,0.0
1627821702000,0.0
1627821732000,0.0006024096385542169
1627821762000,0.0
1627821792000,0.0
1627821822000,0.0
1627821852000,0.0
1627821882000,0.0
1627821912000,0.0
1627821942000,0.0
1627821972000,0.0
1627822002000,0.0
1627822032000,0.0
1627822062000,0.0006169031462060457
1627822092000,0.0
1627822122000,0.0
1627822152000,0.0
1627822182000,0.0
1627822212000,0.0006042296072507553
1627822242000,0.0
1627822272000,0.0006180469715698393
1627822302000,0.0006086427267194157
1627822332000,0.0
1627822362000,0.0
1627822392000,0.0006020469596628537
1627822422000,0.0
1627822452000,0.0005963029218843173
1627822482000,0.0006138735420503376
1627822512000,0.0
1627822542000,0.0006093845216331506
1627822572000,0.0
1627822602000,0.0
1627822632000,0.0006035003017501509
1627822662000,0.0
1627822692000,0.0
1627822722000,0.0006215040397762585
1627822752000,0.0
1627822782000,0.0
1627822812000,0.0
1627822842000,0.0006038647342995169
1627822872000,0.0
1627822902000,0.0006016847172081829
1627822932000,0.0
1627822962000,0.0
1627822992000,0.0
1627823022000,0.0
1627823052000,0.0
1627823082000,0.0
1627823112000,0.0
1627823142000,0.0
1627823172000,0.0
1627823202000,0.0006016847172081829
1627823232000,0.0
1627823262000,0.0006079027355623102
1627823292000,0.0006042296072507553
1627823322000,0.0
1627823352000,0.0
1627823382000,0.0006153846153846153
1627823412000,0.0
1627823442000,0.0006169031462060457
1627823472000,0.0
1627823502000,0.0006031363088057902
1627823532000,0.0
1627823562000,0.0
1627823592000,0.0012091898428053206
1627823622000,0.0
1627823652000,0.0
1627823682000,0.0006093845216331506
1627823712000,0.0006079027355623102
1627823742000,0.0
1627823772000,0.0
1627823802000,0.0
1627823832000,0.0
1627823862000,0.0006207324643078832
1627823892000,0.0
1627823922000,0.0
1627823952000,0.0
1627823982000,0.0
1627824012000,0.0
1627824042000,0.0
1627824072000,0.0006180469715698393
1627824102000,0.0
1627824132000,0.0
1627824162000,0.0
1627824192000,0.0006131207847946045
1627824222000,0.0
1627824252000,0.0006165228113440197
1627824282000,0.0
1627824312000,0.0006131207847946045
1627824342000,0.0006134969325153375
1627824372000,0.0
1627824402000,0.0006071645415907711
1627824432000,0.0
1627824462000,0.0006042296072507553
1627824492000,0.0
1627824522000,0.0
1627824552000,0.0
1627824582000,0.0
1627824612000,0.0
1627824642000,0.0
1627824672000,0.0006075334143377885
1627824702000,0.0012232415902140672
1627824732000,0.0012195121951219512
1627824762000,0.0006045949214026603
1627824792000,0.0
1627824822000,0.0
1627824852000,0.0
1627824882000,0.0
1627824912000,0.0006079027355623102
1627824942000,0.0
1627824972000,0.0
1627825002000,0.0006105006105006105
1627825032000,0.0006146281499692684
1627825062000,0.0005988023952095807
1627825092000,0.0006215040397762585
1627825122000,0.0
1627825152000,0.0006035003017501509
1627825182000,0.0
1627825212000,0.0006090133982947625
1627825242000,0.0
1627825272000,0.0
1627825302000,0.0
1627825332000,0.0006009615384615385
1627825362000,0.0006024096385542169
1627825392000,0.0
1627825422000,0.0
1627825452000,0.0
1627825482000,0.0006075334143377885
1627825512000,0.0
1627825542000,0.0
1627825572000,0.0
1627825602000,0.0006082725060827251
1627825632000,0.0
1627825662000,0.0006142506142506142
1627825692000,0.0
1627825722000,0.0
1627825752000,0.0
1627825782000,0.0
1627825812000,0.0006123698714023269
1627825842000,0.0006134969325153375
1627825872000,0.0
1627825902000,0.0
1627825932000,0.0
1627825962000,0.0
1627825992000,0.0006064281382656155
1627826022000,0.0006086427267194157
1627826052000,0.0006116207951070336
1627826082000,0.0
1627826112000,0.0
1627826142000,0.0006172839506172839
1627826172000,0.0
1627826202000,0.0
1627826232000,0.0
1627826262000,0.0006153846153846153
1627826292000,0.0
1627826322000,0.0
1627826352000,0.0
1627826382000,0.0
1627826412000,0.0
1627826442000,0.0
1627826472000,0.0
1627826502000,0.0
1627826532000,0.0
1627826562000,0.0
1627826592000,0.0
1627826622000,0.0006142506142506142
1627826652000,0.0
1627826682000,0.0
1627826712000,0.0006123698714023269
1627826742000,0.0
1627826772000,0.0
1627826802000,0.0012414649286157664
1627826832000,0.0
1627826862000,0.0
1627826892000,0.0
1627826922000,0.0012048192771084338
1627826952000,0.0
1627826982000,0.0
1627827012000,0.0006042296072507553
1627827042000,0.0
1627827072000,0.0
1627827102000,0.0
1627827132000,0.0
1627827162000,0.0006093845216331506
1627827192000,0.0
1627827222000,0.0
1627827252000,0.0
1627827282000,0.0006093845216331506
1627827312000,0.0
1627827342000,0.0
1627827372000,0.0
1627827402000,0.0
1627827432000,0.0
1627827462000,0.0
1627827492000,0.0006131207847946045
1627827522000,0.0
1627827552000,0.0005991611743559018
1627827582000,0.0
1627827612000,0.0
1627827642000,0.0
1627827672000,0.0
1627827702000,0.0006035003017501509
1627827732000,0.0006013229104028864
1627827762000,0.0
1627827792000,0.0006112469437652813
1627827822000,0.0
1627827852000,0.0006075334143377885
1627827882000,0.0006097560975609756
1627827912000,0.0
1627827942000,0.0
1627827972000,0.0
1627828002000,0.0
1627828032000,0.0
1627828062000,0.0
1627828092000,0.0
1627828122000,0.0006134969325153375
1627828152000,0.0
1627828182000,0.0
1627828212000,0.0
1627828242000,0.0
1627828272000,0.0005995203836930455
1627828302000,0.0
1627828332000,0.0005998800239952009
1627828362000,0.0
1627828392000,0.0006093845216331506
1627828422000,0.0
1627828452000,0.0006009615384615385
1627828482000,0.0
1627828512000,0.0
1627828542000,0.0005988023952095807
1627828572000,0.0
1627828602000,0.0
1627828632000,0.0006053268765133173
1627828662000,0.0006045949214026603
1627828692000,0.0
1627828722000,0.0006112469437652813
1627828752000,0.0
1627828782000,0.0
1627828812000,0.0
1627828842000,0.0006079027355623102
1627828872000,0.0006161429451632778
1627828902000,0.0006134969325153375
1627828932000,0.0006064281382656155
1627828962000,0.0006157635467980296
1627828992000,0.0
1627829022000,0.0006079027355623102
1627829052000,0.0006108735491753207
1627829082000,0.0
1627829112000,0.0
1627829142000,0.0006131207847946045
1627829172000,0.0006101281269066504
1627829202000,0.0006134969325153375
1627829232000,0.0
1627829262000,0.0
1627829292000,0.0
1627829322000,0.0
1627829352000,0.0006153846153846153
1627829382000,0.0006075334143377885
1627829412000,0.0
1627829442000,0.0
1627829472000,0.0
1627829502000,0.0006146281499692684
1627829532000,0.0
1627829562000,0.0
1627829592000,0.0
1627829622000,0.0006101281269066504
1627829652000,0.0006119951040391675
1627829682000,0.0
1627829712000,0.0
1627829742000,0.0
1627829772000,0.0006116207951070336
1627829802000,0.0
1627829832000,0.0
1627829862000,0.0
1627829892000,0.0006038647342995169
1627829922000,0.0
1627829952000,0.0
1627829982000,0.0006101281269066504
1627830012000,0.0006082725060827251
1627830042000,0.0
1627830072000,0.0
1627830102000,0.0
1627830132000,0.0
1627830162000,0.0
1627830192000,0.0
1627830222000,0.0006134969325153375
1627830252000,0.0
1627830282000,0.0006060606060606062
1627830312000,0.0
1627830342000,0.0
1627830372000,0.0
1627830402000,0.0
1627830432000,0.0005995203836930455
1627830462000,0.0006082725060827251
1627830492000,0.0
1627830522000,0.0
1627830552000,0.0006131207847946045
1627830582000,0.0
1627830612000,0.0
1627830642000,0.0006042296072507553
1627830672000,0.0
1627830702000,0.0
1627830732000,0.0
1627830762000,0.0
1627830792000,0.0
1627830822000,0.0
1627830852000,0.0
1627830882000,0.0006060606060606062
1627830912000,0.0
1627830942000,0.0
1627830972000,0.0006112469437652813
1627831002000,0.0
1627831032000,0.0006035003017501509
1627831062000,0.0
1627831092000,0.0006161429451632778
1627831122000,0.0
1627831152000,0.0
1627831182000,0.0
1627831212000,0.0006146281499692684
1627831242000,0.0
1627831272000,0.0
1627831302000,0.0
1627831332000,0.0005955926146515784
1627831362000,0.0
1627831392000,0.0006138735420503376
1627831422000,0.0
1627831452000,0.0
1627831482000,0.0
1627831512000,0.0
1627831542000,0.0
1627831572000,0.0
1627831602000,0.0
1627831632000,0.0
1627831662000,0.0
1627831692000,0.0006112469437652813
1627831722000,0.0
1627831752000,0.0005966587112171838
1627831782000,0.001203369434416366
1627831812000,0.0
1627831842000,0.0006064281382656155
1627831872000,0.0
1627831902000,0.0
1627831932000,0.0006172839506172839
1627831962000,0.0006031363088057902
1627831992000,0.0
1627832022000,0.0
1627832052000,0.0006049606775559589
1627832082000,0.0
1627832112000,0.0
1627832142000,0.0
1627832172000,0.0
1627832202000,0.0006101281269066504
1627832232000,0.0006045949214026603
1627832262000,0.0
1627832292000,0.0
1627832322000,0.0
1627832352000,0.0
1627832382000,0.0
1627832412000,0.0
1627832442000,0.0006188118811881187
1627832472000,0.0
1627832502000,0.0006101281269066504
1627832532000,0.0005927682276229994
1627832562000,0.0
1627832592000,0.0
1627832622000,0.0
1627832652000,0.0006153846153846153
1627832682000,0.0006108735491753207
1627832712000,0.0
1627832742000,0.0
1627832772000,0.0
1627832802000,0.0005970149253731342
1627832832000,0.0
1627832862000,0.0
1627832892000,0.0006105006105006105
1627832922000,0.0
1627832952000,0.0
1627832982000,0.0
1627833012000,0.0006002400960384152
1627833042000,0.0006138735420503376
1627833072000,0.0
1627833102000,0.0006045949214026603
1627833132000,0.0
1627833162000,0.0
1627833192000,0.0
1627833222000,0.0
1627833252000,0.0
1627833282000,0.0
1627833312000,0.0
1627833342000,0.0
1627833372000,0.0006195786864931846
1627833402000,0.0
1627833432000,0.0
1627833462000,0.0
1627833492000,0.0
1627833522000,0.0012135922330097086
1627833552000,0.0006215040397762585
1627833582000,0.0006038647342995169
1627833612000,0.0
1627833642000,0.0
1627833672000,0.0
1627833702000,0.0
1627833732000,0.0
1627833762000,0.0
1627833792000,0.0006035003017501509
1627833822000,0.0006042296072507553
1627833852000,0.0
1627833882000,0.0
1627833912000,0.0
1627833942000,0.0006090133982947625
1627833972000,0.0
1627834002000,0.0
1627834032000,0.0006108735491753207
1627834062000,0.0
1627834092000,0.0
1627834122000,0.0
1627834152000,0.0
1627834182000,0.0
1627834212000,0.0006142506142506142
1627834242000,0.0
1627834272000,0.0
1627834302000,0.0006079027355623102
1627834332000,0.0
1627834362000,0.0005973715651135006
1627834392000,0.0
1627834422000,0.0
1627834452000,0.0
1627834482000,0.0
1627834512000,0.0012232415902140672
1627834542000,0.0
1627834572000,0.0
1627834602000,0.0
1627834632000,0.0
1627834662000,0.0
1627834692000,0.0006195786864931846
1627834722000,0.0
1627834752000,0.0
1627834782000,0.0006056935190793457
1627834812000,0.0
1627834842000,0.0
1627834872000,0.0005931198102016608
1627834902000,0.0006169031462060457
1627834932000,0.0
1627834962000,0.0006199628022318662
1627834992000,0.0
1627835022000,0.0006138735420503376
1627835052000,0.0
1627835082000,0.0
1627835112000,0.0
1627835142000,0.0006097560975609756
1627835172000,0.0
1627835202000,0.0
1627835232000,0.0
1627835262000,0.0
1627835292000,0.0006153846153846153
1627835322000,0.0
1627835352000,0.0
1627835382000,0.0
1627835412000,0.0006184291898577612
1627835442000,0.0
1627835472000,0.0006123698714023269
1627835502000,0.0
1627835532000,0.0
1627835562000,0.0
1627835592000,0.0
1627835622000,0.0
1627835652000,0.0
1627835682000,0.0
1627835712000,0.0
1627835742000,0.0
1627835772000,0.0
1627835802000,0.0
1627835832000,0.0006042296072507553
1627835862000,0.0
1627835892000,0.0
1627835922000,0.0005966587112171838
1627835952000,0.0006105006105006105
1627835982000,0.0005903187721369539
1627836012000,0.0
1627836042000,0.0
1627836072000,0.0
1627836102000,0.0
1627836132000,0.0006153846153846153
1627836162000,0.0
1627836192000,0.0
1627836222000,0.0006199628022318662
1627836252000,0.0
1627836282000,0.0
1627836312000,0.0
1627836342000,0.0
1627836372000,0.0
1627836402000,0.0006064281382656155
1627836432000,0.0
1627836462000,0.0
1627836492000,0.0
1627836522000,0.0
1627836552000,0.0
1627836582000,0.0006093845216331506
1627836612000,0.0012165450121654502
1627836642000,0.0
1627836672000,0.0006172839506172839
1627836702000,0.0
1627836732000,0.0005966587112171838
1627836762000,0.0
1627836792000,0.0
1627836822000,0.0
1627836852000,0.0
1627836882000,0.0
1627836912000,0.0006165228113440197
1627836942000,0.0
1627836972000,0.0
1627837002000,0.0006112469437652813
1627837032000,0.0
1627837062000,0.0
1627837092000,0.0
1627837122000,0.0006042296072507553
1627837152000,0.0
1627837182000,0.0006195786864931846
1627837212000,0.0
1627837242000,0.0
1627837272000,0.0
1627837302000,0.0
1627837332000,0.0
1627837362000,0.0006020469596628537
1627837392000,0.0
1627837422000,0.0
1627837452000,0.0
1627837482000,0.0006075334143377885
1627837512000,0.0012135922330097086
1627837542000,0.0
1627837572000,0.0006184291898577612
1627837602000,0.0
1627837632000,0.0
1627837662000,0.0
1627837692000,0.0005991611743559018
1627837722000,0.0011968880909634947
1627837752000,0.0
1627837782000,0.0
1627837812000,0.0
1627837842000,0.0
1627837872000,0.0
1627837902000,0.0
1627837932000,0.0
1627837962000,0.0006165228113440197
1627837992000,0.0
1627838022000,0.0
1627838052000,0.0
1627838082000,0.0
1627838112000,0.0006042296072507553
1627838142000,0.0006191950464396285
1627838172000,0.0
1627838202000,0.0
1627838232000,0.0006112469437652813
1627838262000,0.0006035003017501509
1627838292000,0.0
1627838322000,0.0006067961165048543
1627838352000,0.0006013229104028864
1627838382000,0.0
1627838412000,0.0
1627838442000,0.0
1627838472000,0.0
1627838502000,0.0
1627838532000,0.0
1627838562000,0.0
1627838592000,0.0006108735491753207
1627838622000,0.0006067961165048543
1627838652000,0.0
1627838682000,0.0
1627838712000,0.0
1627838742000,0.0
1627838772000,0.0
1627838802000,0.0
1627838832000,0.0006105006105006105
1627838862000,0.0
1627838892000,0.0
1627838922000,0.0
1627838952000,0.0
1627838982000,0.0
1627839012000,0.0006009615384615385
1627839042000,0.0006082725060827251
1627839072000,0.0
1627839102000,0.0
1627839132000,0.0
1627839162000,0.0
1627839192000,0.0
1627839222000,0.0
1627839252000,0.0006090133982947625
1627839282000,0.0006165228113440197
1627839312000,0.0
1627839342000,0.0
1627839372000,0.0
1627839402000,0.0006101281269066504
1627839432000,0.0
1627839462000,0.0
1627839492000,0.0
1627839522000,0.001212121212121212
1627839552000,0.0
1627839582000,0.0
1627839612000,0.0
1627839642000,0.0
1627839672000,0.0006064281382656155
1627839702000,0.0
1627839732000,0.0
1627839762000,0.0006119951040391675
1627839792000,0.0
1627839822000,0.0
1627839852000,0.0
1627839882000,0.0
1627839912000,0.0
1627839942000,0.0
1627839972000,0.0006105006105006105
1627840002000,0.0
1627840032000,0.0
1627840062000,0.0006053268765133173
1627840092000,0.0
1627840122000,0.0006195786864931846
1627840152000,0.0
1627840182000,0.0
1627840212000,0.0
1627840242000,0.0
1627840272000,0.0
1627840302000,0.0
1627840332000,0.0
1627840362000,0.0
1627840392000,0.0012338062924120911
1627840422000,0.0006064281382656155
1627840452000,0.0
1627840482000,0.0
1627840512000,0.0
1627840542000,0.0
1627840572000,0.0006131207847946045
1627840602000,0.0
1627840632000,0.0
1627840662000,0.0
1627840692000,0.0
1627840722000,0.0
1627840752000,0.0
1627840782000,0.0
1627840812000,0.0
1627840842000,0.0006105006105006105
1627840872000,0.0006150061500615006
1627840902000,0.0
1627840932000,0.0
1627840962000,0.0012048192771084338
1627840992000,0.0
1627841022000,0.0
1627841052000,0.0
1627841082000,0.0006071645415907711
1627841112000,0.0
1627841142000,0.0006064281382656155
1627841172000,0.0
1627841202000,0.0
1627841232000,0.0
1627841262000,0.0
1627841292000,0.0006176652254478072
1627841322000,0.0
1627841352000,0.0
1627841382000,0.0
1627841412000,0.0
1627841442000,0.0
1627841472000,0.0006002400960384152
1627841502000,0.0
1627841532000,0.0006108735491753207
1627841562000,0.0006101281269066504
1627841592000,0.0
1627841622000,0.0
1627841652000,0.0
1627841682000,0.0
1627841712000,0.0
1627841742000,0.0
1627841772000,0.0
1627841802000,0.0006172839506172839
1627841832000,0.0
1627841862000,0.0
1627841892000,0.0
1627841922000,0.0
1627841952000,0.0006101281269066504
1627841982000,0.0006176652254478072
1627842012000,0.0
1627842042000,0.0
1627842072000,0.0
1627842102000,0.0
1627842132000,0.0006042296072507553
1627842162000,0.0
1627842192000,0.0
1627842222000,0.0
1627842252000,0.0006042296072507553
1627842282000,0.0006031363088057902
1627842312000,0.0005980861244019139
1627842342000,0.0
1627842372000,0.0
1627842402000,0.0
1627842432000,0.0
1627842462000,0.0
1627842492000,0.0
1627842522000,0.0
1627842552000,0.0006086427267194157
1627842582000,0.0
1627842612000,0.0
1627842642000,0.0006090133982947625
1627842672000,0.0006079027355623102
1627842702000,0.0
1627842732000,0.0006038647342995169
1627842762000,0.0
1627842792000,0.0
1627842822000,0.0
1627842852000,0.0006060606060606062
1627842882000,0.0
1627842912000,0.0006112469437652813
1627842942000,0.0
1627842972000,0.0
1627843002000,0.0
1627843032000,0.0
1627843062000,0.0006097560975609756
1627843092000,0.0006119951040391675
1627843122000,0.0006042296072507553
1627843152000,0.0006142506142506142
1627843182000,0.0
1627843212000,0.0012300123001230013
1627843242000,0.0006027727546714887
1627843272000,0.0
1627843302000,0.0006105006105006105
1627843332000,0.0005924170616113746
1627843362000,0.0
1627843392000,0.0006086427267194157
1627843422000,0.0
1627843452000,0.0
1627843482000,0.0
1627843512000,0.0
1627843542000,0.0
1627843572000,0.0
1627843602000,0.0
1627843632000,0.0
1627843662000,0.0
1627843692000,0.0
1627843722000,0.0006123698714023269
1627843752000,0.0012026458208057728
1627843782000,0.0012368583797155227
1627843812000,0.0
1627843842000,0.0
1627843872000,0.0006071645415907711
1627843902000,0.0
1627843932000,0.0006082725060827251
1627843962000,0.0
1627843992000,0.0
1627844022000,0.0006038647342995169
1627844052000,0.0006131207847946045
1627844082000,0.0
1627844112000,0.0
1627844142000,0.0
1627844172000,0.0006161429451632778
1627844202000,0.0
1627844232000,0.0006138735420503376
1627844262000,0.0
1627844292000,0.0006016847172081829
1627844322000,0.0
1627844352000,0.0
1627844382000,0.0
1627844412000,0.0006053268765133173
1627844442000,0.0
1627844472000,0.0
1627844502000,0.0
1627844532000,0.0
1627844562000,0.0
1627844592000,0.0
1627844622000,0.0
1627844652000,0.0
1627844682000,0.0
1627844712000,0.0
1627844742000,0.0
1627844772000,0.0
1627844802000,0.0
1627844832000,0.0
1627844862000,0.0006031363088057902
1627844892000,0.0
1627844922000,0.0
1627844952000,0.0
1627844982000,0.0
1627845012000,0.0006116207951070336
1627845042000,0.0006060606060606062
1627845072000,0.0
1627845102000,0.0006086427267194157
1627845132000,0.0
1627845162000,0.0
1627845192000,0.0006123698714023269
1627845222000,0.0
1627845252000,0.0
1627845282000,0.0
1627845312000,0.0
1627845342000,0.0
1627845372000,0.0
1627845402000,0.0006123698714023269
1627845432000,0.0
1627845462000,0.0005980861244019139
1627845492000,0.0
1627845522000,0.0006071645415907711
1627845552000,0.0
1627845582000,0.0
1627845612000,0.0
1627845642000,0.0
1627845672000,0.0006016847172081829
1627845702000,0.0
1627845732000,0.0006035003017501509
1627845762000,0.0
1627845792000,0.0006153846153846153
1627845822000,0.0
1627845852000,0.0006215040397762585
1627845882000,0.0
1627845912000,0.0
1627845942000,0.0
1627845972000,0.0
1627846002000,0.0006090133982947625
1627846032000,0.0
1627846062000,0.0006042296072507553
1627846092000,0.0
1627846122000,0.0006067961165048543
1627846152000,0.0
1627846182000,0.0
1627846212000,0.0
1627846242000,0.0
1627846272000,0.0
1627846302000,0.0
1627846332000,0.0
1627846362000,0.0006119951040391675
1627846392000,0.0
1627846422000,0.0
1627846452000,0.0006013229104028864
1627846482000,0.0
1627846512000,0.0
1627846542000,0.0006082725060827251
1627846572000,0.0
1627846602000,0.0006056935190793457
1627846632000,0.0
1627846662000,0.0
1627846692000,0.0
1627846722000,0.0
1627846752000,0.0006090133982947625
1627846782000,0.0006218905472636817
1627846812000,0.0
1627846842000,0.0006049606775559589
1627846872000,0.0
1627846902000,0.0
1627846932000,0.0
1627846962000,0.0
1627846992000,0.0
1627847022000,0.0
1627847052000,0.0
1627847082000,0.0006146281499692684
1627847112000,0.0
1627847142000,0.0
1627847172000,0.0
1627847202000,0.0006009615384615385
1627847232000,0.0006079027355623102
1627847262000,0.0
1627847292000,0.0006024096385542169
1627847322000,0.0
1627847352000,0.0
1627847382000,0.0
1627847412000,0.0
1627847442000,0.0
1627847472000,0.0
1627847502000,0.0
1627847532000,0.0006108735491753207
1627847562000,0.0
1627847592000,0.0
1627847622000,0.0
1627847652000,0.0006031363088057902
1627847682000,0.0006031363088057902
1627847712000,0.0
1627847742000,0.0
1627847772000,0.0006049606775559589
1627847802000,0.0006060606060606062
1627847832000,0.0
1627847862000,0.0
1627847892000,0.0005998800239952009
1627847922000,0.0
1627847952000,0.0012099213551119178
1627847982000,0.0
1627848012000,0.0
1627848042000,0.0
1627848072000,0.0
1627848102000,0.0
1627848132000,0.0
1627848162000,0.0
1627848192000,0.0
1627848222000,0.0006056935190793457
1627848252000,0.0
1627848282000,0.0
1627848312000,0.0006067961165048543
1627848342000,0.0
1627848372000,0.0
1627848402000,0.0006082725060827251
1627848432000,0.0
1627848462000,0.0
1627848492000,0.0012135922330097086
1627848522000,0.0
1627848552000,0.0006112469437652813
1627848582000,0.0012077294685990338
1627848612000,0.0
1627848642000,0.0006172839506172839
1627848672000,0.0
1627848702000,0.0
1627848732000,0.0
1627848762000,0.0006218905472636817
1627848792000,0.0
1627848822000,0.0
1627848852000,0.0006097560975609756
1627848882000,0.0
1627848912000,0.0
1627848942000,0.0
1627848972000,0.0006071645415907711
1627849002000,0.0006067961165048543
1627849032000,0.0
1627849062000,0.0006127450980392157
1627849092000,0.0
1627849122000,0.0012062726176115801
1627849152000,0.0
1627849182000,0.0
1627849212000,0.0006013229104028864
1627849242000,0.0
1627849272000,0.0
1627849302000,0.0006101281269066504
1627849332000,0.0006150061500615006
1627849362000,0.0005952380952380952
1627849392000,0.0
1627849422000,0.0
1627849452000,0.0
1627849482000,0.0
1627849512000,0.0006101281269066504
1627849542000,0.0
1627849572000,0.0
1627849602000,0.0
1627849632000,0.0006075334143377885
1627849662000,0.0
1627849692000,0.0
1627849722000,0.0
1627849752000,0.0
1627849782000,0.0006165228113440197
1627849812000,0.0006035003017501509
1627849842000,0.0
1627849872000,0.0006027727546714887
1627849902000,0.0006119951040391675
1627849932000,0.0
1627849962000,0.0
1627849992000,0.0
1627850022000,0.0
1627850052000,0.0005988023952095807
1627850082000,0.0006112469437652813
1627850112000,0.0
1627850142000,0.0
1627850172000,0.0
1627850202000,0.0006067961165048543
1627850232000,0.0006009615384615385
1627850262000,0.0
1627850292000,0.0
1627850322000,0.0
1627850352000,0.0
1627850382000,0.0005959475566150177
1627850412000,0.0
1627850442000,0.0
1627850472000,0.0
1627850502000,0.0
1627850532000,0.0006093845216331506
1627850562000,0.0006090133982947625
1627850592000,0.0006020469596628537
1627850622000,0.0
1627850652000,0.0
1627850682000,0.0
1627850712000,0.0
1627850742000,0.0
1627850772000,0.0005955926146515784
1627850802000,0.0
1627850832000,0.0006101281269066504
1627850862000,0.0005920663114268798
1627850892000,0.0
1627850922000,0.0
1627850952000,0.0006119951040391675
1627850982000,0.0
1627851012000,0.0
1627851042000,0.0
1627851072000,0.0
1627851102000,0.0
1627851132000,0.0
1627851162000,0.0
1627851192000,0.0006056935190793457
1627851222000,0.0006097560975609756
1627851252000,0.0
1627851282000,0.0
1627851312000,0.0
1627851342000,0.0011904761904761904
1627851372000,0.0006090133982947625
1627851402000,0.0006038647342995169
1627851432000,0.0
1627851462000,0.0
1627851492000,0.0
1627851522000,0.0006027727546714887
1627851552000,0.0006071645415907711
1627851582000,0.0006153846153846153
1627851612000,0.0
1627851642000,0.0006112469437652813
1627851672000,0.0
1627851702000,0.0006218905472636817
1627851732000,0.0
1627851762000,0.0
1627851792000,0.0
1627851822000,0.0006116207951070336
1627851852000,0.0
1627851882000,0.0
1627851912000,0.0
1627851942000,0.0
1627851972000,0.0006108735491753207
1627852002000,0.0006045949214026603
1627852032000,0.0
1627852062000,0.0006082725060827251
1627852092000,0.0006153846153846153
1627852122000,0.0
1627852152000,0.0
1627852182000,0.0
1627852212000,0.0
1627852242000,0.0
1627852272000,0.0
1627852302000,0.0
1627852332000,0.0006053268765133173
1627852362000,0.0
1627852392000,0.0
1627852422000,0.0
1627852452000,0.0
1627852482000,0.0
1627852512000,0.0
1627852542000,0.0
1627852572000,0.0
1627852602000,0.0
1627852632000,0.0
1627852662000,0.0
1627852692000,0.0011918951132300355
1627852722000,0.0
1627852752000,0.0005988023952095807
1627852782000,0.0
1627852812000,0.0006049606775559589
1627852842000,0.0
1627852872000,0.0
1627852902000,0.0
1627852932000,0.0
1627852962000,0.0006009615384615385
1627852992000,0.0
1627853022000,0.0006067961165048543
1627853052000,0.0006067961165048543
1627853082000,0.0
1627853112000,0.0006108735491753207
1627853142000,0.0006045949214026603
1627853172000,0.0
1627853202000,0.0
1627853232000,0.0
1627853262000,0.0
1627853292000,0.0
1627853322000,0.0
1627853352000,0.0
1627853382000,0.0
1627853412000,0.0006079027355623102
1627853442000,0.0
1627853472000,0.0
1627853502000,0.0
1627853532000,0.0
1627853562000,0.0
1627853592000,0.0
1627853622000,0.0
1627853652000,0.0
1627853682000,0.0
1627853712000,0.0
1627853742000,0.0
1627853772000,0.0006165228113440197
1627853802000,0.0006157635467980296
1627853832000,0.0
1627853862000,0.0
1627853892000,0.0
1627853922000,0.0006134969325153375
1627853952000,0.0006042296072507553
1627853982000,0.0005998800239952009
1627854012000,0.0
1627854042000,0.0
1627854072000,0.0006071645415907711
1627854102000,0.0
1627854132000,0.0
1627854162000,0.0
1627854192000,0.0
1627854222000,0.0
1627854252000,0.0
1627854282000,0.0
1627854312000,0.0
1627854342000,0.0
1627854372000,0.0
1627854402000,0.0006086427267194157
1627854432000,0.0011961722488038275
1627854462000,0.0
1627854492000,0.0006020469596628537
1627854522000,0.0
1627854552000,0.0
1627854582000,0.0006002400960384152
1627854612000,0.0006226650062266501
1627854642000,0.0006071645415907711
1627854672000,0.0
1627854702000,0.0
1627854732000,0.0
1627854762000,0.0
1627854792000,0.0
1627854822000,0.0
1627854852000,0.0006101281269066504
1627854882000,0.0006169031462060457
1627854912000,0.0
1627854942000,0.0
1627854972000,0.0006086427267194157
1627855002000,0.0005955926146515784
1627855032000,0.0
1627855062000,0.0
1627855092000,0.0
1627855122000,0.0
1627855152000,0.0
1627855182000,0.0
1627855212000,0.0
1627855242000,0.0006108735491753207
1627855272000,0.0
1627855302000,0.0006079027355623102
1627855332000,0.0
1627855362000,0.0
1627855392000,0.0006108735491753207
1627855422000,0.0
1627855452000,0.0
1627855482000,0.0
1627855512000,0.0006016847172081829
1627855542000,0.0
1627855572000,0.0
1627855602000,0.0
1627855632000,0.0006053268765133173
1627855662000,0.0006172839506172839
1627855692000,0.0
1627855722000,0.0
1627855752000,0.0
1627855782000,0.0
1627855812000,0.0
1627855842000,0.0
1627855872000,0.0
1627855902000,0.0
1627855932000,0.0
1627855962000,0.0
1627855992000,0.0
1627856022000,0.0
1627856052000,0.0
1627856082000,0.0006153846153846153
1627856112000,0.0
1627856142000,0.0006101281269066504
1627856172000,0.0
1627856202000,0.0
1627856232000,0.0006116207951070336
1627856262000,0.0
1627856292000,0.0006199628022318662
1627856322000,0.0006215040397762585
1627856352000,0.0006056935190793457
1627856382000,0.0
1627856412000,0.0006013229104028864
1627856442000,0.0
1627856472000,0.0
1627856502000,0.0006172839506172839
1627856532000,0.0
1627856562000,0.0006035003017501509
1627856592000,0.0006119951040391675
1627856622000,0.0
1627856652000,0.0
1627856682000,0.0
1627856712000,0.0
1627856742000,0.0006056935190793457
1627856772000,0.0
1627856802000,0.0006238303181534623
1627856832000,0.0
1627856862000,0.0
1627856892000,0.0
1627856922000,0.0
1627856952000,0.0
1627856982000,0.0006180469715698393
1627857012000,0.0
1627857042000,0.0
1627857072000,0.0
1627857102000,0.0
1627857132000,0.0
1627857162000,0.0006116207951070336
1627857192000,0.0006119951040391675
1627857222000,0.0
1627857252000,0.0
1627857282000,0.0
1627857312000,0.0
1627857342000,0.0
1627857372000,0.0
1627857402000,0.0
1627857432000,0.0006119951040391675
1627857462000,0.0005966587112171838
1627857492000,0.0006086427267194157
1627857522000,0.0
1627857552000,0.0006002400960384152
1627857582000,0.0
1627857612000,0.0
1627857642000,0.0006108735491753207
1627857672000,0.0006049606775559589
1627857702000,0.0006049606775559589
1627857732000,0.0
1627857762000,0.0006131207847946045
1627857792000,0.0006150061500615006
1627857822000,0.0
1627857852000,0.0
1627857882000,0.0
1627857912000,0.0006056935190793457
1627857942000,0.0
1627857972000,0.0
1627858002000,0.0006082725060827251
1627858032000,0.0
1627858062000,0.0006090133982947625
1627858092000,0.0
1627858122000,0.0006180469715698393
1627858152000,0.0006142506142506142
1627858182000,0.0
1627858212000,0.0
1627858242000,0.0
1627858272000,0.0
1627858302000,0.0
1627858332000,0.0
1627858362000,0.0006013229104028864
1627858392000,0.0
1627858422000,0.0
1627858452000,0.0006038647342995169
1627858482000,0.0
1627858512000,0.0
1627858542000,0.0006060606060606062
1627858572000,0.0006112469437652813
1627858602000,0.0
1627858632000,0.0
1627858662000,0.0
1627858692000,0.0
1627858722000,0.0
1627858752000,0.0005945303210463732
1627858782000,0.0006027727546714887
1627858812000,0.0006138735420503376
1627858842000,0.0006108735491753207
1627858872000,0.0006060606060606062
1627858902000,0.0
1627858932000,0.0
1627858962000,0.0
1627858992000,0.0
1627859022000,0.0
1627859052000,0.0
1627859082000,0.0006090133982947625
1627859112000,0.0
1627859142000,0.0
1627859172000,0.0005977286312014345
1627859202000,0.0006169031462060457
1627859232000,0.0
1627859262000,0.0
1627859292000,0.0
1627859322000,0.0
1627859352000,0.0006020469596628537
1627859382000,0.0006024096385542169
1627859412000,0.0
1627859442000,0.0
1627859472000,0.0
1627859502000,0.0006176652254478072
1627859532000,0.0
1627859562000,0.0
1627859592000,0.0012099213551119178
1627859622000,0.0006180469715698393
1627859652000,0.0006086427267194157
1627859682000,0.0
1627859712000,0.0006071645415907711
1627859742000,0.001201923076923077
1627859772000,0.0
1627859802000,0.0006116207951070336
1627859832000,0.0
1627859862000,0.0006146281499692684
1627859892000,0.0006031363088057902
1627859922000,0.0
1627859952000,0.0006079027355623102
1627859982000,0.0
1627860012000,0.0
1627860042000,0.0
1627860072000,0.0005966587112171838
1627860102000,0.0
1627860132000,0.0006123698714023269
1627860162000,0.0006153846153846153
1627860192000,0.0006016847172081829
1627860222000,0.0006045949214026603
1627860252000,0.0
1627860282000,0.0
1627860312000,0.0
1627860342000,0.0
1627860372000,0.0
1627860402000,0.0005952380952380952
1627860432000,0.0
1627860462000,0.0
1627860492000,0.0
1627860522000,0.0
1627860552000,0.0006127450980392157
1627860582000,0.0
1627860612000,0.0006079027355623102
1627860642000,0.0
1627860672000,0.0
1627860702000,0.0006027727546714887
1627860732000,0.0006016847172081829
1627860762000,0.0005924170616113746
1627860792000,0.0
1627860822000,0.0006188118811881187
1627860852000,0.0
1627860882000,0.0006042296072507553
1627860912000,0.0005966587112171838
1627860942000,0.0006045949214026603
1627860972000,0.0
1627861002000,0.0
1627861032000,0.0
1627861062000,0.0
1627861092000,0.0
1627861122000,0.0006176652254478072
1627861152000,0.0
1627861182000,0.0006108735491753207
1627861212000,0.0006134969325153375
1627861242000,0.0
1627861272000,0.0012062726176115801
1627861302000,0.0
1627861332000,0.0
1627861362000,0.0
1627861392000,0.0
1627861422000,0.0006079027355623102
1627861452000,0.0006176652254478072
1627861482000,0.0006053268765133173
1627861512000,0.0006020469596628537
1627861542000,0.0
1627861572000,0.0
1627861602000,0.0006097560975609756
1627861632000,0.0
1627861662000,0.0
1627861692000,0.0
1627861722000,0.0
1627861752000,0.0
1627861782000,0.0006020469596628537
1627861812000,0.0006045949214026603
1627861842000,0.0006191950464396285
1627861872000,0.0005980861244019139
1627861902000,0.0005963029218843173
1627861932000,0.0
1627861962000,0.0006146281499692684
1627861992000,0.0
1627862022000,0.0
1627862052000,0.0
1627862082000,0.0
1627862112000,0.0
1627862142000,0.0
1627862172000,0.0
1627862202000,0.0006215040397762585
1627862232000,0.0
1627862262000,0.0
1627862292000,0.0006176652254478072
1627862322000,0.0005973715651135006
1627862352000,0.0006226650062266501
1627862382000,0.0006097560975609756
1627862412000,0.0
1627862442000,0.0
1627862472000,0.0
1627862502000,0.0
1627862532000,0.0
1627862562000,0.0
1627862592000,0.001221001221001221
1627862622000,0.0
1627862652000,0.0
1627862682000,0.0
1627862712000,0.0006203473945409428
1627862742000,0.0
1627862772000,0.0
1627862802000,0.0
1627862832000,0.0
1627862862000,0.0
1627862892000,0.0006031363088057902
1627862922000,0.0006067961165048543
1627862952000,0.0
1627862982000,0.0
1627863012000,0.0006105006105006105
1627863042000,0.0
1627863072000,0.0006207324643078832
1627863102000,0.0006097560975609756
1627863132000,0.0
1627863162000,0.0
1627863192000,0.0012143290831815425
1627863222000,0.0006045949214026603
1627863252000,0.0
1627863282000,0.0
1627863312000,0.0
1627863342000,0.0012338062924120911
1627863372000,0.0
1627863402000,0.0006031363088057902
1627863432000,0.0006127450980392157
1627863462000,0.0
1627863492000,0.0
1627863522000,0.0
1627863552000,0.0
1627863582000,0.0006161429451632778
1627863612000,0.0
1627863642000,0.0
1627863672000,0.0
1627863702000,0.0005995203836930455
1627863732000,0.0
1627863762000,0.0
1627863792000,0.0
1627863822000,0.0006027727546714887
1627863852000,0.0
1627863882000,0.0
1627863912000,0.0006082725060827251
1627863942000,0.0006161429451632778
1627863972000,0.0
1627864002000,0.0
1627864032000,0.0005991611743559018
1627864062000,0.0
1627864092000,0.0006199628022318662
1627864122000,0.0
1627864152000,0.0
1627864182000,0.0
1627864212000,0.0006161429451632778
1627864242000,0.0
1627864272000,0.0
1627864302000,0.0
1627864332000,0.0
1627864362000,0.0
1627864392000,0.0006108735491753207
1627864422000,0.0
1627864452000,0.0
1627864482000,0.0
1627864512000,0.0
1627864542000,0.0
1627864572000,0.0
1627864602000,0.0
1627864632000,0.0
1627864662000,0.0
1627864692000,0.0
1627864722000,0.0006222775357809582
1627864752000,0.0
1627864782000,0.0006090133982947625
1627864812000,0.0006016847172081829
1627864842000,0.0
1627864872000,0.0
1627864902000,0.0
1627864932000,0.0
1627864962000,0.0006199628022318662
1627864992000,0.0006031363088057902
1627865022000,0.0
1627865052000,0.0
1627865082000,0.0
1627865112000,0.0
1627865142000,0.0
1627865172000,0.0
1627865202000,0.0
1627865232000,0.0
1627865262000,0.0
1627865292000,0.0
1627865322000,0.0
1627865352000,0.0
1627865382000,0.0
1627865412000,0.0
1627865442000,0.0
1627865472000,0.0
1627865502000,0.0
1627865532000,0.0
1627865562000,0.0
1627865592000,0.0
1627865622000,0.0
1627865652000,0.0005973715651135006
1627865682000,0.0
1627865712000,0.0
1627865742000,0.0
1627865772000,0.0006112469437652813
1627865802000,0.0006108735491753207
1627865832000,0.0006071645415907711
1627865862000,0.0
1627865892000,0.0
1627865922000,0.0006090133982947625
1627865952000,0.0
1627865982000,0.0006105006105006105
1627866012000,0.0006127450980392157
1627866042000,0.0
1627866072000,0.0
1627866102000,0.0
1627866132000,0.0
1627866162000,0.0006101281269066504
1627866192000,0.0006020469596628537
1627866222000,0.0006097560975609756
1627866252000,0.0
1627866282000,0.0
1627866312000,0.0
1627866342000,0.0
1627866372000,0.0
1627866402000,0.0
1627866432000,0.0
1627866462000,0.0
1627866492000,0.0006180469715698393
1627866522000,0.0
1627866552000,0.0
1627866582000,0.0006138735420503376
1627866612000,0.0005998800239952009
1627866642000,0.0
1627866672000,0.0
1627866702000,0.0006082725060827251
1627866732000,0.0
1627866762000,0.0
1627866792000,0.0
1627866822000,0.0006101281269066504
1627866852000,0.0
1627866882000,0.0
1627866912000,0.0
1627866942000,0.0
1627866972000,0.0
1627867002000,0.0
1627867032000,0.0
1627867062000,0.0
1627867092000,0.0
1627867122000,0.0
1627867152000,0.0
1627867182000,0.0
1627867212000,0.0006053268765133173
1627867242000,0.0
1627867272000,0.0006016847172081829
1627867302000,0.0
1627867332000,0.0006097560975609756
1627867362000,0.0
1627867392000,0.0
1627867422000,0.0
1627867452000,0.0
1627867482000,0.0
1627867512000,0.0
1627867542000,0.0
1627867572000,0.0
1627867602000,0.0
1627867632000,0.0
1627867662000,0.0
1627867692000,0.0
1627867722000,0.0
1627867752000,0.0
1627867782000,0.0
1627867812000,0.0
1627867842000,0.0
1627867872000,0.0
1627867902000,0.0006082725060827251
1627867932000,0.0006013229104028864
1627867962000,0.0006112469437652813
1627867992000,0.0006060606060606062
1627868022000,0.0006042296072507553
1627868052000,0.0
1627868082000,0.0
1627868112000,0.0
1627868142000,0.0
1627868172000,0.0006090133982947625
1627868202000,0.0
1627868232000,0.0
1627868262000,0.0
1627868292000,0.0006180469715698393
1627868322000,0.0006035003017501509
1627868352000,0.0006082725060827251
1627868382000,0.0012300123001230013
1627868412000,0.0
1627868442000,0.0006031363088057902
1627868472000,0.0
1627868502000,0.0
1627868532000,0.0006150061500615006
1627868562000,0.0
1627868592000,0.0006090133982947625
1627868622000,0.0006056935190793457
1627868652000,0.0
1627868682000,0.0
1627868712000,0.0006049606775559589
1627868742000,0.0
1627868772000,0.0
1627868802000,0.0
1627868832000,0.0006101281269066504
1627868862000,0.0
1627868892000,0.0
1627868922000,0.0
1627868952000,0.0
1627868982000,0.0
1627869012000,0.0
1627869042000,0.0
1627869072000,0.0
1627869102000,0.0
1627869132000,0.0
1627869162000,0.0
1627869192000,0.0
1627869222000,0.0
1627869252000,0.0006119951040391675
1627869282000,0.0
1627869312000,0.0006108735491753207
1627869342000,0.0
1627869372000,0.0
1627869402000,0.0006086427267194157
1627869432000,0.0
1627869462000,0.0
1627869492000,0.0005977286312014345
1627869522000,0.0
1627869552000,0.0
1627869582000,0.0
1627869612000,0.0
1627869642000,0.0
1627869672000,0.0
1627869702000,0.0
1627869732000,0.0
1627869762000,0.0
1627869792000,0.0
1627869822000,0.0
1627869852000,0.0005973715651135006
1627869882000,0.0
1627869912000,0.0
1627869942000,0.0
1627869972000,0.0006060606060606062
1627870002000,0.0
1627870032000,0.0006064281382656155
1627870062000,0.0006090133982947625
1627870092000,0.0
1627870122000,0.0
1627870152000,0.0006203473945409428
1627870182000,0.0
1627870212000,0.0
1627870242000,0.0
1627870272000,0.0
1627870302000,0.0
1627870332000,0.0012091898428053206
1627870362000,0.0
1627870392000,0.0006234413965087283
1627870422000,0.0
1627870452000,0.0
1627870482000,0.0
1627870512000,0.0006002400960384152
1627870542000,0.0006101281269066504
1627870572000,0.0006049606775559589
1627870602000,0.0
1627870632000,0.0
1627870662000,0.0006161429451632778
1627870692000,0.0012106537530266347
1627870722000,0.0
1627870752000,0.0006134969325153375
1627870782000,0.0
1627870812000,0.0
1627870842000,0.0
1627870872000,0.0
1627870902000,0.0
1627870932000,0.0
1627870962000,0.0
1627870992000,0.001226993865030675
1627871022000,0.0
1627871052000,0.0
1627871082000,0.0
1627871112000,0.0
1627871142000,0.0
1627871172000,0.0
1627871202000,0.0
1627871232000,0.0
1627871262000,0.0
1627871292000,0.0
1627871322000,0.0
1627871352000,0.0
1627871382000,0.0
1627871412000,0.0
1627871442000,0.0
1627871472000,0.0
1627871502000,0.0
1627871532000,0.0
1627871562000,0.0
1627871592000,0.0
1627871622000,0.0
1627871652000,0.0
1627871682000,0.0
1627871712000,0.0
1627871742000,0.0006207324643078832
1627871772000,0.0
1627871802000,0.0006006006006006006
1627871832000,0.0
1627871862000,0.0
1627871892000,0.0006169031462060457
1627871922000,0.0
1627871952000,0.0
1627871982000,0.0
1627872012000,0.0
1627872042000,0.0
1627872072000,0.0006042296072507553
1627872102000,0.001243008079552517
1627872132000,0.0
1627872162000,0.0
1627872192000,0.0006131207847946045
1627872222000,0.0
1627872252000,0.0
1627872282000,0.0
1627872312000,0.0012338062924120911
1627872342000,0.0
1627872372000,0.0
1627872402000,0.0
1627872432000,0.0005955926146515784
1627872462000,0.0
1627872492000,0.0005980861244019139
1627872522000,0.0
1627872552000,0.0
1627872582000,0.0005959475566150177
1627872612000,0.0
1627872642000,0.0006131207847946045
1627872672000,0.0
1627872702000,0.0
1627872732000,0.0
1627872762000,0.0006071645415907711
1627872792000,0.0
1627872822000,0.0
1627872852000,0.0
1627872882000,0.0006184291898577612
1627872912000,0.0006082725060827251
1627872942000,0.0
1627872972000,0.0
1627873002000,0.0
1627873032000,0.0
1627873062000,0.0
1627873092000,0.0006027727546714887
1627873122000,0.0
1627873152000,0.0006082725060827251
1627873182000,0.0
1627873212000,0.0
1627873242000,0.0006165228113440197
1627873272000,0.0
1627873302000,0.0006138735420503376
1627873332000,0.001201923076923077
1627873362000,0.0
1627873392000,0.0
1627873422000,0.0006056935190793457
1627873452000,0.0006090133982947625
1627873482000,0.0
1627873512000,0.0
1627873542000,0.0
1627873572000,0.0
1627873602000,0.0006082725060827251
1627873632000,0.0
1627873662000,0.0
1627873692000,0.0
1627873722000,0.0
1627873752000,0.0
1627873782000,0.0
1627873812000,0.0
1627873842000,0.0
1627873872000,0.0
1627873902000,0.0
1627873932000,0.0006184291898577612
1627873962000,0.0
1627873992000,0.0
1627874022000,0.0
1627874052000,0.0
1627874082000,0.0006116207951070336
1627874112000,0.0
1627874142000,0.0
1627874172000,0.0
1627874202000,0.0006161429451632778
1627874232000,0.0006134969325153375
1627874262000,0.0
1627874292000,0.0006090133982947625
1627874322000,0.0
1627874352000,0.0006006006006006006
1627874382000,0.0
1627874412000,0.0006150061500615006
1627874442000,0.0
1627874472000,0.0006131207847946045
1627874502000,0.0
1627874532000,0.0
1627874562000,0.0
1627874592000,0.0006079027355623102
1627874622000,0.0
1627874652000,0.0006112469437652813
1627874682000,0.0005991611743559018
1627874712000,0.0
1627874742000,0.0
1627874772000,0.0
1627874802000,0.0
1627874832000,0.0006097560975609756
1627874862000,0.0
1627874892000,0.0
1627874922000,0.0
1627874952000,0.001223990208078335
1627874982000,0.0
1627875012000,0.0
1627875042000,0.0006067961165048543
1627875072000,0.0
1627875102000,0.0
1627875132000,0.0
1627875162000,0.0
1627875192000,0.0
1627875222000,0.0006119951040391675
1627875252000,0.0011918951132300355
1627875282000,0.0
1627875312000,0.0
1627875342000,0.0006157635467980296
1627875372000,0.0
1627875402000,0.0012292562999385369
1627875432000,0.0
1627875462000,0.0006188118811881187
1627875492000,0.0006075334143377885
1627875522000,0.0006161429451632778
1627875552000,0.0006119951040391675
1627875582000,0.0
1627875612000,0.0
1627875642000,0.0
1627875672000,0.0
1627875702000,0.0005991611743559018
1627875732000,0.0006060606060606062
1627875762000,0.0
1627875792000,0.0
1627875822000,0.0
1627875852000,0.0005889281507656067
1627875882000,0.0006176652254478072
1627875912000,0.0006142506142506142
1627875942000,0.0
1627875972000,0.0
1627876002000,0.0
1627876032000,0.0
1627876062000,0.0
1627876092000,0.0
1627876122000,0.0
1627876152000,0.0006101281269066504
1627876182000,0.0
1627876212000,0.0
1627876242000,0.0
1627876272000,0.0
1627876302000,0.0
1627876332000,0.0006049606775559589
1627876362000,0.0006131207847946045
1627876392000,0.0
1627876422000,0.0
1627876452000,0.0
1627876482000,0.0
1627876512000,0.0
1627876542000,0.0005980861244019139
1627876572000,0.0
1627876602000,0.0006035003017501509
1627876632000,0.0006146281499692684
1627876662000,0.0
1627876692000,0.0
1627876722000,0.0
1627876752000,0.0
1627876782000,0.0
1627876812000,0.0
1627876842000,0.0
1627876872000,0.0006146281499692684
1627876902000,0.0
1627876932000,0.0
1627876962000,0.0
1627876992000,0.0006172839506172839
1627877022000,0.0005977286312014345
1627877052000,0.0
1627877082000,0.0
1627877112000,0.0006116207951070336
1627877142000,0.0
1627877172000,0.0
1627877202000,0.0
1627877232000,0.0
1627877262000,0.0
1627877292000,0.0
1627877322000,0.0006038647342995169
1627877352000,0.0
1627877382000,0.0
1627877412000,0.0
1627877442000,0.0
1627877472000,0.0005991611743559018
1627877502000,0.0006031363088057902
1627877532000,0.0
1627877562000,0.0
1627877592000,0.0
1627877622000,0.0
1627877652000,0.0006060606060606062
1627877682000,0.0006165228113440197
1627877712000,0.0
1627877742000,0.0006127450980392157
1627877772000,0.0006013229104028864
1627877802000,0.0006042296072507553
1627877832000,0.0
1627877862000,0.0
1627877892000,0.0
1627877922000,0.0006116207951070336
1627877952000,0.0
1627877982000,0.0
1627878012000,0.0
1627878042000,0.0
1627878072000,0.0
1627878102000,0.0
1627878132000,0.0
1627878162000,0.0
1627878192000,0.0006131207847946045
1627878222000,0.0006035003017501509
1627878252000,0.0
1627878282000,0.0006079027355623102
1627878312000,0.0
1627878342000,0.0006127450980392157
1627878372000,0.0
1627878402000,0.0006075334143377885
1627878432000,0.0
1627878462000,0.0
1627878492000,0.0
1627878522000,0.0
1627878552000,0.0
1627878582000,0.0
1627878612000,0.0006172839506172839
1627878642000,0.0
1627878672000,0.0
1627878702000,0.0005991611743559018
1627878732000,0.0
1627878762000,0.0
1627878792000,0.0
1627878822000,0.0
1627878852000,0.0
1627878882000,0.0
1627878912000,0.0
1627878942000,0.0
1627878972000,0.0006161429451632778
1627879002000,0.0
1627879032000,0.0
1627879062000,0.0
1627879092000,0.0
1627879122000,0.0006142506142506142
1627879152000,0.0006053268765133173
1627879182000,0.0
1627879212000,0.0
1627879242000,0.0
1627879272000,0.0
1627879302000,0.0006075334143377885
1627879332000,0.0006042296072507553
1627879362000,0.0
1627879392000,0.0
1627879422000,0.0
1627879452000,0.0
1627879482000,0.0006172839506172839
1627879512000,0.0
1627879542000,0.0
1627879572000,0.0
1627879602000,0.0
1627879632000,0.0
1627879662000,0.0
1627879692000,0.0
1627879722000,0.0
1627879752000,0.001199040767386091
1627879782000,0.0
1627879812000,0.0
1627879842000,0.0
1627879872000,0.0006067961165048543
1627879902000,0.0006123698714023269
1627879932000,0.0
1627879962000,0.0
1627879992000,0.0
1627880022000,0.0006138735420503376
1627880052000,0.0006105006105006105
1627880082000,0.0006169031462060457
1627880112000,0.0
1627880142000,0.0
1627880172000,0.0006105006105006105
1627880202000,0.0
1627880232000,0.0006067961165048543
1627880262000,0.0
1627880292000,0.0
1627880322000,0.0
1627880352000,0.0
1627880382000,0.0006191950464396285
1627880412000,0.0006075334143377885
1627880442000,0.0
1627880472000,0.0
1627880502000,0.0006086427267194157
1627880532000,0.0
1627880562000,0.0
1627880592000,0.0006218905472636817
1627880622000,0.0006123698714023269
1627880652000,0.0
1627880682000,0.0006188118811881187
1627880712000,0.0005959475566150177
1627880742000,0.0
1627880772000,0.0
1627880802000,0.0
1627880832000,0.0
1627880862000,0.0
1627880892000,0.0
1627880922000,0.0006112469437652813
1627880952000,0.0
1627880982000,0.0012135922330097086
1627881012000,0.0
1627881042000,0.0
1627881072000,0.0
1627881102000,0.0
1627881132000,0.0
1627881162000,0.0
1627881192000,0.0
1627881222000,0.0006172839506172839
1627881252000,0.0006031363088057902
1627881282000,0.0006142506142506142
1627881312000,0.0
1627881342000,0.0006101281269066504
1627881372000,0.001195457262402869
1627881402000,0.0
1627881432000,0.0
1627881462000,0.0005966587112171838
1627881492000,0.0
1627881522000,0.0006060606060606062
1627881552000,0.0
1627881582000,0.0
1627881612000,0.0006049606775559589
1627881642000,0.0
1627881672000,0.0
1627881702000,0.0
1627881732000,0.0
1627881762000,0.0006169031462060457
1627881792000,0.0
1627881822000,0.0
1627881852000,0.0006082725060827251
1627881882000,0.0012277470841006752
1627881912000,0.0006123698714023269
1627881942000,0.0006079027355623102
1627881972000,0.0006086427267194157
1627882002000,0.0
1627882032000,0.0006134969325153375
1627882062000,0.0
1627882092000,0.0
1627882122000,0.0006075334143377885
1627882152000,0.0006067961165048543
1627882182000,0.0
1627882212000,0.0
1627882242000,0.0
1627882272000,0.0
1627882302000,0.0
1627882332000,0.0006049606775559589
1627882362000,0.0
1627882392000,0.0
1627882422000,0.0
1627882452000,0.0006071645415907711
1627882482000,0.0006038647342995169
1627882512000,0.0
1627882542000,0.0
1627882572000,0.0
1627882602000,0.0006153846153846153
1627882632000,0.0
1627882662000,0.0
1627882692000,0.0
1627882722000,0.0
1627882752000,0.0018495684340320594
1627882782000,0.0006093845216331506
1627882812000,0.0
1627882842000,0.0
1627882872000,0.0006172839506172839
1627882902000,0.0
1627882932000,0.0
1627882962000,0.0
1627882992000,0.0
1627883022000,0.0006142506142506142
1627883052000,0.0
1627883082000,0.0
1627883112000,0.0
1627883142000,0.0
1627883172000,0.0006064281382656155
1627883202000,0.0
1627883232000,0.0
1627883262000,0.0006082725060827251
1627883292000,0.0
1627883322000,0.0005980861244019139
1627883352000,0.0
1627883382000,0.0006035003017501509
1627883412000,0.0
1627883442000,0.0
1627883472000,0.0
1627883502000,0.0
1627883532000,0.0
1627883562000,0.0006153846153846153
1627883592000,0.0006045949214026603
1627883622000,0.0006024096385542169
1627883652000,0.0
1627883682000,0.0
1627883712000,0.0
1627883742000,0.0
1627883772000,0.0
1627883802000,0.0
1627883832000,0.0
1627883862000,0.0
1627883892000,0.0
1627883922000,0.0
1627883952000,0.0
1627883982000,0.0
1627884012000,0.0
1627884042000,0.0
1627884072000,0.0
1627884102000,0.0
1627884132000,0.0
1627884162000,0.0
1627884192000,0.0006027727546714887
1627884222000,0.0005927682276229994
1627884252000,0.0006009615384615385
1627884282000,0.0
1627884312000,0.0
1627884342000,0.0
1627884372000,0.0
1627884402000,0.0006045949214026603
1627884432000,0.0
1627884462000,0.0
1627884492000,0.0018450184501845016
1627884522000,0.0
1627884552000,0.0006049606775559589
1627884582000,0.0006203473945409428
1627884612000,0.0
1627884642000,0.0
1627884672000,0.0
1627884702000,0.0006079027355623102
1627884732000,0.0006150061500615006
1627884762000,0.0006101281269066504
1627884792000,0.001201923076923077
1627884822000,0.0006090133982947625
1627884852000,0.0
1627884882000,0.0
1627884912000,0.0
1627884942000,0.0006090133982947625
1627884972000,0.0
1627885002000,0.0006049606775559589
1627885032000,0.0012062726176115801
1627885062000,0.0
1627885092000,0.0006123698714023269
1627885122000,0.0006071645415907711
1627885152000,0.0006199628022318662
1627885182000,0.0
1627885212000,0.0006180469715698393
1627885242000,0.0
1627885272000,0.0
1627885302000,0.0005977286312014345
1627885332000,0.0006045949214026603
1627885362000,0.0006016847172081829
1627885392000,0.0
1627885422000,0.0
1627885452000,0.0
1627885482000,0.0006042296072507553
1627885512000,0.0
1627885542000,0.0
1627885572000,0.0
1627885602000,0.0
1627885632000,0.0006056935190793457
1627885662000,0.0
1627885692000,0.0
1627885722000,0.0
1627885752000,0.0
1627885782000,0.0006134969325153375
1627885812000,0.0
1627885842000,0.0006060606060606062
1627885872000,0.0
1627885902000,0.0006180469715698393
1627885932000,0.0
1627885962000,0.0
1627885992000,0.0
1627886022000,0.0
1627886052000,0.0
1627886082000,0.0
1627886112000,0.0
1627886142000,0.0
1627886172000,0.0
1627886202000,0.0006086427267194157
1627886232000,0.0006105006105006105
1627886262000,0.0
1627886292000,0.0
1627886322000,0.0
1627886352000,0.0
1627886382000,0.0006093845216331506
1627886412000,0.0
1627886442000,0.0006112469437652813
1627886472000,0.0006123698714023269
1627886502000,0.0
1627886532000,0.0
1627886562000,0.0
1627886592000,0.0
1627886622000,0.0006071645415907711
1627886652000,0.0
1627886682000,0.0
1627886712000,0.0
1627886742000,0.0006060606060606062
1627886772000,0.0006067961165048543
1627886802000,0.0
1627886832000,0.0
1627886862000,0.0006142506142506142
1627886892000,0.0006184291898577612
1627886922000,0.0
1627886952000,0.0
1627886982000,0.0006045949214026603
1627887012000,0.0
1627887042000,0.0
1627887072000,0.0
1627887102000,0.0006082725060827251
1627887132000,0.0
1627887162000,0.0
1627887192000,0.0006153846153846153
1627887222000,0.0
1627887252000,0.0
1627887282000,0.0006038647342995169
1627887312000,0.0005984440454817473
1627887342000,0.0
1627887372000,0.0
1627887402000,0.0
1627887432000,0.0006161429451632778
1627887462000,0.0006127450980392157
1627887492000,0.0006150061500615006
1627887522000,0.0
1627887552000,0.0
1627887582000,0.0
1627887612000,0.0
1627887642000,0.0
1627887672000,0.0
1627887702000,0.0006161429451632778
1627887732000,0.0006006006006006006
1627887762000,0.0006082725060827251
1627887792000,0.0006060606060606062
1627887822000,0.0006027727546714887
1627887852000,0.0
1627887882000,0.0006131207847946045
1627887912000,0.0
1627887942000,0.0
1627887972000,0.0
1627888002000,0.0005977286312014345
1627888032000,0.0
1627888062000,0.0
1627888092000,0.0006161429451632778
1627888122000,0.0
1627888152000,0.0
1627888182000,0.0
1627888212000,0.0
1627888242000,0.0
1627888272000,0.0
1627888302000,0.0
1627888332000,0.0
1627888362000,0.0
1627888392000,0.0
1627888422000,0.0006086427267194157
1627888452000,0.0
1627888482000,0.0
1627888512000,0.0
1627888542000,0.0
1627888572000,0.0
1627888602000,0.0
1627888632000,0.0006112469437652813
1627888662000,0.0006127450980392157
1627888692000,0.0
1627888722000,0.0
1627888752000,0.0006150061500615006
1627888782000,0.0006097560975609756
1627888812000,0.0
1627888842000,0.0006013229104028864
1627888872000,0.0006101281269066504
1627888902000,0.0
1627888932000,0.0
1627888962000,0.0006218905472636817
1627888992000,0.0006079027355623102
1627889022000,0.0
1627889052000,0.0
1627889082000,0.0006150061500615006
1627889112000,0.0006049606775559589
1627889142000,0.0
1627889172000,0.0
1627889202000,0.0
1627889232000,0.0006053268765133173
1627889262000,0.0005980861244019139
1627889292000,0.0006116207951070336
1627889322000,0.0006119951040391675
1627889352000,0.0
1627889382000,0.0005970149253731342
1627889412000,0.0006131207847946045
1627889442000,0.0
1627889472000,0.0
1627889502000,0.0006006006006006006
1627889532000,0.0006134969325153375
1627889562000,0.0
1627889592000,0.0006134969325153375
1627889622000,0.0
1627889652000,0.0006116207951070336
1627889682000,0.0
1627889712000,0.0006112469437652813
1627889742000,0.0006042296072507553
1627889772000,0.0
1627889802000,0.0
1627889832000,0.0006146281499692684
1627889862000,0.0006150061500615006
1627889892000,0.0
1627889922000,0.0
1627889952000,0.0006064281382656155
1627889982000,0.0
1627890012000,0.0
1627890042000,0.0
1627890072000,0.0006053268765133173
1627890102000,0.0
1627890132000,0.0
1627890162000,0.0006020469596628537
1627890192000,0.0
1627890222000,0.0
1627890252000,0.0
1627890282000,0.0
1627890312000,0.0006188118811881187
1627890342000,0.0
1627890372000,0.0
1627890402000,0.0006079027355623102
1627890432000,0.0
1627890462000,0.0
1627890492000,0.0
1627890522000,0.0
1627890552000,0.0
1627890582000,0.0006119951040391675
1627890612000,0.0
1627890642000,0.0
1627890672000,0.0006180469715698393
1627890702000,0.0006097560975609756
1627890732000,0.0006134969325153375
1627890762000,0.0
1627890792000,0.0
1627890822000,0.0006079027355623102
1627890852000,0.0006119951040391675
1627890882000,0.0
1627890912000,0.0
1627890942000,0.0
1627890972000,0.0
1627891002000,0.0
1627891032000,0.0005998800239952009
1627891062000,0.0
1627891092000,0.0
1627891122000,0.0
1627891152000,0.0
1627891182000,0.0
1627891212000,0.0
1627891242000,0.0
1627891272000,0.0
1627891302000,0.0
1627891332000,0.0006060606060606062
1627891362000,0.0
1627891392000,0.0
1627891422000,0.0006157635467980296
1627891452000,0.0
1627891482000,0.0006169031462060457
1627891512000,0.0
1627891542000,0.0
1627891572000,0.0
1627891602000,0.0
1627891632000,0.0006119951040391675
1627891662000,0.0006169031462060457
1627891692000,0.0
1627891722000,0.0
1627891752000,0.0
1627891782000,0.0
1627891812000,0.0
1627891842000,0.0
1627891872000,0.0006075334143377885
1627891902000,0.0
1627891932000,0.0
1627891962000,0.0
1627891992000,0.0
1627892022000,0.0
1627892052000,0.0
1627892082000,0.0
1627892112000,0.0006119951040391675
1627892142000,0.0
1627892172000,0.0006002400960384152
1627892202000,0.0
1627892232000,0.0006013229104028864
1627892262000,0.0
1627892292000,0.0
1627892322000,0.0
1627892352000,0.0
1627892382000,0.0006060606060606062
1627892412000,0.0006086427267194157
1627892442000,0.0
1627892472000,0.0
1627892502000,0.0006119951040391675
1627892532000,0.0
1627892562000,0.0
1627892592000,0.0006090133982947625
1627892622000,0.0006165228113440197
1627892652000,0.0
1627892682000,0.0
1627892712000,0.0006049606775559589
1627892742000,0.001221001221001221
1627892772000,0.0006009615384615385
1627892802000,0.0
1627892832000,0.0005988023952095807
1627892862000,0.0
1627892892000,0.0
1627892922000,0.0
1627892952000,0.0
1627892982000,0.0
1627893012000,0.0
1627893042000,0.0
1627893072000,0.0
1627893102000,0.0006082725060827251
1627893132000,0.0
1627893162000,0.0
1627893192000,0.0
1627893222000,0.0
1627893252000,0.0
1627893282000,0.0
1627893312000,0.0
1627893342000,0.0
1627893372000,0.0006108735491753207
1627893402000,0.0
1627893432000,0.0
1627893462000,0.0
1627893492000,0.0
1627893522000,0.0
1627893552000,0.0006086427267194157
1627893582000,0.0
1627893612000,0.0006116207951070336
1627893642000,0.0006053268765133173
1627893672000,0.0
1627893702000,0.0006119951040391675
1627893732000,0.0
1627893762000,0.0006097560975609756
1627893792000,0.0006138735420503376
1627893822000,0.0006105006105006105
1627893852000,0.0
1627893882000,0.0
1627893912000,0.0006060606060606062
1627893942000,0.0006127450980392157
1627893972000,0.0006093845216331506
1627894002000,0.0006082725060827251
1627894032000,0.0006146281499692684
1627894062000,0.0006049606775559589
1627894092000,0.0
1627894122000,0.0
1627894152000,0.0
1627894182000,0.0006064281382656155
1627894212000,0.0
1627894242000,0.0006045949214026603
1627894272000,0.0
1627894302000,0.0
1627894332000,0.0
1627894362000,0.0
1627894392000,0.0
1627894422000,0.0
1627894452000,0.0
1627894482000,0.0006038647342995169
1627894512000,0.0
1627894542000,0.0
1627894572000,0.0
1627894602000,0.0006042296072507553
1627894632000,0.0
1627894662000,0.0006238303181534623
1627894692000,0.0006131207847946045
1627894722000,0.0
1627894752000,0.0
1627894782000,0.0
1627894812000,0.0
1627894842000,0.0006045949214026603
1627894872000,0.0
1627894902000,0.0
1627894932000,0.0006027727546714887
1627894962000,0.0
1627894992000,0.0
1627895022000,0.0006013229104028864
1627895052000,0.0
1627895082000,0.0
1627895112000,0.0
1627895142000,0.0
1627895172000,0.0005945303210463732
1627895202000,0.0
1627895232000,0.0
1627895262000,0.0
1627895292000,0.0
1627895322000,0.0006031363088057902
1627895352000,0.0
1627895382000,0.0
1627895412000,0.0
1627895442000,0.0
1627895472000,0.0
1627895502000,0.0006105006105006105
1627895532000,0.0
1627895562000,0.0
1627895592000,0.0006049606775559589
1627895622000,0.0
1627895652000,0.0
1627895682000,0.0
1627895712000,0.0
1627895742000,0.0
1627895772000,0.0
1627895802000,0.0006211180124223603
1627895832000,0.0006035003017501509
1627895862000,0.0
1627895892000,0.0
1627895922000,0.0
1627895952000,0.0
1627895982000,0.0
1627896012000,0.0
1627896042000,0.0
1627896072000,0.0
1627896102000,0.0
1627896132000,0.0
1627896162000,0.0
1627896192000,0.0
1627896222000,0.0
1627896252000,0.0006045949214026603
1627896282000,0.0006067961165048543
1627896312000,0.001212856276531231
1627896342000,0.0
1627896372000,0.0
1627896402000,0.0
1627896432000,0.0
1627896462000,0.0005927682276229994
1627896492000,0.0
1627896522000,0.0
1627896552000,0.0005991611743559018
1627896582000,0.0
1627896612000,0.0
1627896642000,0.0006131207847946045
1627896672000,0.0
1627896702000,0.0
1627896732000,0.0
1627896762000,0.0
1627896792000,0.0
1627896822000,0.0
1627896852000,0.0
1627896882000,0.0006067961165048543
1627896912000,0.0005959475566150177
1627896942000,0.0
1627896972000,0.0005973715651135006
1627897002000,0.0
1627897032000,0.0
1627897062000,0.0
1627897092000,0.0
1627897122000,0.0
1627897152000,0.0
1627897182000,0.0
1627897212000,0.0006082725060827251
1627897242000,0.0012165450121654502
1627897272000,0.0
1627897302000,0.0
1627897332000,0.0006191950464396285
1627897362000,0.0
1627897392000,0.0
1627897422000,0.0
1627897452000,0.0
1627897482000,0.0
1627897512000,0.0006116207951070336
1627897542000,0.0
1627897572000,0.0
1627897602000,0.0
1627897632000,0.0
1627897662000,0.0
1627897692000,0.0
1627897722000,0.0
1627897752000,0.0
1627897782000,0.0
1627897812000,0.0006067961165048543
1627897842000,0.0006090133982947625
1627897872000,0.0005963029218843173
1627897902000,0.0006024096385542169
1627897932000,0.0
1627897962000,0.0
1627897992000,0.0
1627898022000,0.0
1627898052000,0.0
1627898082000,0.0
1627898112000,0.0
1627898142000,0.0
1627898172000,0.0006013229104028864
1627898202000,0.0
1627898232000,0.0006031363088057902
1627898262000,0.0
1627898292000,0.0006105006105006105
1627898322000,0.0
1627898352000,0.0
1627898382000,0.0
1627898412000,0.0012254901960784314
1627898442000,0.0
1627898472000,0.0006009615384615385
1627898502000,0.0006142506142506142
1627898532000,0.0
1627898562000,0.0
1627898592000,0.0006127450980392157
1627898622000,0.0
1627898652000,0.0006199628022318662
1627898682000,0.0
1627898712000,0.0
1627898742000,0.0006203473945409428
1627898772000,0.0005998800239952009
1627898802000,0.0006138735420503376
1627898832000,0.0
1627898862000,0.0
1627898892000,0.0006045949214026603
1627898922000,0.0006086427267194157
1627898952000,0.0
1627898982000,0.0
1627899012000,0.0
1627899042000,0.0
1627899072000,0.0006060606060606062
1627899102000,0.0
1627899132000,0.0
1627899162000,0.0006056935190793457
1627899192000,0.0
1627899222000,0.0006172839506172839
1627899252000,0.0
1627899282000,0.0
1627899312000,0.0
1627899342000,0.0
1627899372000,0.0
1627899402000,0.0006049606775559589
1627899432000,0.0
1627899462000,0.0
1627899492000,0.0
1627899522000,0.0006138735420503376
1627899552000,0.0
1627899582000,0.0
1627899612000,0.0006153846153846153
1627899642000,0.0
1627899672000,0.0006180469715698393
1627899702000,0.0012391573729863693
1627899732000,0.0006031363088057902
1627899762000,0.0
1627899792000,0.0005988023952095807
1627899822000,0.0
1627899852000,0.0
1627899882000,0.0
1627899912000,0.0006049606775559589
1627899942000,0.0
1627899972000,0.0005998800239952009
1627900002000,0.0
1627900032000,0.0
1627900062000,0.0
1627900092000,0.0
1627900122000,0.0
1627900152000,0.0
1627900182000,0.0006222775357809582
1627900212000,0.0
1627900242000,0.0
1627900272000,0.0006188118811881187
1627900302000,0.0
1627900332000,0.0
1627900362000,0.0
1627900392000,0.0
1627900422000,0.0006123698714023269
1627900452000,0.0
1627900482000,0.0006071645415907711
1627900512000,0.0
1627900542000,0.0
1627900572000,0.0006157635467980296
1627900602000,0.0
1627900632000,0.0
1627900662000,0.0006199628022318662
1627900692000,0.0
1627900722000,0.0
1627900752000,0.0
1627900782000,0.0
1627900812000,0.0
1627900842000,0.0
1627900872000,0.0006218905472636817
1627900902000,0.0006101281269066504
1627900932000,0.0
1627900962000,0.0
1627900992000,0.0006082725060827251
1627901022000,0.0
1627901052000,0.0
1627901082000,0.0
1627901112000,0.0
1627901142000,0.0
1627901172000,0.0
1627901202000,0.0
1627901232000,0.0
1627901262000,0.0
1627901292000,0.0
1627901322000,0.0
1627901352000,0.0006082725060827251
1627901382000,0.0
1627901412000,0.0
1627901442000,0.0006134969325153375
1627901472000,0.0
1627901502000,0.0006053268765133173
1627901532000,0.0
1627901562000,0.0
1627901592000,0.0006127450980392157
1627901622000,0.0
1627901652000,0.0
1627901682000,0.0
1627901712000,0.0
1627901742000,0.0
1627901772000,0.0
1627901802000,0.0
1627901832000,0.0
1627901862000,0.0
1627901892000,0.0
1627901922000,0.0
1627901952000,0.0
1627901982000,0.0
1627902012000,0.0
1627902042000,0.0
1627902072000,0.0
1627902102000,0.0
1627902132000,0.0
1627902162000,0.0006049606775559589
1627902192000,0.0
1627902222000,0.0
1627902252000,0.0
1627902282000,0.0
1627902312000,0.0
1627902342000,0.0
1627902372000,0.0
1627902402000,0.0
1627902432000,0.0006101281269066504
1627902462000,0.0
1627902492000,0.0006169031462060457
1627902522000,0.0006056935190793457
1627902552000,0.0005980861244019139
1627902582000,0.0
1627902612000,0.0
1627902642000,0.0006090133982947625
1627902672000,0.0
1627902702000,0.0
1627902732000,0.0
1627902762000,0.0
1627902792000,0.0
1627902822000,0.0006180469715698393
1627902852000,0.0
1627902882000,0.0005959475566150177
1627902912000,0.0006101281269066504
1627902942000,0.0006093845216331506
1627902972000,0.0
1627903002000,0.0
1627903032000,0.0
1627903062000,0.0
1627903092000,0.0
1627903122000,0.0006053268765133173
1627903152000,0.0006161429451632778
1627903182000,0.0
1627903212000,0.0006191950464396285
1627903242000,0.0
1627903272000,0.0
1627903302000,0.0006093845216331506
1627903332000,0.0
1627903362000,0.0
1627903392000,0.0
1627903422000,0.0
1627903452000,0.0
1627903482000,0.0
1627903512000,0.0
1627903542000,0.0006013229104028864
1627903572000,0.0
1627903602000,0.0
1627903632000,0.0
1627903662000,0.0
1627903692000,0.0
1627903722000,0.0
1627903752000,0.0
1627903782000,0.0
1627903812000,0.0
1627903842000,0.0006013229104028864
1627903872000,0.0006172839506172839
1627903902000,0.0
1627903932000,0.0
1627903962000,0.0
1627903992000,0.0
1627904022000,0.0006108735491753207
1627904052000,0.0
1627904082000,0.0006024096385542169
1627904112000,0.0
1627904142000,0.0
1627904172000,0.0
1627904202000,0.0006131207847946045
1627904232000,0.0
1627904262000,0.0
1627904292000,0.0
1627904322000,0.0
1627904352000,0.0
1627904382000,0.0006075334143377885
1627904412000,0.0
1627904442000,0.0
1627904472000,0.0005995203836930455
1627904502000,0.0006093845216331506
1627904532000,0.0
1627904562000,0.0
1627904592000,0.0006016847172081829
1627904622000,0.0
1627904652000,0.0
1627904682000,0.0
1627904712000,0.0
1627904742000,0.0
1627904772000,0.0006093845216331506
1627904802000,0.0
1627904832000,0.0
1627904862000,0.0005980861244019139
1627904892000,0.0
1627904922000,0.0
1627904952000,0.0006067961165048543
1627904982000,0.0006131207847946045
1627905012000,0.0
1627905042000,0.0
1627905072000,0.0
1627905102000,0.0
1627905132000,0.0
1627905162000,0.0
1627905192000,0.0
1627905222000,0.0005991611743559018
1627905252000,0.0
1627905282000,0.0
1627905312000,0.0
1627905342000,0.0006049606775559589
1627905372000,0.0
1627905402000,0.0
1627905432000,0.0
1627905462000,0.0012113870381586915
1627905492000,0.0005973715651135006
1627905522000,0.0
1627905552000,0.0006101281269066504
1627905582000,0.0006042296072507553
1627905612000,0.0
1627905642000,0.0
1627905672000,0.0006123698714023269
1627905702000,0.0
1627905732000,0.0
1627905762000,0.0
1627905792000,0.0006172839506172839
1627905822000,0.0006075334143377885
1627905852000,0.0
1627905882000,0.0
1627905912000,0.001221001221001221
1627905942000,0.0
1627905972000,0.0
1627906002000,0.0006203473945409428
1627906032000,0.0
1627906062000,0.0
1627906092000,0.0
1627906122000,0.0
1627906152000,0.0
1627906182000,0.0
1627906212000,0.0006161429451632778
1627906242000,0.0
1627906272000,0.0
1627906302000,0.0
1627906332000,0.0
1627906362000,0.0005959475566150177
1627906392000,0.0005995203836930455
1627906422000,0.0
1627906452000,0.0
1627906482000,0.0
1627906512000,0.0
1627906542000,0.0
1627906572000,0.0
1627906602000,0.0
1627906632000,0.0
1627906662000,0.0006035003017501509
1627906692000,0.0
1627906722000,0.0
1627906752000,0.0
1627906782000,0.0
1627906812000,0.0006123698714023269
1627906842000,0.0
1627906872000,0.0
1627906902000,0.0
1627906932000,0.0006093845216331506
1627906962000,0.0
1627906992000,0.0006127450980392157
1627907022000,0.0005991611743559018
1627907052000,0.0006153846153846153
1627907082000,0.0
1627907112000,0.0
1627907142000,0.0
1627907172000,0.0
1627907202000,0.0
1627907232000,0.0
1627907262000,0.0
1627907292000,0.0006093845216331506
1627907322000,0.0
1627907352000,0.0006086427267194157
1627907382000,0.0
1627907412000,0.0
1627907442000,0.0006238303181534623
1627907472000,0.0
1627907502000,0.0
1627907532000,0.0006127450980392157
1627907562000,0.0
1627907592000,0.0
1627907622000,0.0
1627907652000,0.0
1627907682000,0.0
1627907712000,0.0
1627907742000,0.0006086427267194157
1627907772000,0.0006131207847946045
1627907802000,0.0
1627907832000,0.0
1627907862000,0.0
1627907892000,0.0006053268765133173
1627907922000,0.0
1627907952000,0.0
1627907982000,0.0
1627908012000,0.0
1627908042000,0.0
1627908072000,0.0
1627908102000,0.0
1627908132000,0.0
1627908162000,0.0
1627908192000,0.0
1627908222000,0.0
1627908252000,0.0
1627908282000,0.0
1627908312000,0.0
1627908342000,0.0005991611743559018
1627908372000,0.001215066828675577
1627908402000,0.0
1627908432000,0.0
1627908462000,0.0
1627908492000,0.0
1627908522000,0.0006064281382656155
1627908552000,0.0005998800239952009
1627908582000,0.0
1627908612000,0.0
1627908642000,0.0006131207847946045
1627908672000,0.0
1627908702000,0.0006207324643078832
1627908732000,0.0
1627908762000,0.0
1627908792000,0.0
1627908822000,0.0
1627908852000,0.0
1627908882000,0.0006093845216331506
1627908912000,0.0006153846153846153
1627908942000,0.0
1627908972000,0.0006199628022318662
1627909002000,0.0
1627909032000,0.0006188118811881187
1627909062000,0.0
1627909092000,0.0
1627909122000,0.0
1627909152000,0.0
1627909182000,0.0
1627909212000,0.0006064281382656155
1627909242000,0.0
1627909272000,0.0
1627909302000,0.0
1627909332000,0.0
1627909362000,0.0
1627909392000,0.0
1627909422000,0.0006112469437652813
1627909452000,0.0
1627909482000,0.0
1627909512000,0.0
1627909542000,0.0006071645415907711
1627909572000,0.0006045949214026603
1627909602000,0.0
1627909632000,0.0
1627909662000,0.0
1627909692000,0.0
1627909722000,0.0
1627909752000,0.0006150061500615006
1627909782000,0.0012315270935960591
1627909812000,0.0
1627909842000,0.0
1627909872000,0.0
1627909902000,0.0
1627909932000,0.0
1627909962000,0.0006138735420503376
1627909992000,0.0
1627910022000,0.0
1627910052000,0.0006108735491753207
1627910082000,0.0
1627910112000,0.0
1627910142000,0.0
1627910172000,0.0
1627910202000,0.0
1627910232000,0.0006009615384615385
1627910262000,0.0006097560975609756
1627910292000,0.0
1627910322000,0.0006199628022318662
1627910352000,0.0006020469596628537
1627910382000,0.0006009615384615385
1627910412000,0.0
1627910442000,0.0
1627910472000,0.0
1627910502000,0.0
1627910532000,0.0006038647342995169
1627910562000,0.0
1627910592000,0.0006211180124223603
1627910622000,0.0
1627910652000,0.0
1627910682000,0.0
1627910712000,0.0
1627910742000,0.0
1627910772000,0.0
1627910802000,0.0
1627910832000,0.0
1627910862000,0.0
1627910892000,0.0
1627910922000,0.0006112469437652813
1627910952000,0.0006060606060606062
1627910982000,0.0
1627911012000,0.0
1627911042000,0.0005991611743559018
1627911072000,0.0
1627911102000,0.0
1627911132000,0.0
1627911162000,0.0
1627911192000,0.0
1627911222000,0.0
1627911252000,0.0
1627911282000,0.0
1627911312000,0.0006203473945409428
1627911342000,0.0
1627911372000,0.0006035003017501509
1627911402000,0.0
1627911432000,0.0006146281499692684
1627911462000,0.0
1627911492000,0.0006108735491753207
1627911522000,0.0
1627911552000,0.0
1627911582000,0.0005998800239952009
1627911612000,0.0
1627911642000,0.0
1627911672000,0.0
1627911702000,0.0
1627911732000,0.0006123698714023269
1627911762000,0.0
1627911792000,0.0006203473945409428
1627911822000,0.0005973715651135006
1627911852000,0.0006097560975609756
1627911882000,0.0
1627911912000,0.0005959475566150177
1627911942000,0.0
1627911972000,0.0
1627912002000,0.0
1627912032000,0.0006138735420503376
1627912062000,0.0
1627912092000,0.0006105006105006105
1627912122000,0.0006146281499692684
1627912152000,0.0
1627912182000,0.0
1627912212000,0.0
1627912242000,0.0
1627912272000,0.0
1627912302000,0.0
1627912332000,0.0
1627912362000,0.0
1627912392000,0.0
1627912422000,0.0
1627912452000,0.0
1627912482000,0.0006134969325153375
1627912512000,0.0
1627912542000,0.0
1627912572000,0.0
1627912602000,0.0
1627912632000,0.0
1627912662000,0.0
1627912692000,0.0
1627912722000,0.00121580547112462
1627912752000,0.0
1627912782000,0.0
1627912812000,0.0006119951040391675
1627912842000,0.0006138735420503376
1627912872000,0.0006161429451632778
1627912902000,0.0
1627912932000,0.0006067961165048543
1627912962000,0.0
1627912992000,0.0
1627913022000,0.0012070006035003018
1627913052000,0.0
1627913082000,0.0
1627913112000,0.0
1627913142000,0.0
1627913172000,0.0
1627913202000,0.0
1627913232000,0.0
1627913262000,0.0006067961165048543
1627913292000,0.0006086427267194157
1627913322000,0.0
1627913352000,0.0006146281499692684
1627913382000,0.0006053268765133173
1627913412000,0.0
1627913442000,0.0
1627913472000,0.0
1627913502000,0.0
1627913532000,0.0
1627913562000,0.0
1627913592000,0.0006042296072507553
1627913622000,0.0
1627913652000,0.0
1627913682000,0.0
1627913712000,0.0
1627913742000,0.0
1627913772000,0.0
1627913802000,0.0
1627913832000,0.0
1627913862000,0.0
1627913892000,0.0
1627913922000,0.0
1627913952000,0.0
1627913982000,0.0
1627914012000,0.0
1627914042000,0.0
1627914072000,0.0
1627914102000,0.0006031363088057902
1627914132000,0.0006079027355623102
1627914162000,0.0006134969325153375
1627914192000,0.0
1627914222000,0.0
1627914252000,0.0
1627914282000,0.0
1627914312000,0.0
1627914342000,0.0
1627914372000,0.0006049606775559589
1627914402000,0.0
1627914432000,0.0006127450980392157
1627914462000,0.0
1627914492000,0.0006042296072507553
1627914522000,0.0
1627914552000,0.0012070006035003018
1627914582000,0.0
1627914612000,0.0006176652254478072
1627914642000,0.0
1627914672000,0.0
1627914702000,0.0
1627914732000,0.0
1627914762000,0.0006035003017501509
1627914792000,0.0006203473945409428
1627914822000,0.0
1627914852000,0.0
1627914882000,0.0
1627914912000,0.0006075334143377885
1627914942000,0.0
1627914972000,0.0
1627915002000,0.0
1627915032000,0.0006123698714023269
1627915062000,0.0
1627915092000,0.0006090133982947625
1627915122000,0.0
1627915152000,0.0
1627915182000,0.0006116207951070336
1627915212000,0.0006138735420503376
1627915242000,0.0
1627915272000,0.0
1627915302000,0.0
1627915332000,0.0
1627915362000,0.0
1627915392000,0.0006127450980392157
1627915422000,0.0006093845216331506
1627915452000,0.0
1627915482000,0.0
1627915512000,0.0006031363088057902
1627915542000,0.0
1627915572000,0.0006035003017501509
1627915602000,0.0006146281499692684
1627915632000,0.0
1627915662000,0.0006071645415907711
1627915692000,0.0006027727546714887
1627915722000,0.0
1627915752000,0.0006086427267194157
1627915782000,0.0
1627915812000,0.0006013229104028864
1627915842000,0.0
1627915872000,0.0
1627915902000,0.0
1627915932000,0.0006150061500615006
1627915962000,0.0
1627915992000,0.0005966587112171838
1627916022000,0.0
1627916052000,0.0
1627916082000,0.0006071645415907711
1627916112000,0.0005988023952095807
1627916142000,0.0
1627916172000,0.0006238303181534623
1627916202000,0.0006060606060606062
1627916232000,0.0
1627916262000,0.0
1627916292000,0.0006176652254478072
1627916322000,0.0
1627916352000,0.0
1627916382000,0.0006060606060606062
1627916412000,0.0
1627916442000,0.0
1627916472000,0.0
1627916502000,0.0
1627916532000,0.0
1627916562000,0.0
1627916592000,0.0006049606775559589
1627916622000,0.0
1627916652000,0.0
1627916682000,0.0006153846153846153
1627916712000,0.0
1627916742000,0.0
1627916772000,0.0
1627916802000,0.0
1627916832000,0.0006172839506172839
1627916862000,0.0
1627916892000,0.0
1627916922000,0.0
1627916952000,0.001223990208078335
1627916982000,0.0006006006006006006
1627917012000,0.0
1627917042000,0.0
1627917072000,0.0
1627917102000,0.0
1627917132000,0.0006161429451632778
1627917162000,0.0
1627917192000,0.0006056935190793457
1627917222000,0.0
1627917252000,0.000625
1627917282000,0.0006150061500615006
1627917312000,0.0
1627917342000,0.0
1627917372000,0.0
1627917402000,0.0
1627917432000,0.0006086427267194157
1627917462000,0.0
1627917492000,0.0006142506142506142
1627917522000,0.0
1627917552000,0.0
1627917582000,0.0006002400960384152
1627917612000,0.0
1627917642000,0.0
1627917672000,0.0
1627917702000,0.0
1627917732000,0.0
1627917762000,0.0006013229104028864
1627917792000,0.0
1627917822000,0.0
1627917852000,0.0005966587112171838
1627917882000,0.0
1627917912000,0.0
1627917942000,0.0
1627917972000,0.0
1627918002000,0.0006031363088057902
1627918032000,0.0
1627918062000,0.0005991611743559018
1627918092000,0.0006053268765133173
1627918122000,0.0006112469437652813
1627918152000,0.0
1627918182000,0.0
1627918212000,0.0
1627918242000,0.0
1627918272000,0.0006016847172081829
1627918302000,0.0006020469596628537
1627918332000,0.0
1627918362000,0.0
1627918392000,0.0006116207951070336
1627918422000,0.0
1627918452000,0.0
1627918482000,0.0
1627918512000,0.0
1627918542000,0.0006131207847946045
1627918572000,0.0
1627918602000,0.0
1627918632000,0.0
1627918662000,0.0006116207951070336
1627918692000,0.0006075334143377885
1627918722000,0.0
1627918752000,0.0
1627918782000,0.0
1627918812000,0.0
1627918842000,0.0
1627918872000,0.0006108735491753207
1627918902000,0.0
1627918932000,0.0
1627918962000,0.0006097560975609756
1627918992000,0.0
1627919022000,0.0
1627919052000,0.0006123698714023269
1627919082000,0.0006180469715698393
1627919112000,0.0
1627919142000,0.0
1627919172000,0.0
1627919202000,0.0006138735420503376
1627919232000,0.0006127450980392157
1627919262000,0.0
1627919292000,0.0
1627919322000,0.0
1627919352000,0.0006112469437652813
1627919382000,0.0
1627919412000,0.0
1627919442000,0.0
1627919472000,0.0006169031462060457
1627919502000,0.0006016847172081829
1627919532000,0.0006090133982947625
1627919562000,0.0
1627919592000,0.0
1627919622000,0.0
1627919652000,0.0
1627919682000,0.0006169031462060457
1627919712000,0.0005998800239952009
1627919742000,0.0
1627919772000,0.0
1627919802000,0.0
1627919832000,0.001215066828675577
1627919862000,0.0
1627919892000,0.0
1627919922000,0.0
1627919952000,0.0
1627919982000,0.0012165450121654502
1627920012000,0.0
1627920042000,0.0
1627920072000,0.0
1627920102000,0.0
1627920132000,0.0
1627920162000,0.0
1627920192000,0.0
1627920222000,0.0
1627920252000,0.0
1627920282000,0.0
1627920312000,0.0
1627920342000,0.0
1627920372000,0.0
1627920402000,0.0006045949214026603
1627920432000,0.0006226650062266501
1627920462000,0.0006123698714023269
1627920492000,0.0
1627920522000,0.0006056935190793457
1627920552000,0.0
1627920582000,0.0
1627920612000,0.0
1627920642000,0.0
1627920672000,0.0006127450980392157
1627920702000,0.0
1627920732000,0.0006060606060606062
1627920762000,0.0
1627920792000,0.0
1627920822000,0.0006060606060606062
1627920852000,0.0
1627920882000,0.0
1627920912000,0.0006024096385542169
1627920942000,0.0
1627920972000,0.0
1627921002000,0.0
1627921032000,0.0006024096385542169
1627921062000,0.0
1627921092000,0.0006056935190793457
1627921122000,0.0006101281269066504
1627921152000,0.001226241569589209
1627921182000,0.0005998800239952009
1627921212000,0.0
1627921242000,0.0
1627921272000,0.0
1627921302000,0.0
1627921332000,0.0
1627921362000,0.0
1627921392000,0.0
1627921422000,0.0006108735491753207
1627921452000,0.0006169031462060457
1627921482000,0.0
1627921512000,0.0006090133982947625
1627921542000,0.0
1627921572000,0.0006112469437652813
1627921602000,0.0006090133982947625
1627921632000,0.0
1627921662000,0.0
1627921692000,0.0
1627921722000,0.0
1627921752000,0.0
1627921782000,0.0005973715651135006
1627921812000,0.0
1627921842000,0.0
1627921872000,0.0006090133982947625
1627921902000,0.0
1627921932000,0.0
1627921962000,0.0
1627921992000,0.002416918429003021
1627922022000,0.0006097560975609756
1627922052000,0.0
1627922082000,0.0006049606775559589
1627922112000,0.0
1627922142000,0.0
1627922172000,0.0006060606060606062
1627922202000,0.0011827321111768185
1627922232000,0.0
1627922262000,0.0
1627922292000,0.0
1627922322000,0.0
1627922352000,0.0006038647342995169
1627922382000,0.0
1627922412000,0.0
1627922442000,0.0005991611743559018
1627922472000,0.0
1627922502000,0.0
1627922532000,0.0
1627922562000,0.0
1627922592000,0.0
1627922622000,0.0006056935190793457
1627922652000,0.0
1627922682000,0.0
1627922712000,0.0006131207847946045
1627922742000,0.0006045949214026603
1627922772000,0.0006093845216331506
1627922802000,0.0
1627922832000,0.0006138735420503376
1627922862000,0.0
1627922892000,0.0
1627922922000,0.0
1627922952000,0.0
1627922982000,0.0
1627923012000,0.0
1627923042000,0.0
1627923072000,0.0006042296072507553
1627923102000,0.0
1627923132000,0.0
1627923162000,0.0
1627923192000,0.0006006006006006006
1627923222000,0.0
1627923252000,0.0
1627923282000,0.0
1627923312000,0.0006172839506172839
1627923342000,0.0
1627923372000,0.0006101281269066504
1627923402000,0.0
1627923432000,0.0005924170616113746
1627923462000,0.0012062726176115801
1627923492000,0.0006119951040391675
1627923522000,0.0
1627923552000,0.0006086427267194157
1627923582000,0.0
1627923612000,0.0
1627923642000,0.0006195786864931846
1627923672000,0.0
1627923702000,0.0006153846153846153
1627923732000,0.0
1627923762000,0.0
1627923792000,0.0
1627923822000,0.0
1627923852000,0.0006191950464396285
1627923882000,0.0
1627923912000,0.0006082725060827251
1627923942000,0.0006049606775559589
1627923972000,0.0
1627924002000,0.0006067961165048543
1627924032000,0.0
1627924062000,0.0
1627924092000,0.0
1627924122000,0.0006112469437652813
1627924152000,0.0
1627924182000,0.0
1627924212000,0.0005980861244019139
1627924242000,0.0
1627924272000,0.0
1627924302000,0.0
1627924332000,0.0
1627924362000,0.0
1627924392000,0.0
1627924422000,0.0
1627924452000,0.0006123698714023269
1627924482000,0.0
1627924512000,0.0
1627924542000,0.0
1627924572000,0.0006116207951070336
1627924602000,0.0
1627924632000,0.0
1627924662000,0.0
1627924692000,0.0
1627924722000,0.0006134969325153375
1627924752000,0.0
1627924782000,0.0
1627924812000,0.0006150061500615006
1627924842000,0.0
1627924872000,0.0
1627924902000,0.0006056935190793457
1627924932000,0.0
1627924962000,0.0
1627924992000,0.0
1627925022000,0.0006082725060827251
1627925052000,0.0
1627925082000,0.0
1627925112000,0.0
1627925142000,0.0006142506142506142
1627925172000,0.0
1627925202000,0.0
1627925232000,0.0006071645415907711
1627925262000,0.0006082725060827251
1627925292000,0.0006049606775559589
1627925322000,0.0
1627925352000,0.0
1627925382000,0.0006042296072507553
1627925412000,0.0006108735491753207
1627925442000,0.0
1627925472000,0.0
1627925502000,0.0
1627925532000,0.0
1627925562000,0.0006049606775559589
1627925592000,0.0006116207951070336
1627925622000,0.0006134969325153375
1627925652000,0.0006075334143377885
1627925682000,0.0
1627925712000,0.0
1627925742000,0.0006131207847946045
1627925772000,0.0
1627925802000,0.0006075334143377885
1627925832000,0.0006119951040391675
1627925862000,0.0
1627925892000,0.0
1627925922000,0.0
1627925952000,0.0012143290831815425
1627925982000,0.0
1627926012000,0.0
1627926042000,0.0
1627926072000,0.0006027727546714887
1627926102000,0.0006138735420503376
1627926132000,0.0
1627926162000,0.0
1627926192000,0.0006049606775559589
1627926222000,0.0
1627926252000,0.0
1627926282000,0.0
1627926312000,0.0
1627926342000,0.0006169031462060457
1627926372000,0.0006045949214026603
1627926402000,0.0
1627926432000,0.0006161429451632778
1627926462000,0.0
1627926492000,0.0006119951040391675
1627926522000,0.0
1627926552000,0.0006105006105006105
1627926582000,0.0006134969325153375
1627926612000,0.0006031363088057902
1627926642000,0.0006199628022318662
1627926672000,0.0006053268765133173
1627926702000,0.0006242197253433209
1627926732000,0.0005941770647653001
1627926762000,0.0006112469437652813
1627926792000,0.0006195786864931846
1627926822000,0.0
1627926852000,0.0006027727546714887
1627926882000,0.0
1627926912000,0.0006027727546714887
1627926942000,0.0006226650062266501
1627926972000,0.0
1627927002000,0.0006097560975609756
1627927032000,0.0006090133982947625
1627927062000,0.0006031363088057902
1627927092000,0.0
1627927122000,0.0
1627927152000,0.0006031363088057902
1627927182000,0.0
1627927212000,0.0006079027355623102
1627927242000,0.0
1627927272000,0.0006086427267194157
1627927302000,0.0006060606060606062
1627927332000,0.0005998800239952009
1627927362000,0.0
1627927392000,0.0
1627927422000,0.0
1627927452000,0.0
1627927482000,0.0006150061500615006
1627927512000,0.0
1627927542000,0.0
1627927572000,0.0006142506142506142
1627927602000,0.0
1627927632000,0.0006180469715698393
1627927662000,0.0
1627927692000,0.0006127450980392157
1627927722000,0.0
1627927752000,0.0
1627927782000,0.0
1627927812000,0.0
1627927842000,0.0006222775357809582
1627927872000,0.0006131207847946045
1627927902000,0.0
1627927932000,0.0
1627927962000,0.0006101281269066504
1627927992000,0.0006049606775559589
1627928022000,0.0012195121951219512
1627928052000,0.0
1627928082000,0.0006067961165048543
1627928112000,0.0
1627928142000,0.0012099213551119178
1627928172000,0.0006090133982947625
1627928202000,0.0
1627928232000,0.0006161429451632778
1627928262000,0.0
1627928292000,0.0
1627928322000,0.0
1627928352000,0.0
1627928382000,0.0
1627928412000,0.0006112469437652813
1627928442000,0.0
1627928472000,0.0
1627928502000,0.0
1627928532000,0.0
1627928562000,0.0006119951040391675
1627928592000,0.0
1627928622000,0.0006097560975609756
1627928652000,0.0
1627928682000,0.0
1627928712000,0.0006153846153846153
1627928742000,0.0
1627928772000,0.0006191950464396285
1627928802000,0.0
1627928832000,0.0
1627928862000,0.0006024096385542169
1627928892000,0.0
1627928922000,0.0
1627928952000,0.0
1627928982000,0.0
1627929012000,0.0
1627929042000,0.0
1627929072000,0.0
1627929102000,0.0
1627929132000,0.0
1627929162000,0.0
1627929192000,0.0
1627929222000,0.0006188118811881187
1627929252000,0.0
1627929282000,0.0006127450980392157
1627929312000,0.0
1627929342000,0.0006138735420503376
1627929372000,0.0
1627929402000,0.0
1627929432000,0.0006067961165048543
1627929462000,0.0
1627929492000,0.0
1627929522000,0.0012307692307692306
1627929552000,0.0
1627929582000,0.0006038647342995169
1627929612000,0.0006075334143377885
1627929642000,0.0
1627929672000,0.0
1627929702000,0.0
1627929732000,0.0006075334143377885
1627929762000,0.0
1627929792000,0.0006086427267194157
1627929822000,0.0
1627929852000,0.0006242197253433209
1627929882000,0.0
1627929912000,0.0006056935190793457
1627929942000,0.0
1627929972000,0.0006105006105006105
1627930002000,0.0006150061500615006
1627930032000,0.0006049606775559589
1627930062000,0.0
1627930092000,0.0
1627930122000,0.0005973715651135006
1627930152000,0.0
1627930182000,0.0
1627930212000,0.0
1627930242000,0.0
1627930272000,0.0
1627930302000,0.0
1627930332000,0.0
1627930362000,0.0
1627930392000,0.0
1627930422000,0.0
1627930452000,0.0006238303181534623
1627930482000,0.0
1627930512000,0.0
1627930542000,0.0
1627930572000,0.0006119951040391675
1627930602000,0.0
1627930632000,0.0
1627930662000,0.0
1627930692000,0.0
1627930722000,0.0
1627930752000,0.0
1627930782000,0.0
1627930812000,0.0
1627930842000,0.0
1627930872000,0.0
1627930902000,0.0
1627930932000,0.0006013229104028864
1627930962000,0.0005945303210463732
1627930992000,0.0006116207951070336
1627931022000,0.0012165450121654502
1627931052000,0.0
1627931082000,0.0
1627931112000,0.0
1627931142000,0.0012106537530266347
1627931172000,0.0
1627931202000,0.0
1627931232000,0.0
1627931262000,0.0
1627954842000,0.0006105006105006105
1627954872000,0.0006027727546714887
1627954902000,0.0006071645415907711
1627954932000,0.0006123698714023269
1627954962000,0.0
1627954992000,0.0
1627955022000,0.0
1627955052000,0.0
1627955082000,0.0
1627955112000,0.0006184291898577612
1627955142000,0.0
1627955172000,0.0
1627955202000,0.0
1627955232000,0.0006020469596628537
1627955262000,0.0
1627955292000,0.0006013229104028864
1627955322000,0.0
1627955352000,0.0006020469596628537
1627955382000,0.0006191950464396285
1627955412000,0.0012062726176115801
1627955442000,0.0
1627955472000,0.0
1627955502000,0.0
1627955532000,0.0006199628022318662
1627955562000,0.0
1627955592000,0.0006002400960384152
1627955622000,0.0011841326228537595
1627955652000,0.0006123698714023269
1627955682000,0.0
1627955712000,0.0
1627955742000,0.0006172839506172839
1627955772000,0.0
1627955802000,0.0006131207847946045
1627955832000,0.0
1627955862000,0.0
1627955892000,0.0
1627955922000,0.0
1627955952000,0.0
1627955982000,0.0
1627956012000,0.0
1627956042000,0.0
1627956072000,0.0006101281269066504
1627956102000,0.0
1627956132000,0.0
1627956162000,0.0
1627956192000,0.0
1627956222000,0.0006116207951070336
1627956252000,0.0
1627956282000,0.0
1627956312000,0.0006161429451632778
1627956342000,0.0
1627956372000,0.0
1627956402000,0.0
1627956432000,0.0
1627956462000,0.0
1627956492000,0.0
1627956522000,0.0006071645415907711
1627956552000,0.0006053268765133173
1627956582000,0.0
1627956612000,0.0
1627956642000,0.0
1627956672000,0.0
1627956702000,0.0
1627956732000,0.0
1627956762000,0.0006064281382656155
1627956792000,0.0
1627956822000,0.0006108735491753207
1627956852000,0.0006153846153846153
1627956882000,0.0
1627956912000,0.0
1627956942000,0.0006112469437652813
1627956972000,0.0
1627957002000,0.0
1627957032000,0.0
1627957062000,0.0
1627957092000,0.0018303843807199512
1627957122000,0.0005945303210463732
1627957152000,0.0
1627957182000,0.0
1627957212000,0.0006024096385542169
1627957242000,0.0
1627957272000,0.0006049606775559589
1627957302000,0.0
1627957332000,0.0006127450980392157
1627957362000,0.0
1627957392000,0.0006071645415907711
1627957422000,0.0
1627957452000,0.0
1627957482000,0.0
1627957512000,0.0
1627957542000,0.0
1627957572000,0.0006176652254478072
1627957602000,0.0
1627957632000,0.0
1627957662000,0.0
1627957692000,0.0006093845216331506
1627957722000,0.0
1627957752000,0.001226241569589209
1627957782000,0.0
1627957812000,0.0
1627957842000,0.0
1627957872000,0.0
1627957902000,0.0
1627957932000,0.0
1627957962000,0.0
1627957992000,0.0
1627958022000,0.0
1627958052000,0.0
1627958082000,0.0
1627958112000,0.0012004801920768304
1627958142000,0.0
1627958172000,0.0
1627958202000,0.0
1627958232000,0.0
1627958262000,0.0
1627958292000,0.0
1627958322000,0.0005995203836930455
1627958352000,0.0
1627958382000,0.0012113870381586915
1627958412000,0.0
1627958442000,0.0
1627958472000,0.0006079027355623102
1627958502000,0.0
1627958532000,0.0006038647342995169
1627958562000,0.0
1627958592000,0.0006119951040391675
1627958622000,0.0
1627958652000,0.0
1627958682000,0.0005966587112171838
1627958712000,0.0
1627958742000,0.0
1627958772000,0.0006119951040391675
1627958802000,0.0
1627958832000,0.0
1627958862000,0.0
1627958892000,0.0
1627958922000,0.0
1627958952000,0.0
1627958982000,0.0
1627959012000,0.0
1627959042000,0.0
1627959072000,0.0006157635467980296
1627959102000,0.0
1627959132000,0.0
1627959162000,0.0
1627959192000,0.0
1627959222000,0.0
1627959252000,0.0
1627959282000,0.0
1627959312000,0.0
1627959342000,0.0012084592145015106
1627959372000,0.0
1627959402000,0.0
1627959432000,0.0
1627959462000,0.0
1627959492000,0.0006123698714023269
1627959522000,0.0
1627959552000,0.0005995203836930455
1627959582000,0.0
1627959612000,0.0006138735420503376
1627959642000,0.0
1627959672000,0.0006006006006006006
1627959702000,0.0006079027355623102
1627959732000,0.0
1627959762000,0.0
1627959792000,0.0
1627959822000,0.0
1627959852000,0.0006067961165048543
1627959882000,0.0006165228113440197
1627959912000,0.0
1627959942000,0.0
1627959972000,0.0006064281382656155
1627960002000,0.0005991611743559018
1627960032000,0.0
1627960062000,0.0
1627960092000,0.0
1627960122000,0.0
1627960152000,0.0
1627960182000,0.0006097560975609756
1627960212000,0.0006172839506172839
1627960242000,0.0
1627960272000,0.0
1627960302000,0.0
1627960332000,0.0
1627960362000,0.0
1627960392000,0.0
1627960422000,0.0006006006006006006
1627960452000,0.0006090133982947625
1627960482000,0.0
1627960512000,0.0
1627960542000,0.0
1627960572000,0.0
1627960602000,0.0
1627960632000,0.0
1627960662000,0.0006056935190793457
1627960692000,0.0
1627960722000,0.0006127450980392157
1627960752000,0.0006131207847946045
1627960782000,0.0005952380952380952
1627960812000,0.0006038647342995169
1627960842000,0.0
1627960872000,0.0
1627960902000,0.0006199628022318662
1627960932000,0.0
1627960962000,0.0
1627960992000,0.0
1627961022000,0.0
1627961052000,0.0
1627961082000,0.0
1627961112000,0.0
1627961142000,0.0
1627961172000,0.0005959475566150177
1627961202000,0.0
1627961232000,0.0
1627961262000,0.0006142506142506142
1627961292000,0.0
1627961322000,0.0012048192771084338
1627961352000,0.0006079027355623102
1627961382000,0.0006027727546714887
1627961412000,0.0
1627961442000,0.0
1627961472000,0.0
1627961502000,0.0006097560975609756
1627961532000,0.0
1627961562000,0.0
1627961592000,0.0006127450980392157
1627961622000,0.0006150061500615006
1627961652000,0.0
1627961682000,0.0
1627961712000,0.0
1627961742000,0.0
1627961772000,0.0
1627961802000,0.0006086427267194157
1627961832000,0.0006064281382656155
1627961862000,0.0
1627961892000,0.0006071645415907711
1627961922000,0.0005995203836930455
1627961952000,0.0006093845216331506
1627961982000,0.0012004801920768304
1627962012000,0.0
1627962042000,0.0
1627962072000,0.0
1627962102000,0.0
1627962132000,0.0
1627962162000,0.0
1627962192000,0.0006195786864931846
1627962222000,0.0
1627962252000,0.0
1627962282000,0.0006045949214026603
1627962312000,0.0006086427267194157
1627962342000,0.0006180469715698393
1627962372000,0.0
1627962402000,0.0006123698714023269
1627962432000,0.0005955926146515784
1627962462000,0.0
1627962492000,0.0
1627962522000,0.0
1627962552000,0.0
1627962582000,0.0
1627962612000,0.0
1627962642000,0.0
1627962672000,0.0
1627962702000,0.0011827321111768185
1627962732000,0.0
1627962762000,0.0006242197253433209
1627962792000,0.0006134969325153375
1627962822000,0.0
1627962852000,0.0
1627962882000,0.0
1627962912000,0.0
1627962942000,0.0
1627962972000,0.0
1627963002000,0.0006138735420503376
1627963032000,0.0
1627963062000,0.0
1627963092000,0.0
1627963122000,0.0006064281382656155
1627963152000,0.0006071645415907711
1627963182000,0.0006207324643078832
1627963212000,0.0
1627963242000,0.0006071645415907711
1627963272000,0.0
1627963302000,0.0
1627963332000,0.0006071645415907711
1627963362000,0.0006093845216331506
1627963392000,0.0
1627963422000,0.0006009615384615385
1627963452000,0.0006131207847946045
1627963482000,0.0
1627963512000,0.0006056935190793457
1627963542000,0.0006176652254478072
1627963572000,0.0
1627963602000,0.0
1627963632000,0.0
1627963662000,0.0006031363088057902
1627963692000,0.0
1627963722000,0.0
1627963752000,0.0005970149253731342
1627963782000,0.0
1627963812000,0.0006056935190793457
1627963842000,0.0
1627963872000,0.0
1627963902000,0.0
1627963932000,0.0
1627963962000,0.0
1627963992000,0.0
1627964022000,0.0006020469596628537
1627964052000,0.0005984440454817473
1627964082000,0.0
1627964112000,0.0
1627964142000,0.0
1627964172000,0.0
1627964202000,0.0
1627964232000,0.0006097560975609756
1627964262000,0.0
1627964292000,0.0
1627964322000,0.0006064281382656155
1627964352000,0.0
1627964382000,0.0
1627964412000,0.0
1627964442000,0.0
1627964472000,0.0006108735491753207
1627964502000,0.0
1627964532000,0.0006184291898577612
1627964562000,0.0
1627964592000,0.0
1627964622000,0.0
1627964652000,0.0006101281269066504
1627964682000,0.0
1627964712000,0.0
1627964742000,0.0
1627964772000,0.0
1627964802000,0.0
1627964832000,0.0
1627964862000,0.0006038647342995169
1627964892000,0.0
1627964922000,0.0
1627964952000,0.0
1627964982000,0.0
1627965012000,0.0
1627965042000,0.0006138735420503376
1627965072000,0.0
1627965102000,0.0
1627965132000,0.0
1627965162000,0.0006101281269066504
1627965192000,0.0
1627965222000,0.0
1627965252000,0.0005945303210463732
1627965282000,0.0006024096385542169
1627965312000,0.0
1627965342000,0.0
1627965372000,0.0
1627965402000,0.0
1627965432000,0.0
1627965462000,0.0
1627965492000,0.0
1627965522000,0.0
1627965552000,0.0
1627965582000,0.0
1627965612000,0.0
1627965642000,0.0006086427267194157
1627965672000,0.0006093845216331506
1627965702000,0.0
1627965732000,0.0
1627965762000,0.0
1627965792000,0.0
1627965822000,0.0
1627965852000,0.0
1627965882000,0.0
1627965912000,0.0
1627965942000,0.0006150061500615006
1627965972000,0.0
1627966002000,0.0
1627966032000,0.0006082725060827251
1627966062000,0.0
1627966092000,0.001212856276531231
1627966122000,0.0
1627966152000,0.0
1627966182000,0.0
1627966212000,0.0
1627966242000,0.0
1627966272000,0.0006053268765133173
1627966302000,0.0
1627966332000,0.0006013229104028864
1627966362000,0.0006191950464396285
1627966392000,0.0
1627966422000,0.0012055455093429774
1627966452000,0.0
1627966482000,0.0
1627966512000,0.0
1627966542000,0.0
1627966572000,0.0
1627966602000,0.0
1627966632000,0.0006146281499692684
1627966662000,0.0
1627966692000,0.0006053268765133173
1627966722000,0.0
1627966752000,0.0006013229104028864
1627966782000,0.0
1627966812000,0.0
1627966842000,0.0
1627966872000,0.0
1627966902000,0.0011890606420927464
1627966932000,0.0006119951040391675
1627966962000,0.0006123698714023269
1627966992000,0.0
1627967022000,0.0006038647342995169
1627967052000,0.0005984440454817473
1627967082000,0.0
1627967112000,0.0
1627967142000,0.0006038647342995169
1627967172000,0.0006027727546714887
1627967202000,0.0006112469437652813
1627967232000,0.0
1627967262000,0.0
1627967292000,0.0
1627967322000,0.0006071645415907711
1627967352000,0.0006027727546714887
1627967382000,0.0
1627967412000,0.0006031363088057902
1627967442000,0.0006123698714023269
1627967472000,0.0006086427267194157
1627967502000,0.0
1627967532000,0.0006180469715698393
1627967562000,0.0
1627967592000,0.0006123698714023269
1627967622000,0.0006053268765133173
1627967652000,0.0
1627967682000,0.0
1627967712000,0.0
1627967742000,0.0
1627967772000,0.0006123698714023269
1627967802000,0.0
1627967832000,0.0012091898428053206
1627967862000,0.0
1627967892000,0.0
1627967922000,0.0
1627967952000,0.00121580547112462
1627967982000,0.0
1627968012000,0.0
1627968042000,0.0
1627968072000,0.0
1627968102000,0.0005991611743559018
1627968132000,0.0006242197253433209
1627968162000,0.0006027727546714887
1627968192000,0.0006093845216331506
1627968222000,0.0012026458208057728
1627968252000,0.0
1627968282000,0.0
1627968312000,0.0
1627968342000,0.0006071645415907711
1627968372000,0.0
1627968402000,0.0
1627968432000,0.0
1627968462000,0.0
1627968492000,0.0
1627968522000,0.0006035003017501509
1627968552000,0.0
1627968582000,0.0005991611743559018
1627968612000,0.0006188118811881187
1627968642000,0.0006024096385542169
1627968672000,0.0
1627968702000,0.0006086427267194157
1627968732000,0.0
1627968762000,0.0006123698714023269
1627968792000,0.0
1627968822000,0.0006180469715698393
1627968852000,0.0
1627968882000,0.0005966587112171838
1627968912000,0.0
1627968942000,0.0
1627968972000,0.0
1627969002000,0.0
1627969032000,0.0
1627969062000,0.0006027727546714887
1627969092000,0.0006027727546714887
1627969122000,0.0
1627969152000,0.0006075334143377885
1627969182000,0.0006013229104028864
1627969212000,0.0006031363088057902
1627969242000,0.0
1627969272000,0.0
1627969302000,0.0
1627969332000,0.0006053268765133173
1627969362000,0.0
1627969392000,0.0
1627969422000,0.0
1627969452000,0.0005988023952095807
1627969482000,0.0006045949214026603
1627969512000,0.0
1627969542000,0.0006138735420503376
1627969572000,0.0
1627969602000,0.0006112469437652813
1627969632000,0.0006027727546714887
1627969662000,0.0006009615384615385
1627969692000,0.0
1627969722000,0.0
1627969752000,0.0006093845216331506
1627969782000,0.0
1627969812000,0.0006079027355623102
1627969842000,0.0006157635467980296
1627969872000,0.0
1627969902000,0.0
1627969932000,0.0
1627969962000,0.0
1627969992000,0.0006064281382656155
1627970022000,0.0
1627970052000,0.0018393623543838133
1627970082000,0.0006153846153846153
1627970112000,0.0
1627970142000,0.0
1627970172000,0.0
1627970202000,0.0006127450980392157
1627970232000,0.0
1627970262000,0.0
1627970292000,0.001223990208078335
1627970322000,0.0
1627970352000,0.0
1627970382000,0.0006153846153846153
1627970412000,0.0006031363088057902
1627970442000,0.0
1627970472000,0.0
1627970502000,0.0
1627970532000,0.0006108735491753207
1627970562000,0.0006090133982947625
1627970592000,0.0006053268765133173
1627970622000,0.0
1627970652000,0.0005995203836930455
1627970682000,0.0006142506142506142
1627970712000,0.0006093845216331506
1627970742000,0.0
1627970772000,0.0006108735491753207
1627970802000,0.0
1627970832000,0.0006119951040391675
1627970862000,0.0
1627970892000,0.0
1627970922000,0.0005980861244019139
1627970952000,0.0
1627970982000,0.0
1627971012000,0.0
1627971882000,0.0
1627971912000,0.0006138735420503376
1627971942000,0.0006097560975609756
1627971972000,0.0
1627972002000,0.0005934718100890207
1627972032000,0.0012285012285012285
1627972062000,0.0
1627972092000,0.0
1627972122000,0.0
1627972152000,0.0
1627972182000,0.0
1627972212000,0.0
1627972242000,0.0
1627972272000,0.0
1627972302000,0.0
1627972332000,0.0
1627972362000,0.0006049606775559589
1627972392000,0.0
1627972422000,0.0
1627972452000,0.0006060606060606062
1627972482000,0.0006112469437652813
1627972512000,0.0005973715651135006
1627972542000,0.0
1627972572000,0.0006134969325153375
1627972602000,0.0
1627972632000,0.0006123698714023269
1627972662000,0.0006064281382656155
1627972692000,0.0006082725060827251
1627972722000,0.0006112469437652813
1627972752000,0.0
1627972782000,0.0
1627972812000,0.0
1627972842000,0.0
1627972872000,0.0
1627972902000,0.0
1627972932000,0.0
1627972962000,0.0
1627972992000,0.0
1627973022000,0.0006146281499692684
1627973052000,0.0
1627973082000,0.0
1627973112000,0.0006157635467980296
1627973142000,0.0
1627973172000,0.0
1627973202000,0.0
1627973232000,0.0005959475566150177
1627973262000,0.0
1627973292000,0.0006184291898577612
1627973322000,0.0
1627973352000,0.0
1627973382000,0.0
1627973412000,0.0
1627973442000,0.0
1627973472000,0.0
1627973502000,0.0
1627973532000,0.0006060606060606062
1627973562000,0.0006038647342995169
1627973592000,0.0
1627973622000,0.0
1627973652000,0.0005970149253731342
1627973682000,0.0006027727546714887
1627973712000,0.0
1627973742000,0.0
1627973772000,0.0
1627973802000,0.0006161429451632778
1627973832000,0.0
1627973862000,0.0
1627973892000,0.0
1627973922000,0.0
1627973952000,0.0006086427267194157
1627973982000,0.0
1627974012000,0.0005991611743559018
1627974042000,0.0
1627974072000,0.0
1627974102000,0.0
1627974132000,0.0
1627974162000,0.0
1627974192000,0.0
1627974222000,0.0
1627974252000,0.0006053268765133173
1627974282000,0.0
1627974312000,0.0
1627974342000,0.0
1627974372000,0.0
1627974402000,0.0006038647342995169
1627974432000,0.0
1627974462000,0.0
1627974492000,0.0
1627974522000,0.0
1627974552000,0.0
1627974582000,0.0
1627974612000,0.0005991611743559018
1627974642000,0.0
1627974672000,0.0
1627974702000,0.0
1627974732000,0.0006049606775559589
1627974762000,0.0
1627974792000,0.0006060606060606062
1627974822000,0.0
1627974852000,0.0006123698714023269
1627974882000,0.0006146281499692684
1627974912000,0.0
1627974942000,0.0006112469437652813
1627974972000,0.0006172839506172839
1627975002000,0.0
1627975032000,0.0
1627975062000,0.0006108735491753207
1627975092000,0.0006060606060606062
1627975122000,0.0
1627975152000,0.0
1627975182000,0.0
1627975212000,0.0
1627975242000,0.0006127450980392157
1627975272000,0.0
1627975302000,0.0
1627975332000,0.0
1627975362000,0.0
1627975392000,0.0
1627975422000,0.0
1627975452000,0.0012292562999385369
1627975482000,0.0
1627975512000,0.0006112469437652813
1627975542000,0.0
1627975572000,0.0006056935190793457
1627975602000,0.0
1627975632000,0.0
1627975662000,0.0
1627975692000,0.0006188118811881187
1627975722000,0.0
1627975752000,0.0
1627975782000,0.0
1627975812000,0.0
1627975842000,0.0
1627975872000,0.0
1627975902000,0.0006108735491753207
1627975932000,0.0
1627975962000,0.0
1627975992000,0.0
1627976022000,0.0
1627976052000,0.0
1627976082000,0.0
1627976112000,0.0
1627976142000,0.0
1627976172000,0.0
1627976202000,0.0006090133982947625
1627976232000,0.0
1627976262000,0.0
1627976292000,0.0006172839506172839
1627976322000,0.0
1627976352000,0.0006180469715698393
1627976382000,0.0
1627976412000,0.0
1627976442000,0.0
1627976472000,0.0012172854534388314
1627976502000,0.0
1627976532000,0.0
1627976562000,0.0
1627976592000,0.0005977286312014345
1627976622000,0.0006116207951070336
1627976652000,0.0
1627976682000,0.0006090133982947625
1627976712000,0.0
1627976742000,0.0
1627976772000,0.0006112469437652813
1627976802000,0.0
1627976832000,0.0006195786864931846
1627976862000,0.0
1627976892000,0.0006108735491753207
1627976922000,0.0006176652254478072
1627976952000,0.0
1627976982000,0.0
1627977012000,0.0
1627977042000,0.0006169031462060457
1627977072000,0.0006042296072507553
1627977102000,0.0
1627977132000,0.0
1627977162000,0.0
1627977192000,0.0
1627977222000,0.0
1627977252000,0.001243008079552517
1627977282000,0.0
1627977312000,0.0006108735491753207
1627977342000,0.0006097560975609756
1627977372000,0.0
1627977402000,0.0
1627977432000,0.0
1627977462000,0.0
1627977492000,0.0006067961165048543
1627977522000,0.0
1627977552000,0.0
1627977582000,0.0
1627977612000,0.0
1627977642000,0.0
1627977672000,0.0
1627977702000,0.0
1627977732000,0.0006134969325153375
1627977762000,0.0
1627977792000,0.0006116207951070336
1627977822000,0.0
1627977852000,0.0
1627977882000,0.0
1627977912000,0.0
1627977942000,0.0
1627977972000,0.0
1627978002000,0.0
1627978032000,0.0
1627978062000,0.0006002400960384152
1627978092000,0.0
1627978122000,0.0006064281382656155
1627978152000,0.0006142506142506142
1627978182000,0.0006218905472636817
1627978212000,0.0
1627978242000,0.0006031363088057902
1627978272000,0.0
1627978302000,0.0
1627978332000,0.0
1627978362000,0.0
1627978392000,0.0
1627978422000,0.0
1627978452000,0.0
1627978482000,0.0
1627978512000,0.0
1627978542000,0.0
1627978572000,0.0
1627978602000,0.0
1627978632000,0.0
1627978662000,0.0006082725060827251
1627978692000,0.0006020469596628537
1627978722000,0.0
1627978752000,0.0
1627978782000,0.0
1627978812000,0.0
1627978842000,0.0006053268765133173
1627978872000,0.0
1627978902000,0.0006123698714023269
1627978932000,0.0
1627978962000,0.0
1627978992000,0.0
1627979022000,0.0
1627979052000,0.0006131207847946045
1627979082000,0.0
1627979112000,0.0
1627979142000,0.0
1627979172000,0.0005984440454817473
1627979202000,0.0
1627979232000,0.0
1627979262000,0.0
1627979292000,0.0
1627979322000,0.0
1627979352000,0.0
1627979382000,0.0
1627979412000,0.0
1627979442000,0.0
1627979472000,0.0
1627979502000,0.0
1627979532000,0.0005988023952095807
1627979562000,0.0
1627979592000,0.0
1627979622000,0.0
1627979652000,0.0
1627979682000,0.0
1627979712000,0.0
1627979742000,0.0006230529595015578
1627979772000,0.0
1627979802000,0.0
1627979832000,0.0
1627979862000,0.0
1627979892000,0.0
1627979922000,0.0
1627979952000,0.0
1627979982000,0.0006169031462060457
1627980012000,0.0006071645415907711
1627980042000,0.0
1627980072000,0.0006035003017501509
1627980102000,0.0006184291898577612
1627980132000,0.0
1627980162000,0.0
1627980192000,0.0012202562538133007
1627980222000,0.0
1627980252000,0.0
1627980282000,0.0
1627980312000,0.0006016847172081829
1627980342000,0.0
1627980372000,0.0006060606060606062
1627980402000,0.0
1627980432000,0.0
1627980462000,0.0006064281382656155
1627980492000,0.0
1627980522000,0.0
1627980552000,0.0
1627980582000,0.0006180469715698393
1627980612000,0.0
1627980642000,0.0005977286312014345
1627980672000,0.0005998800239952009
1627980702000,0.0011947431302270011
1627980732000,0.0
1627980762000,0.0
1627980792000,0.0
1627980822000,0.0
1627980852000,0.0
1627980882000,0.0006038647342995169
1627980912000,0.0006188118811881187
1627980942000,0.0006131207847946045
1627980972000,0.0005995203836930455
1627981002000,0.0
1627981032000,0.0
1627981062000,0.0
1627981092000,0.0
1627981122000,0.0
1627981152000,0.0
1627981182000,0.0006053268765133173
1627981212000,0.0
1627981242000,0.0
1627981272000,0.0
1627981302000,0.0
1627981332000,0.0
1627981362000,0.0006207324643078832
1627981392000,0.0006108735491753207
1627981422000,0.0
1627981452000,0.0
1627981482000,0.0
1627981512000,0.0
1627981542000,0.0
1627981572000,0.0006009615384615385
1627981602000,0.0
1627981632000,0.0005970149253731342
1627981662000,0.0
1627981692000,0.0006082725060827251
1627981722000,0.0
1627981752000,0.0006093845216331506
1627981782000,0.0006119951040391675
1627981812000,0.0
1627981842000,0.0
1627981872000,0.0
1627981902000,0.0
1627981932000,0.0
1627981962000,0.0
1627981992000,0.0
1627982022000,0.0006199628022318662
1627982052000,0.0006082725060827251
1627982082000,0.0006169031462060457
1627982112000,0.0
1627982142000,0.0
1627982172000,0.0
1627982202000,0.0
1627982232000,0.0
1627982262000,0.0006195786864931846
1627982292000,0.0
1627982322000,0.0006016847172081829
1627982352000,0.0006188118811881187
1627982382000,0.0
1627982412000,0.0006188118811881187
1627982442000,0.0
1627982472000,0.0
1627982502000,0.0006203473945409428
1627982532000,0.0005952380952380952
1627982562000,0.0
1627982592000,0.0006131207847946045
1627982622000,0.0
1627982652000,0.0
1627982682000,0.0006031363088057902
1627982712000,0.0006075334143377885
1627982742000,0.0006142506142506142
1627982772000,0.0
1627982802000,0.0006090133982947625
1627982832000,0.0
1627982862000,0.0
1627982892000,0.0
1627982922000,0.0
1627982952000,0.0006079027355623102
1627982982000,0.001212121212121212
1627983012000,0.0
1627983042000,0.0006138735420503376
1627983072000,0.0006119951040391675
1627983102000,0.0
1627983132000,0.0
1627983162000,0.0
1627983192000,0.0006119951040391675
1627983222000,0.0
1627983252000,0.0
1627983282000,0.0
1627983312000,0.0006188118811881187
1627983342000,0.0
1627983372000,0.001215066828675577
1627983402000,0.0
1627983432000,0.0
1627983462000,0.0
1627983492000,0.0
1627983522000,0.0
1627983552000,0.0
1627983582000,0.0
1627983612000,0.0
1627983642000,0.0006075334143377885
1627983672000,0.0006123698714023269
1627983702000,0.0
1627983732000,0.0
1627983762000,0.0
1627983792000,0.0
1627983822000,0.0
1627983852000,0.0
1627983882000,0.0006060606060606062
1627983912000,0.0
1627983942000,0.0
1627983972000,0.0
1627984002000,0.0
1627984032000,0.0006067961165048543
1627984062000,0.0006060606060606062
1627984092000,0.0
1627984122000,0.0
1627984152000,0.0
1627984182000,0.0
1627984212000,0.0
1627984242000,0.0005998800239952009
1627984272000,0.0
1627984302000,0.0
1627984332000,0.0
1627984362000,0.0
1627984392000,0.0
1627984422000,0.0006093845216331506
1627984452000,0.0
1627984482000,0.0006031363088057902
1627984512000,0.0005959475566150177
1627984542000,0.0006064281382656155
1627984572000,0.0
1627984602000,0.0
1627984632000,0.0
1627984662000,0.0
1627984692000,0.0
1627984722000,0.0
1627984752000,0.0
1627984782000,0.0
1627984812000,0.0006150061500615006
1627984842000,0.0
1627984872000,0.0
1627984902000,0.0006138735420503376
1627984932000,0.0
1627984962000,0.0
1627984992000,0.0
1627985022000,0.0
1627985052000,0.0006127450980392157
1627985082000,0.0
1627985112000,0.0
1627985142000,0.0
1627985172000,0.0
1627985202000,0.0006195786864931846
1627985232000,0.0
1627985262000,0.0
1627985292000,0.0
1627985322000,0.0
1627985352000,0.0006067961165048543
1627985382000,0.0
1627985412000,0.0
1627985442000,0.0
1627985472000,0.0
1627985502000,0.0006045949214026603
1627985532000,0.0
1627985562000,0.0006027727546714887
1627985592000,0.0006056935190793457
1627985622000,0.0006053268765133173
1627985652000,0.0
1627985682000,0.0
1627985712000,0.0006153846153846153
1627985742000,0.0
1627985772000,0.0
1627985802000,0.0006049606775559589
1627985832000,0.0
1627985862000,0.0006038647342995169
1627985892000,0.0
1627985922000,0.0
1627985952000,0.0
1627985982000,0.0006184291898577612
1627986012000,0.0
1627986042000,0.0
1627986072000,0.0
1627986102000,0.0
1627986132000,0.0
1627986162000,0.0
1627986192000,0.0
1627986222000,0.0
1627986252000,0.0
1627986282000,0.0
1627986312000,0.0
1627986342000,0.0
1627986372000,0.0
1627986402000,0.0
1627986432000,0.0
1627986462000,0.0
1627986492000,0.0
1627986522000,0.0005995203836930455
1627986552000,0.0006116207951070336
1627986582000,0.0006071645415907711
1627986612000,0.0006060606060606062
1627986642000,0.0
1627986672000,0.0006203473945409428
1627986702000,0.0
1627986732000,0.0
1627986762000,0.0006211180124223603
1627986792000,0.0
1627986822000,0.0
1627986852000,0.0006020469596628537
1627986882000,0.0
1627986912000,0.0
1627986942000,0.0
1627986972000,0.0
1627987002000,0.0
1627987032000,0.0
1627987062000,0.0005973715651135006
1627987092000,0.0
1627987122000,0.0
1627987152000,0.0
1627987182000,0.0
1627987212000,0.0
1627987242000,0.0006082725060827251
1627987272000,0.0
1627987302000,0.0006049606775559589
1627987332000,0.0
1627987362000,0.0
1627987392000,0.0
1627987422000,0.0
1627987452000,0.0
1627987482000,0.0
1627987512000,0.0
1627987542000,0.0
1627987572000,0.0006060606060606062
1627987602000,0.0
1627987632000,0.0
1627987662000,0.0
1627987692000,0.0
1627987722000,0.0
1627987752000,0.0
1627987782000,0.0006123698714023269
1627987812000,0.0
1627987842000,0.0
1627987872000,0.0
1627987902000,0.0
1627987932000,0.0
1627987962000,0.0
1627987992000,0.0006180469715698393
1627988022000,0.0
1627988052000,0.0006082725060827251
1627988082000,0.0
1627988112000,0.0006067961165048543
1627988142000,0.0
1627988172000,0.0006020469596628537
1627988202000,0.0006142506142506142
1627988232000,0.0
1627988262000,0.0
1627988292000,0.0
1627988322000,0.0006097560975609756
1627988352000,0.0
1627988382000,0.0
1627988412000,0.0
1627988442000,0.0
1627988472000,0.0
1627988502000,0.0006131207847946045
1627988532000,0.0
1627988562000,0.0
1627988592000,0.0006199628022318662
1627988622000,0.0005984440454817473
1627988652000,0.0
1627988682000,0.0006123698714023269
1627988712000,0.0
1627988742000,0.0
1627988772000,0.0
1627988802000,0.0
1627988832000,0.0
1627988862000,0.0006138735420503376
1627988892000,0.0006027727546714887
1627988922000,0.0
1627988952000,0.0
1627988982000,0.0
1627989012000,0.0006105006105006105
1627989042000,0.0
1627989072000,0.0
1627989102000,0.0
1627989132000,0.0
1627989162000,0.0006153846153846153
1627989192000,0.0
1627989222000,0.0
1627989252000,0.0
1627989282000,0.0006067961165048543
1627989312000,0.0
1627989342000,0.0006079027355623102
1627989372000,0.0006071645415907711
1627989402000,0.0
1627989432000,0.0
1627989462000,0.0
1627989492000,0.0
1627989522000,0.0
1627989552000,0.0006067961165048543
1627989582000,0.0
1627989612000,0.0
1627989642000,0.0
1627989672000,0.0005995203836930455
1627989702000,0.0
1627989732000,0.0
1627989762000,0.0
1627989792000,0.0006119951040391675
1627989822000,0.0
1627989852000,0.0
1627989882000,0.0
1627989912000,0.0
1627989942000,0.0006064281382656155
1627989972000,0.0
1627990002000,0.0
1627990032000,0.0
1627990062000,0.0
1627990092000,0.0
1627990122000,0.0
1627990152000,0.0
1627990182000,0.0
1627990212000,0.0
1627990242000,0.0006131207847946045
1627990272000,0.0006108735491753207
1627990302000,0.0006215040397762585
1627990332000,0.0
1627990362000,0.0
1627990392000,0.0
1627990422000,0.0
1627990452000,0.0
1627990482000,0.0
1627990512000,0.0
1627990542000,0.0
1627990572000,0.0
1627990602000,0.0
1627990632000,0.0
1627990662000,0.0
1627990692000,0.0
1627990722000,0.0
1627990752000,0.0
1627990782000,0.0006016847172081829
1627990812000,0.0006105006105006105
1627990842000,0.0
1627990872000,0.0
1627990902000,0.0
1627990932000,0.0
1627990962000,0.0
1627990992000,0.0
1627991022000,0.0
1627991052000,0.0
1627991082000,0.0006180469715698393
1627991112000,0.0
1627991142000,0.0
1627991172000,0.0006112469437652813
1627991202000,0.0
1627991232000,0.0
1627991262000,0.0
1627991292000,0.0
1627991322000,0.0
1627991352000,0.0006035003017501509
1627991382000,0.0
1627991412000,0.0006079027355623102
1627991442000,0.0
1627991472000,0.0006035003017501509
1627991502000,0.0
1627991532000,0.0006105006105006105
1627991562000,0.0006006006006006006
1627991592000,0.0006199628022318662
1627991622000,0.0
1627991652000,0.0
1627991682000,0.0
1627991712000,0.0006112469437652813
1627991742000,0.0006038647342995169
1627991772000,0.0006064281382656155
1627991802000,0.0
1627991832000,0.0
1627991862000,0.0
1627991892000,0.0
1627991922000,0.0006108735491753207
1627991952000,0.0006031363088057902
1627991982000,0.0
1627992012000,0.0
1627992042000,0.0006199628022318662
1627992072000,0.0006146281499692684
1627992102000,0.0
1627992132000,0.0006112469437652813
1627992162000,0.0006195786864931846
1627992192000,0.0006082725060827251
1627992222000,0.0
1627992252000,0.0
1627992282000,0.0006101281269066504
1627992312000,0.0
1627992342000,0.0
1627992372000,0.0
1627992402000,0.0006024096385542169
1627992432000,0.0
1627992462000,0.0
1627992492000,0.0
1627992522000,0.0006127450980392157
1627992552000,0.0
1627992582000,0.0
1627992612000,0.0006176652254478072
1627992642000,0.0006075334143377885
1627992672000,0.0
1627992702000,0.0
1627992732000,0.0
1627992762000,0.0006105006105006105
1627992792000,0.0006075334143377885
1627992822000,0.0006119951040391675
1627992852000,0.0
1627992882000,0.0
1627992912000,0.0
1627992942000,0.0
1627992972000,0.0
1627993002000,0.0
1627993032000,0.0006071645415907711
1627993062000,0.0
1627993092000,0.0
1627993122000,0.0
1627993152000,0.0006064281382656155
1627993182000,0.0006056935190793457
1627993212000,0.0
1627993242000,0.0
1627993272000,0.0
1627993302000,0.0
1627993332000,0.0
1627993362000,0.0
1627993392000,0.0006071645415907711
1627993422000,0.0
1627993452000,0.0
1627993482000,0.0
1627993512000,0.0
1627993542000,0.0006079027355623102
1627993572000,0.0
1627993602000,0.0
1627993632000,0.0
1627993662000,0.0006188118811881187
1627993692000,0.0
1627993722000,0.0
1627993752000,0.0
1627993782000,0.0
1627993812000,0.0
1627993842000,0.0006009615384615385
1627993872000,0.0
1627993902000,0.0006006006006006006
1627993932000,0.0
1627993962000,0.0
1627993992000,0.0006082725060827251
1627994022000,0.0
1627994052000,0.0
1627994082000,0.0006009615384615385
1627994112000,0.0
1627994142000,0.0006101281269066504
1627994172000,0.0006049606775559589
1627994202000,0.0006131207847946045
1627994232000,0.0
1627994262000,0.0
1627994292000,0.0
1627994322000,0.0
1627994352000,0.0
1627994382000,0.0006082725060827251
1627994412000,0.0
1627994442000,0.0
1627994472000,0.0
1627994502000,0.0
1627994532000,0.0006020469596628537
1627994562000,0.0
1627994592000,0.0
1627994622000,0.0
1627994652000,0.0
1627994682000,0.0006112469437652813
1627994712000,0.0
1627994742000,0.0
1627994772000,0.0
1627994802000,0.0
1627994832000,0.0
1627994862000,0.0
1627994892000,0.0
1627994922000,0.0
1627994952000,0.0
1627994982000,0.0006006006006006006
1627995012000,0.0
1627995042000,0.0
1627995072000,0.0006056935190793457
1627995102000,0.0006172839506172839
1627995132000,0.0006138735420503376
1627995162000,0.0
1627995192000,0.0
1627995222000,0.0
1627995252000,0.0006146281499692684
1627995282000,0.0005988023952095807
1627995312000,0.0
1627995342000,0.0
1627995372000,0.0
1627995402000,0.0006097560975609756
1627995432000,0.0
1627995462000,0.0
1627995492000,0.0
1627995522000,0.0
1627995552000,0.0
1627995582000,0.0
1627995612000,0.0006009615384615385
1627995642000,0.0
1627995672000,0.0
1627995702000,0.0
1627995732000,0.0
1627995762000,0.0
1627995792000,0.0
1627995822000,0.0
1627995852000,0.0006105006105006105
1627995882000,0.0
1627995912000,0.0006105006105006105
1627995942000,0.0006123698714023269
1627995972000,0.0006093845216331506
1627996002000,0.0
1627996032000,0.0
1627996062000,0.0
1627996092000,0.0
1627996122000,0.0
1627996152000,0.0006157635467980296
1627996182000,0.0006064281382656155
1627996212000,0.0006119951040391675
1627996242000,0.0
1627996272000,0.0
1627996302000,0.0006020469596628537
1627996332000,0.0
1627996362000,0.0012165450121654502
1627996392000,0.0
1627996422000,0.0
1627996452000,0.0
1627996482000,0.0
1627996512000,0.0
1627996542000,0.0
1627996572000,0.0
1627996602000,0.0
1627996632000,0.0
1627996662000,0.0
1627996692000,0.0006090133982947625
1627996722000,0.0006157635467980296
1627996752000,0.0006079027355623102
1627996782000,0.0
1627996812000,0.0
1627996842000,0.0
1627996872000,0.0
1627996902000,0.0
1627996932000,0.0
1627996962000,0.0006079027355623102
1627996992000,0.0
1627997022000,0.0
1627997052000,0.0006071645415907711
1627997082000,0.0
1627997112000,0.0
1627997142000,0.0006009615384615385
1627997172000,0.0
1627997202000,0.0
1627997232000,0.0
1627997262000,0.0
1627997292000,0.0006169031462060457
1627997322000,0.0
1627997352000,0.0006060606060606062
1627997382000,0.0
1627997412000,0.0006093845216331506
1627997442000,0.0
1627997472000,0.0005984440454817473
1627997502000,0.0
1627997532000,0.0
1627997562000,0.0006116207951070336
1627997592000,0.0005963029218843173
1627997622000,0.0
1627997652000,0.0006108735491753207
1627997682000,0.0006097560975609756
1627997712000,0.0006056935190793457
1627997742000,0.0
1627997772000,0.0
1627997802000,0.0
1627997832000,0.0006108735491753207
1627997862000,0.0
1627997892000,0.0006146281499692684
1627997922000,0.0
1627997952000,0.0006086427267194157
1627997982000,0.0
1627998012000,0.0006067961165048543
1627998042000,0.0
1627998072000,0.0
1627998102000,0.0006049606775559589
1627998132000,0.0
1627998162000,0.0006199628022318662
1627998192000,0.0
1627998222000,0.0006150061500615006
1627998252000,0.0
1627998282000,0.0
1627998312000,0.0
1627998342000,0.0
1627998372000,0.0
1627998402000,0.0
1627998432000,0.0
1627998462000,0.0
1627998492000,0.0
1627998522000,0.0006053268765133173
1627998552000,0.0006161429451632778
1627998582000,0.0006049606775559589
1627998612000,0.0006053268765133173
1627998642000,0.0
1627998672000,0.0
1627998702000,0.0
1627998732000,0.0
1627998762000,0.0
1627998792000,0.0006016847172081829
1627998822000,0.0006165228113440197
1627998852000,0.0006016847172081829
1627998882000,0.0
1627998912000,0.0006203473945409428
1627998942000,0.0
1627998972000,0.0
1627999002000,0.0
1627999032000,0.0
1627999062000,0.0005941770647653001
1627999092000,0.0
1627999122000,0.0
1627999152000,0.0
1627999182000,0.0
1627999212000,0.0
1627999242000,0.0012012012012012011
1627999272000,0.0017772511848341234
1627999302000,0.0006131207847946045
1627999332000,0.0
1627999362000,0.0
1627999392000,0.0
1627999422000,0.0
1627999452000,0.0006112469437652813
1627999482000,0.0
1627999512000,0.0006082725060827251
1627999542000,0.0
1627999572000,0.0006176652254478072
1627999602000,0.0
1627999632000,0.0006116207951070336
1627999662000,0.0
1627999692000,0.0006064281382656155
1627999722000,0.0
1627999752000,0.0006020469596628537
1627999782000,0.0
1627999812000,0.0
1627999842000,0.0
1627999872000,0.0
1627999902000,0.0012224938875305626
1627999932000,0.0
1627999962000,0.0
1627999992000,0.0006105006105006105
1628000022000,0.0006207324643078832
1628000052000,0.0
1628000082000,0.0
1628000112000,0.0006161429451632778
1628000142000,0.0006112469437652813
1628000172000,0.0
1628000202000,0.0
1628000232000,0.0
1628000262000,0.0
1628000292000,0.0
1628000322000,0.0006105006105006105
1628000352000,0.0
1628000382000,0.0006086427267194157
1628000412000,0.0006215040397762585
1628000442000,0.0
1628000472000,0.0
1628000502000,0.0
1628000532000,0.0
1628000562000,0.0006013229104028864
1628000592000,0.0
1628000622000,0.0
1628000652000,0.0
1628000682000,0.0
1628000712000,0.0
1628000742000,0.0
1628000772000,0.0
1628000802000,0.0005970149253731342
1628000832000,0.0006079027355623102
1628000862000,0.0
1628000892000,0.0006090133982947625
1628000922000,0.0
1628000952000,0.0
1628000982000,0.0
1628001012000,0.0
1628001042000,0.0
1628001072000,0.0006112469437652813
1628001102000,0.0
1628001132000,0.0
1628001162000,0.0
1628001192000,0.0
1628001222000,0.0006082725060827251
1628001252000,0.0011862396204033216
1628001282000,0.0006067961165048543
1628001312000,0.0
1628001342000,0.0006134969325153375
1628001372000,0.0
1628001402000,0.0
1628001432000,0.0
1628001462000,0.0
1628001492000,0.0
1628001522000,0.0006108735491753207
1628001552000,0.0006142506142506142
1628001582000,0.0
1628001612000,0.0
1628001642000,0.0
1628001672000,0.0
1628001702000,0.0
1628001732000,0.0
1628001762000,0.0
1628001792000,0.0
1628001822000,0.0
1628001852000,0.0006150061500615006
1628001882000,0.0
1628001912000,0.0
1628001942000,0.0
1628001972000,0.0006024096385542169
1628002002000,0.0
1628002032000,0.0
1628002062000,0.0006131207847946045
1628002092000,0.0006075334143377885
1628002122000,0.0
1628002152000,0.0006157635467980296
1628002182000,0.0012077294685990338
1628002212000,0.0
1628002242000,0.0006093845216331506
1628002272000,0.0006056935190793457
1628002302000,0.0
1628002332000,0.0
1628002362000,0.0005980861244019139
1628002392000,0.0
1628002422000,0.0006230529595015578
1628002452000,0.0006024096385542169
1628002482000,0.0
1628002512000,0.0
1628002542000,0.0
1628002572000,0.0
1628002602000,0.0006024096385542169
1628002632000,0.0
1628002662000,0.0
1628002692000,0.0
1628002722000,0.0
1628002752000,0.0
1628002782000,0.0
1628002812000,0.0006071645415907711
1628002842000,0.0
1628002872000,0.0006207324643078832
1628002902000,0.0
1628002932000,0.0
1628002962000,0.0
1628002992000,0.0006056935190793457
1628003022000,0.0
1628003052000,0.0
1628003082000,0.0
1628003112000,0.0006082725060827251
1628003142000,0.0006199628022318662
1628003172000,0.0
1628003202000,0.0
1628003232000,0.0
1628003262000,0.0006131207847946045
1628003292000,0.0
1628003322000,0.0
1628003352000,0.0006075334143377885
1628003382000,0.0006105006105006105
1628003412000,0.0
1628003442000,0.0
1628003472000,0.0
1628003502000,0.0005995203836930455
1628003532000,0.0
1628003562000,0.0
1628003592000,0.0
1628003622000,0.0
1628003652000,0.0006038647342995169
1628003682000,0.0006053268765133173
1628003712000,0.0
1628003742000,0.0
1628003772000,0.0
1628003802000,0.0006071645415907711
1628003832000,0.0
1628003862000,0.0
1628003892000,0.0
1628003922000,0.0006153846153846153
1628003952000,0.0
1628003982000,0.0
1628004012000,0.0006024096385542169
1628004042000,0.0
1628004072000,0.0
1628004102000,0.0005988023952095807
1628004132000,0.0
1628004162000,0.0
1628004192000,0.0
1628004222000,0.0
1628004252000,0.0006105006105006105
1628004282000,0.0006131207847946045
1628004312000,0.0
1628004342000,0.0
1628004372000,0.0
1628004402000,0.0
1628004432000,0.0
1628004462000,0.0006053268765133173
1628004492000,0.0
1628004522000,0.0006127450980392157
1628004552000,0.0
1628004582000,0.0006009615384615385
1628004612000,0.0
1628004642000,0.0
1628004672000,0.0
1628004702000,0.0
1628004732000,0.0
1628004762000,0.0
1628004792000,0.0006086427267194157
1628004822000,0.0
1628004852000,0.0
1628004882000,0.0
1628004912000,0.0
1628004942000,0.0
1628004972000,0.0
1628005002000,0.0
1628005032000,0.0
1628005062000,0.0
1628005092000,0.0
1628005122000,0.0
1628005152000,0.0
1628005182000,0.0006127450980392157
1628005212000,0.0
1628005242000,0.0006082725060827251
1628005272000,0.0
1628005302000,0.0
1628005332000,0.0
1628005362000,0.0
1628005392000,0.0
1628005422000,0.0
1628005452000,0.0
1628005482000,0.0
1628005512000,0.0
1628005542000,0.0
1628005572000,0.0
1628005602000,0.0006038647342995169
1628005632000,0.0
1628005662000,0.0
1628005692000,0.0006180469715698393
1628005722000,0.0
1628005752000,0.0006071645415907711
1628005782000,0.0
1628005812000,0.0
1628005842000,0.0
1628005872000,0.0006060606060606062
1628005902000,0.0006056935190793457
1628005932000,0.0
1628005962000,0.0006075334143377885
1628005992000,0.0006090133982947625
1628006022000,0.0
1628006052000,0.0006097560975609756
1628006082000,0.0006060606060606062
1628006112000,0.0
1628006142000,0.0006105006105006105
1628006172000,0.0
1628006202000,0.0
1628006232000,0.0
1628006262000,0.0006013229104028864
1628006292000,0.0
1628006322000,0.0
1628006352000,0.0
1628006382000,0.0006169031462060457
1628006412000,0.0
1628006442000,0.0006086427267194157
1628006472000,0.0
1628006502000,0.0
1628006532000,0.0
1628006562000,0.0012353304508956149
1628006592000,0.0
1628006622000,0.0006067961165048543
1628006652000,0.0006027727546714887
1628006682000,0.0006027727546714887
1628006712000,0.0
1628006742000,0.0
1628006772000,0.0006042296072507553
1628006802000,0.0006112469437652813
1628006832000,0.0
1628006862000,0.0
1628006892000,0.0006226650062266501
1628006922000,0.0
1628006952000,0.0
1628006982000,0.0
1628007012000,0.0005938242280285036
1628007042000,0.0
1628007072000,0.0
1628007102000,0.0
1628007132000,0.0006153846153846153
1628007162000,0.0
1628007192000,0.0006153846153846153
1628007222000,0.0
1628007252000,0.0
1628007282000,0.0006067961165048543
1628007312000,0.0
1628007342000,0.0
1628007372000,0.0
1628007402000,0.0006169031462060457
1628007432000,0.0
1628007462000,0.0
1628007492000,0.0
1628007522000,0.0
1628007552000,0.0
1628007582000,0.0
1628007612000,0.0
1628007642000,0.0
1628007672000,0.0006146281499692684
1628007702000,0.0
1628007732000,0.0006101281269066504
1628007762000,0.0
1628007792000,0.0
1628007822000,0.0
1628007852000,0.0005984440454817473
1628007882000,0.0
1628007912000,0.0
1628007942000,0.0
1628007972000,0.0006146281499692684
1628008002000,0.0
1628008032000,0.0006195786864931846
1628008062000,0.0005938242280285036
1628008092000,0.0006199628022318662
1628008122000,0.0
1628008152000,0.0
1628008182000,0.0006090133982947625
1628008212000,0.0
1628008242000,0.0006020469596628537
1628008272000,0.0
1628008302000,0.0
1628008332000,0.0006112469437652813
1628008362000,0.0
1628008392000,0.0
1628008422000,0.0006064281382656155
1628008452000,0.0006067961165048543
1628008482000,0.0006215040397762585
1628008512000,0.0
1628008542000,0.0006071645415907711
1628008572000,0.0006195786864931846
1628008602000,0.0
1628008632000,0.0006199628022318662
1628008662000,0.0
1628008692000,0.0006097560975609756
1628008722000,0.0006119951040391675
1628008752000,0.0006045949214026603
1628008782000,0.0
1628008812000,0.0
1628008842000,0.0
1628008872000,0.0006042296072507553
1628008902000,0.0
1628008932000,0.0006060606060606062
1628008962000,0.0
1628008992000,0.0006112469437652813
1628009022000,0.0006153846153846153
1628009052000,0.0
1628009082000,0.0006150061500615006
1628009112000,0.0
1628009142000,0.0
1628009172000,0.0006146281499692684
1628009202000,0.0
1628009232000,0.0
1628009262000,0.0
1628009292000,0.0
1628009322000,0.0
1628009352000,0.0
1628009382000,0.0
1628009412000,0.0006123698714023269
1628009442000,0.0006116207951070336
1628009472000,0.0006090133982947625
1628009502000,0.0006097560975609756
1628009532000,0.0
1628009562000,0.0
1628009592000,0.0
1628009622000,0.0006127450980392157
1628009652000,0.0
1628009682000,0.0006165228113440197
1628009712000,0.0
1628009742000,0.0
1628009772000,0.0
1628009802000,0.0
1628009832000,0.0006169031462060457
1628009862000,0.0
1628009892000,0.0
1628009922000,0.0
1628009952000,0.0006027727546714887
1628009982000,0.0
1628010012000,0.0006093845216331506
1628010042000,0.0006146281499692684
1628010072000,0.0006097560975609756
1628010102000,0.0012277470841006752
1628010132000,0.0006123698714023269
1628010162000,0.0006146281499692684
1628010192000,0.0006134969325153375
1628010222000,0.0006169031462060457
1628010252000,0.0006038647342995169
1628010282000,0.0006108735491753207
1628010312000,0.0
1628010342000,0.0
1628010372000,0.0
1628010402000,0.0
1628010432000,0.0
1628010462000,0.0
1628010492000,0.0
1628010522000,0.0006067961165048543
1628010552000,0.0
1628010582000,0.0006042296072507553
1628010612000,0.0
1628010642000,0.0
1628010672000,0.0
1628010702000,0.0
1628010732000,0.0
1628010762000,0.0
1628010792000,0.0
1628010822000,0.0
1628010852000,0.0005988023952095807
1628010882000,0.0
1628010912000,0.0
1628010942000,0.0
1628010972000,0.0
1628011002000,0.0006053268765133173
1628011032000,0.0
1628011062000,0.0
1628011092000,0.0
1628011122000,0.0
1628011152000,0.0006165228113440197
1628011182000,0.0
1628011212000,0.0
1628011242000,0.0
1628011272000,0.0006138735420503376
1628011302000,0.0006079027355623102
1628011332000,0.0
1628011362000,0.0
1628011392000,0.0006153846153846153
1628011422000,0.0
1628011452000,0.0
1628011482000,0.0
1628011512000,0.0006079027355623102
1628011542000,0.0006169031462060457
1628011572000,0.0006020469596628537
1628011602000,0.0
1628011632000,0.0006082725060827251
1628011662000,0.0
1628011692000,0.0
1628011722000,0.0006093845216331506
1628011752000,0.0006071645415907711
1628011782000,0.0
1628011812000,0.0
1628011842000,0.0006172839506172839
1628011872000,0.0
1628011902000,0.0
1628011932000,0.0
1628011962000,0.0
1628011992000,0.0006079027355623102
1628012022000,0.0
1628012052000,0.0
1628012082000,0.0
1628012112000,0.0
1628012142000,0.0012091898428053206
1628012172000,0.0
1628012202000,0.0006067961165048543
1628012232000,0.0
1628012262000,0.0
1628012292000,0.0
1628012322000,0.0
1628012352000,0.0
1628012382000,0.0006082725060827251
1628012412000,0.0006108735491753207
1628012442000,0.0
1628012472000,0.0006090133982947625
1628012502000,0.0
1628012532000,0.0006195786864931846
1628012562000,0.0
1628012592000,0.0006101281269066504
1628012622000,0.0006108735491753207
1628012652000,0.0
1628012682000,0.0006165228113440197
1628012712000,0.0006064281382656155
1628012742000,0.0
1628012772000,0.0
1628012802000,0.0006071645415907711
1628012832000,0.0
1628012862000,0.0
1628012892000,0.0
1628012922000,0.0006165228113440197
1628012952000,0.0
1628012982000,0.0
1628013012000,0.0006176652254478072
1628013042000,0.0
1628013072000,0.0006071645415907711
1628013102000,0.0006042296072507553
1628013132000,0.0
1628013162000,0.0
1628013192000,0.0
1628013222000,0.0
1628013252000,0.0
1628013282000,0.0
1628013312000,0.0006119951040391675
1628013342000,0.0
1628013372000,0.0
1628013402000,0.0
1628013432000,0.0
1628013462000,0.0
1628013492000,0.0006097560975609756
1628013522000,0.0005995203836930455
1628013552000,0.0
1628013582000,0.0
1628013612000,0.0
1628013642000,0.0
1628013672000,0.001201923076923077
1628013702000,0.0
1628013732000,0.0
1628013762000,0.0
1628013792000,0.0
1628013822000,0.0
1628013852000,0.0006119951040391675
1628013882000,0.0006215040397762585
1628013912000,0.0006142506142506142
1628013942000,0.0
1628013972000,0.0006031363088057902
1628014002000,0.0
1628014032000,0.0
1628014062000,0.0
1628014092000,0.0006146281499692684
1628014122000,0.0
1628014152000,0.0
1628014182000,0.0
1628014212000,0.0
1628014242000,0.0
1628014272000,0.0
1628014302000,0.0
1628014332000,0.0006006006006006006
1628014362000,0.0006020469596628537
1628014392000,0.0
1628014422000,0.0
1628014452000,0.0006138735420503376
1628014482000,0.0
1628014512000,0.0
1628014542000,0.0
1628014572000,0.0
1628014602000,0.0005980861244019139
1628014632000,0.0
1628014662000,0.0
1628014692000,0.0
1628014722000,0.0
1628014752000,0.0
1628014782000,0.0
1628014812000,0.0006153846153846153
1628014842000,0.0006075334143377885
1628014872000,0.0006090133982947625
1628014902000,0.0
1628014932000,0.0006138735420503376
1628014962000,0.0
1628014992000,0.0006049606775559589
1628015022000,0.0
1628015052000,0.0006045949214026603
1628015082000,0.0
1628015112000,0.0
1628015142000,0.0
1628015172000,0.0
1628015202000,0.0
1628015232000,0.0
1628015262000,0.0
1628015292000,0.0
1628015322000,0.0
1628015352000,0.0
1628015382000,0.0
1628015412000,0.0006075334143377885
1628015442000,0.0006108735491753207
1628015472000,0.0
1628015502000,0.0006176652254478072
1628015532000,0.0
1628015562000,0.0
1628015592000,0.0006064281382656155
1628015622000,0.0006218905472636817
1628015652000,0.0
1628015682000,0.0
1628015712000,0.0
1628015742000,0.0
1628015772000,0.0006207324643078832
1628015802000,0.0006165228113440197
1628015832000,0.0006153846153846153
1628015862000,0.0
1628015892000,0.0
1628015922000,0.0
1628015952000,0.0006093845216331506
1628015982000,0.0
1628016012000,0.0
1628016042000,0.0
1628016072000,0.0012353304508956149
1628016102000,0.0
1628016132000,0.0006119951040391675
1628016162000,0.0
1628016192000,0.0
1628016222000,0.0005998800239952009
1628016252000,0.0
1628016282000,0.0006038647342995169
1628016312000,0.0
1628016342000,0.0006134969325153375
1628016372000,0.0
1628016402000,0.0
1628016432000,0.0006203473945409428
1628016462000,0.0
1628016492000,0.0006071645415907711
1628016522000,0.0006090133982947625
1628016552000,0.0006203473945409428
1628016582000,0.0006165228113440197
1628016612000,0.0
1628016642000,0.0
1628016672000,0.0
1628016702000,0.0
1628016732000,0.0
1628016762000,0.0
1628016792000,0.0
1628016822000,0.0
1628016852000,0.0
1628016882000,0.0
1628016912000,0.0
1628016942000,0.0
1628016972000,0.0006045949214026603
1628017002000,0.0
1628017032000,0.0
1628017062000,0.0006035003017501509
1628017092000,0.0006138735420503376
1628017122000,0.0
1628017152000,0.0006108735491753207
1628017182000,0.0
1628017212000,0.0
1628017242000,0.0
1628017272000,0.0012338062924120911
1628017302000,0.0
1628017332000,0.0006180469715698393
1628017362000,0.0
1628017392000,0.0
1628017422000,0.0006101281269066504
1628017452000,0.0
1628017482000,0.0
1628017512000,0.0
1628017542000,0.0005973715651135006
1628017572000,0.0006067961165048543
1628017602000,0.0006127450980392157
1628017632000,0.0
1628017662000,0.0
1628017692000,0.0
1628017722000,0.0
1628017752000,0.0
1628017782000,0.0012187690432663009
1628017812000,0.0
1628017842000,0.0
1628017872000,0.0
1628017902000,0.0
1628017932000,0.0
1628017962000,0.0006150061500615006
1628017992000,0.0
1628018022000,0.0
1628018052000,0.0
1628018082000,0.0
1628018112000,0.0012026458208057728
1628018142000,0.0
1628018172000,0.0006097560975609756
1628018202000,0.0
1628018232000,0.0006082725060827251
1628018262000,0.0
1628018292000,0.0
1628018322000,0.0
1628018352000,0.0
1628018382000,0.0006031363088057902
1628018412000,0.0
1628018442000,0.0006002400960384152
1628018472000,0.0006123698714023269
1628018502000,0.0
1628018532000,0.0
1628018562000,0.0006161429451632778
1628018592000,0.0
1628018622000,0.0
1628018652000,0.0
1628018682000,0.0
1628018712000,0.0
1628018742000,0.0
1628018772000,0.0006090133982947625
1628018802000,0.0
1628018832000,0.0
1628018862000,0.0
1628018892000,0.0
1628018922000,0.0
1628018952000,0.0
1628018982000,0.0006090133982947625
1628019012000,0.0
1628019042000,0.0006035003017501509
1628019072000,0.0
1628019102000,0.0
1628019132000,0.0
1628019162000,0.0
1628019192000,0.0
1628019222000,0.0006142506142506142
1628019252000,0.0006150061500615006
1628019282000,0.0
1628019312000,0.0006035003017501509
1628019342000,0.0
1628019372000,0.0006035003017501509
1628019402000,0.0006067961165048543
1628019432000,0.0006053268765133173
1628019462000,0.0006090133982947625
1628019492000,0.0
1628019522000,0.0
1628019552000,0.0
1628019582000,0.0005980861244019139
1628019612000,0.0
1628019642000,0.0
1628019672000,0.0
1628019702000,0.0
1628019732000,0.0
1628019762000,0.0
1628019792000,0.0
1628019822000,0.0006042296072507553
1628019852000,0.0
1628019882000,0.0
1628019912000,0.0
1628019942000,0.0006049606775559589
1628019972000,0.0
1628020002000,0.0
1628020032000,0.0006123698714023269
1628020062000,0.0
1628020092000,0.0
1628020122000,0.0
1628020152000,0.0
1628020182000,0.0
1628020212000,0.0
1628020242000,0.0
1628020272000,0.0
1628020302000,0.0006053268765133173
1628020332000,0.0
1628020362000,0.0005984440454817473
1628020392000,0.0
1628020422000,0.0006056935190793457
1628020452000,0.0
1628020482000,0.0
1628020512000,0.0
1628020542000,0.0
1628020572000,0.0
1628020602000,0.0006042296072507553
1628020632000,0.0
1628020662000,0.0
1628020692000,0.0
1628020722000,0.0
1628020752000,0.0
1628020782000,0.0006079027355623102
1628020812000,0.0
1628020842000,0.0
1628020872000,0.0
1628020902000,0.0
1628020932000,0.0
1628020962000,0.0
1628020992000,0.0
1628021022000,0.0
1628021052000,0.0006009615384615385
1628021082000,0.0006138735420503376
1628021112000,0.0
1628021142000,0.0
1628021172000,0.0
1628021202000,0.0
1628021232000,0.0
1628021262000,0.0
1628021292000,0.0006082725060827251
1628021322000,0.0006045949214026603
1628021352000,0.0
1628021382000,0.0
1628021412000,0.0
1628021442000,0.0
1628021472000,0.0006157635467980296
1628021502000,0.0
1628021532000,0.0
1628021562000,0.0
1628021592000,0.0
1628021622000,0.0
1628021652000,0.0
1628021682000,0.0
1628021712000,0.0006116207951070336
1628021742000,0.0
1628021772000,0.0
1628021802000,0.0
1628021832000,0.0
1628021862000,0.0
1628021892000,0.0006188118811881187
1628021922000,0.0
1628021952000,0.0
1628021982000,0.0
1628022012000,0.0
1628022042000,0.0
1628022072000,0.0
1628022102000,0.0006079027355623102
1628022132000,0.0
1628022162000,0.0
1628022192000,0.0006105006105006105
1628022222000,0.0
1628022252000,0.0
1628022282000,0.0
1628022312000,0.0
1628022342000,0.0
1628022372000,0.0
1628022402000,0.0
1628022432000,0.0012292562999385369
1628022462000,0.0006116207951070336
1628022492000,0.0006112469437652813
1628022522000,0.0
1628022552000,0.0
1628022582000,0.0006180469715698393
1628022612000,0.0
1628022642000,0.0
1628022672000,0.0
1628022702000,0.0
1628022732000,0.0
1628022762000,0.0006123698714023269
1628022792000,0.0
1628022822000,0.0
1628022852000,0.001221001221001221
1628022882000,0.0006020469596628537
1628022912000,0.0
1628022942000,0.0006086427267194157
1628022972000,0.0
1628023002000,0.0
1628023032000,0.0006093845216331506
1628023062000,0.0
1628023092000,0.0006165228113440197
1628023122000,0.0
1628023152000,0.0
1628023182000,0.0
1628023212000,0.0
1628023242000,0.0006097560975609756
1628023272000,0.0
1628023302000,0.0
1628023332000,0.0
1628023362000,0.0
1628023392000,0.0006002400960384152
1628023422000,0.0006101281269066504
1628023452000,0.0006024096385542169
1628023482000,0.0
1628023512000,0.0
1628023542000,0.0
1628023572000,0.0
1628023602000,0.0
1628023632000,0.0
1628023662000,0.0006013229104028864
1628023692000,0.0
1628023722000,0.0
1628023752000,0.0
1628023782000,0.0
1628023812000,0.0006075334143377885
1628023842000,0.0
1628023872000,0.0
1628023902000,0.0006188118811881187
1628023932000,0.0005952380952380952
1628023962000,0.0
1628023992000,0.0
1628024022000,0.0
1628024052000,0.0
1628024082000,0.0
1628024112000,0.0
1628024142000,0.0
1628024172000,0.0005892751915144372
1628024202000,0.0
1628024232000,0.0
1628024262000,0.0006053268765133173
1628024292000,0.0
1628024322000,0.0
1628024352000,0.0
1628024382000,0.0006184291898577612
1628024412000,0.0006138735420503376
1628024442000,0.0006079027355623102
1628024472000,0.0
1628024502000,0.0006105006105006105
1628024532000,0.0005913660555884093
1628024562000,0.0
1628024592000,0.0006027727546714887
1628024622000,0.0
1628024652000,0.0
1628024682000,0.0006131207847946045
1628024712000,0.0
1628024742000,0.0
1628024772000,0.0006027727546714887
1628024802000,0.0
1628024832000,0.0006169031462060457
1628024862000,0.0
1628024892000,0.0
1628024922000,0.0
1628024952000,0.0
1628024982000,0.0
1628025012000,0.0
1628025042000,0.0011983223487118035
1628025072000,0.0
1628025102000,0.0006161429451632778
1628025132000,0.0006127450980392157
1628025162000,0.0
1628025192000,0.0006188118811881187
1628025222000,0.0
1628025252000,0.0
1628025282000,0.0
1628025312000,0.0
1628025342000,0.0
1628025372000,0.0006060606060606062
1628025402000,0.0006146281499692684
1628025432000,0.0
1628025462000,0.0006035003017501509
1628025492000,0.0
1628025522000,0.0
1628025552000,0.0006090133982947625
1628025582000,0.0
1628025612000,0.0
1628025642000,0.0005998800239952009
1628025672000,0.0
1628025702000,0.0
1628025732000,0.0
1628025762000,0.0005984440454817473
1628025792000,0.0
1628025822000,0.001218026796589525
1628025852000,0.0
1628025882000,0.0
1628025912000,0.0
1628025942000,0.0006123698714023269
1628025972000,0.0
1628026002000,0.0012113870381586915
1628026032000,0.0006090133982947625
1628026062000,0.0
1628026092000,0.0
1628026122000,0.0006056935190793457
1628026152000,0.0
1628026182000,0.0
1628026212000,0.0006038647342995169
1628026242000,0.0
1628026272000,0.0
1628026302000,0.0
1628026332000,0.0006234413965087283
1628026362000,0.0
1628026392000,0.0
1628026422000,0.0
1628026452000,0.0
1628026482000,0.0
1628026512000,0.0006064281382656155
1628026542000,0.0
1628026572000,0.0
1628026602000,0.0
1628026632000,0.0
1628026662000,0.0
1628026692000,0.0
1628026722000,0.0
1628026752000,0.0006042296072507553
1628026782000,0.0
1628026812000,0.0005973715651135006
1628026842000,0.0
1628026872000,0.0
1628026902000,0.0
1628026932000,0.0006090133982947625
1628026962000,0.0
1628026992000,0.0006079027355623102
1628027022000,0.0006123698714023269
1628027052000,0.0
1628027082000,0.0006020469596628537
1628027112000,0.0006172839506172839
1628027142000,0.0
1628027172000,0.0
1628027202000,0.0
1628027232000,0.0006180469715698393
1628027262000,0.0
1628027292000,0.0006097560975609756
1628027322000,0.0
1628027352000,0.0
1628027382000,0.0
1628027412000,0.0
1628027442000,0.0005980861244019139
1628027472000,0.0005998800239952009
1628027502000,0.0
1628027532000,0.0006116207951070336
1628027562000,0.0006123698714023269
1628027592000,0.0006016847172081829
1628027622000,0.0
1628027652000,0.0
1628027682000,0.0006042296072507553
1628027712000,0.0
1628027742000,0.0
1628027772000,0.0006127450980392157
1628027802000,0.0
1628027832000,0.0
1628027862000,0.0
1628027892000,0.0
1628027922000,0.0
1628027952000,0.0006112469437652813
1628027982000,0.0
1628028012000,0.0005945303210463732
1628028042000,0.0
1628028072000,0.0
1628028102000,0.0006131207847946045
1628028132000,0.0006024096385542169
1628028162000,0.0
1628028192000,0.0
1628028222000,0.0
1628028252000,0.0
1628028282000,0.0006138735420503376
1628028312000,0.0
1628028342000,0.0006090133982947625
1628028372000,0.0
1628028402000,0.0
1628028432000,0.0
1628028462000,0.0
1628028492000,0.0
1628028522000,0.0
1628028552000,0.0
1628028582000,0.0006176652254478072
1628028612000,0.0
1628028642000,0.0
1628028672000,0.0006218905472636817
1628028702000,0.0
1628028732000,0.0
1628028762000,0.0006108735491753207
1628028792000,0.0
1628028822000,0.0006123698714023269
1628028852000,0.0
1628028882000,0.0
1628028912000,0.0
1628028942000,0.0006045949214026603
1628028972000,0.0
1628029002000,0.0
1628029032000,0.0006053268765133173
1628029062000,0.0012070006035003018
1628029092000,0.0
1628029122000,0.0
1628029152000,0.0
1628029182000,0.0
1628029212000,0.0
1628029242000,0.0
1628029272000,0.0
1628029302000,0.0006042296072507553
1628029332000,0.0
1628029362000,0.0006097560975609756
1628029392000,0.0006027727546714887
1628029422000,0.0
1628029452000,0.0
1628029482000,0.0006153846153846153
1628029512000,0.0
1628029542000,0.0006064281382656155
1628029572000,0.0
1628029602000,0.0
1628029632000,0.0
1628029662000,0.0
1628029692000,0.0006253908692933082
1628029722000,0.0
1628029752000,0.0
1628029782000,0.0
1628029812000,0.0
1628029842000,0.0
1628029872000,0.0
1628029902000,0.0
1628029932000,0.0
1628029962000,0.0006211180124223603
1628029992000,0.0006009615384615385
1628030022000,0.0006116207951070336
1628030052000,0.0012135922330097086
1628030082000,0.0006009615384615385
1628030112000,0.0
1628030142000,0.0006064281382656155
1628030172000,0.0006060606060606062
1628030202000,0.0006042296072507553
1628030232000,0.0006123698714023269
1628030262000,0.0
1628030292000,0.0
1628030322000,0.0
1628030352000,0.0
1628030382000,0.0
1628030412000,0.0
1628030442000,0.0
1628030472000,0.0
1628030502000,0.0
1628030532000,0.0
1628030562000,0.0006009615384615385
1628030592000,0.0
1628030622000,0.0
1628030652000,0.0
1628030682000,0.0006134969325153375
1628030712000,0.0
1628030742000,0.0
1628030772000,0.0
1628030802000,0.0
1628030832000,0.0006056935190793457
1628030862000,0.0005910165484633571
1628030892000,0.0
1628030922000,0.0006038647342995169
1628030952000,0.0
1628030982000,0.0
1628031012000,0.0
1628031042000,0.0
1628031072000,0.0
1628031102000,0.0
1628031132000,0.0
1628031162000,0.0
1628031192000,0.0
1628031222000,0.0
1628031252000,0.0005924170616113746
1628031282000,0.0
1628031312000,0.0
1628031342000,0.0
1628031372000,0.0006079027355623102
1628031402000,0.0006142506142506142
1628031432000,0.0
1628031462000,0.0
1628031492000,0.0
1628031522000,0.0
1628031552000,0.0006086427267194157
1628031582000,0.0012143290831815425
1628031612000,0.0
1628031642000,0.0
1628031672000,0.0
1628031702000,0.0006038647342995169
1628031732000,0.001221001221001221
1628031762000,0.0
1628031792000,0.0
1628031822000,0.0
1628031852000,0.0
1628031882000,0.0
1628031912000,0.0
1628031942000,0.0
1628031972000,0.0
1628032002000,0.0
1628032032000,0.0
1628032062000,0.0006086427267194157
1628032092000,0.0
1628032122000,0.0
1628032152000,0.0006134969325153375
1628032182000,0.0
1628032212000,0.0
1628032242000,0.0
1628032272000,0.0006016847172081829
1628032302000,0.0
1628032332000,0.0
1628032362000,0.0
1628032392000,0.0
1628032422000,0.0
1628032452000,0.0
1628032482000,0.0
1628032512000,0.0
1628032542000,0.0006049606775559589
1628032572000,0.0
1628032602000,0.0
1628032632000,0.0
1628032662000,0.0005955926146515784
1628032692000,0.0006045949214026603
1628032722000,0.0
1628032752000,0.0
1628032782000,0.0
1628032812000,0.0
1628032842000,0.0
1628032872000,0.0
1628032902000,0.0
1628032932000,0.0005995203836930455
1628032962000,0.0
1628032992000,0.0
1628033022000,0.0
1628033052000,0.0005963029218843173
1628033082000,0.0006049606775559589
1628033112000,0.0
1628033142000,0.0
1628033172000,0.0
1628033202000,0.0006101281269066504
1628033232000,0.0
1628033262000,0.0
1628033292000,0.0
1628033322000,0.0
1628033352000,0.0
1628033382000,0.0
1628033412000,0.0006116207951070336
1628033442000,0.0006101281269066504
1628033472000,0.0005973715651135006
1628033502000,0.0
1628033532000,0.0
1628033562000,0.0005959475566150177
1628033592000,0.0
1628033622000,0.0
1628033652000,0.0
1628033682000,0.0
1628033712000,0.0006045949214026603
1628033742000,0.0
1628033772000,0.0
1628033802000,0.0
1628033832000,0.0006027727546714887
1628033862000,0.0
1628033892000,0.0012091898428053206
1628033922000,0.0
1628033952000,0.0
1628033982000,0.0
1628034012000,0.0006184291898577612
1628034042000,0.0
1628034072000,0.0
1628034102000,0.0
1628034132000,0.0005995203836930455
1628034162000,0.0006056935190793457
1628034192000,0.0006086427267194157
1628034222000,0.0
1628034252000,0.0
1628034282000,0.0
1628034312000,0.0
1628034342000,0.0006082725060827251
1628034372000,0.0
1628034402000,0.0011947431302270011
1628034432000,0.0
1628034462000,0.0006053268765133173
1628034492000,0.0005938242280285036
1628034522000,0.0
1628034552000,0.0
1628034582000,0.0
1628034612000,0.0006097560975609756
1628034642000,0.0
1628034672000,0.0
1628034702000,0.0
1628034732000,0.0
1628034762000,0.0006071645415907711
1628034792000,0.0
1628034822000,0.0005977286312014345
1628034852000,0.0006056935190793457
1628034882000,0.0
1628034912000,0.0006207324643078832
1628034942000,0.0006116207951070336
1628034972000,0.0
1628035002000,0.0006093845216331506
1628035032000,0.0
1628035062000,0.0
1628035092000,0.0
1628035122000,0.0
1628035152000,0.0006188118811881187
1628035182000,0.0
1628035212000,0.0
1628035242000,0.0
1628035272000,0.0
1628035302000,0.0
1628035332000,0.0
1628035362000,0.0
1628035392000,0.0006226650062266501
1628035422000,0.0
1628035452000,0.0
1628035482000,0.0006020469596628537
1628035512000,0.0
1628035542000,0.0
1628035572000,0.0
1628035602000,0.0006031363088057902
1628035632000,0.0
1628035662000,0.0
1628035692000,0.0006127450980392157
1628035722000,0.0
1628035752000,0.0
1628035782000,0.0
1628035812000,0.0
1628035842000,0.0006108735491753207
1628035872000,0.0
1628035902000,0.0
1628035932000,0.0006027727546714887
1628035962000,0.0
1628035992000,0.0006053268765133173
1628036022000,0.0005970149253731342
1628036052000,0.0
1628036082000,0.0
1628036112000,0.0
1628036142000,0.0
1628036172000,0.0
1628036202000,0.0006071645415907711
1628036232000,0.0006161429451632778
1628036262000,0.0006082725060827251
1628036292000,0.0006105006105006105
1628036322000,0.0
1628036352000,0.0005977286312014345
1628036382000,0.0006020469596628537
1628036412000,0.0
1628036442000,0.0
1628036472000,0.0006090133982947625
1628036502000,0.0006042296072507553
1628036532000,0.0
1628036562000,0.0
1628036592000,0.0006101281269066504
1628036622000,0.0
1628036652000,0.0
1628036682000,0.0006075334143377885
1628036712000,0.0
1628036742000,0.0
1628036772000,0.0006108735491753207
1628036802000,0.0
1628036832000,0.0006134969325153375
1628036862000,0.0
1628036892000,0.0
1628036922000,0.0
1628036952000,0.0
1628036982000,0.0
1628037012000,0.0
1628037042000,0.0
1628037072000,0.0
1628037102000,0.0
1628037132000,0.0006116207951070336
1628037162000,0.0
1628037192000,0.0006079027355623102
1628037222000,0.0
1628037252000,0.0
1628037282000,0.0012292562999385369
1628037312000,0.0
1628037342000,0.0
1628037372000,0.0
1628037402000,0.0
1628037432000,0.0
1628037462000,0.0006086427267194157
1628037492000,0.0
1628037522000,0.0
1628037552000,0.0006038647342995169
1628037582000,0.0
1628037612000,0.0
1628037642000,0.0
1628037672000,0.0
1628037702000,0.0
1628037732000,0.0005952380952380952
1628037762000,0.0
1628037792000,0.0
1628037822000,0.0
1628037852000,0.0
1628037882000,0.0
1628037912000,0.0006172839506172839
1628037942000,0.0
1628037972000,0.0006053268765133173
1628038002000,0.0
1628038032000,0.0
1628038062000,0.0
1628038092000,0.0006064281382656155
1628038122000,0.0
1628038152000,0.0
1628038182000,0.0
1628038212000,0.0
1628038242000,0.0
1628038272000,0.0
1628038302000,0.0006127450980392157
1628038332000,0.0
1628038362000,0.0
1628038392000,0.0
1628038422000,0.0
1628038452000,0.0
1628038482000,0.0
1628038512000,0.0012391573729863693
1628038542000,0.0006119951040391675
1628038572000,0.0
1628038602000,0.0
1628038632000,0.0006009615384615385
1628038662000,0.0
1628038692000,0.0006067961165048543
1628038722000,0.0
1628038752000,0.0
1628038782000,0.0
1628038812000,0.0
1628038842000,0.0
1628038872000,0.0
1628038902000,0.0006006006006006006
1628038932000,0.0006079027355623102
1628038962000,0.0006134969325153375
1628038992000,0.0
1628039022000,0.0
1628039052000,0.0
1628039082000,0.0006218905472636817
1628039112000,0.0
1628039142000,0.0006138735420503376
1628039172000,0.0
1628039202000,0.0
1628039232000,0.0006127450980392157
1628039262000,0.0
1628039292000,0.0
1628039322000,0.0
1628039352000,0.0
1628039382000,0.0
1628039412000,0.0
1628039442000,0.0
1628039472000,0.0
1628039502000,0.0
1628039532000,0.0
1628039562000,0.0
1628039592000,0.0
1628039622000,0.0
1628039652000,0.0006075334143377885
1628039682000,0.0
1628039712000,0.0
1628039742000,0.0006009615384615385
1628039772000,0.0
1628039802000,0.0006123698714023269
1628039832000,0.0
1628039862000,0.0
1628039892000,0.0
1628039922000,0.0
1628039952000,0.0
1628039982000,0.0
1628040012000,0.0006101281269066504
1628040042000,0.0
1628040072000,0.0
1628040102000,0.0
1628040132000,0.0
1628040162000,0.0
1628040192000,0.0
1628040222000,0.0
1628040252000,0.0006064281382656155
1628040282000,0.0006049606775559589
1628040312000,0.0
1628040342000,0.0006116207951070336
1628040372000,0.0
1628040402000,0.0005931198102016608
1628040432000,0.0
1628040462000,0.0
1628040492000,0.0006075334143377885
1628040522000,0.0
1628040552000,0.0
1628040582000,0.0
1628040612000,0.0
1628040642000,0.0006097560975609756
1628040672000,0.0
1628040702000,0.0
1628040732000,0.0
1628040762000,0.0
1628040792000,0.0
1628040822000,0.0
1628040852000,0.0006150061500615006
1628040882000,0.0
1628040912000,0.0
1628040942000,0.0005984440454817473
1628040972000,0.0
1628041002000,0.0
1628041032000,0.0
1628041062000,0.0
1628041092000,0.0005973715651135006
1628041122000,0.0
1628041152000,0.0
1628041182000,0.0006191950464396285
1628041212000,0.0006071645415907711
1628041242000,0.0
1628041272000,0.0
1628041302000,0.0005984440454817473
1628041332000,0.0006157635467980296
1628041362000,0.0
1628041392000,0.0
1628041422000,0.0
1628041452000,0.0006112469437652813
1628041482000,0.0006138735420503376
1628041512000,0.0005927682276229994
1628041542000,0.0
1628041572000,0.0
1628041602000,0.0
1628041632000,0.0
1628041662000,0.0
1628041692000,0.0
1628041722000,0.0
1628041752000,0.0
1628041782000,0.0
1628041812000,0.0
1628041842000,0.0006002400960384152
1628041872000,0.0
1628041902000,0.0
1628041932000,0.0005973715651135006
1628041962000,0.0
1628041992000,0.0
1628042022000,0.0006134969325153375
1628042052000,0.0
1628042082000,0.0006191950464396285
1628042112000,0.0006082725060827251
1628042142000,0.0006150061500615006
1628042172000,0.0006024096385542169
1628042202000,0.0
1628042232000,0.0006053268765133173
1628042262000,0.0005948839976204639
1628042292000,0.0
1628042322000,0.0006035003017501509
1628042352000,0.0
1628042382000,0.0
1628042412000,0.0006161429451632778
1628042442000,0.0
1628042472000,0.0006009615384615385
1628042502000,0.0
1628042532000,0.0
1628042562000,0.0
1628042592000,0.0
1628042622000,0.0
1628042652000,0.0006180469715698393
1628042682000,0.0
1628042712000,0.0
1628042742000,0.0
1628042772000,0.0
1628042802000,0.0006218905472636817
1628042832000,0.0
1628042862000,0.0
1628042892000,0.0
1628042922000,0.0
1628042952000,0.0006116207951070336
1628042982000,0.0
1628043012000,0.0
1628043042000,0.0
1628043072000,0.0
1628043102000,0.0
1628043132000,0.0
1628043162000,0.0
1628043192000,0.0
1628043222000,0.0
1628043252000,0.0
1628043282000,0.0
1628043312000,0.0
1628043342000,0.0
1628043372000,0.0
1628043402000,0.0005995203836930455
1628043432000,0.0
1628043462000,0.0
1628043492000,0.0
1628043522000,0.0006161429451632778
1628043552000,0.0
1628043582000,0.0
1628043612000,0.0
1628043642000,0.0
1628043672000,0.0006027727546714887
1628043702000,0.0006116207951070336
1628043732000,0.0
1628043762000,0.0006123698714023269
1628043792000,0.0
1628043822000,0.0
1628043852000,0.0
1628043882000,0.0006180469715698393
1628043912000,0.0
1628043942000,0.0
1628043972000,0.0
1628044002000,0.0
1628044032000,0.0
1628044062000,0.0006138735420503376
1628044092000,0.0
1628044122000,0.0
1628044152000,0.0
1628044182000,0.0
1628044212000,0.0
1628044242000,0.0
1628044272000,0.0
1628044302000,0.0006060606060606062
1628044332000,0.0005938242280285036
1628044362000,0.0006049606775559589
1628044392000,0.0
1628044422000,0.0
1628044452000,0.0
1628044482000,0.0006045949214026603
1628044512000,0.0006119951040391675
1628044542000,0.0
1628044572000,0.0
1628044602000,0.0
1628044632000,0.0006176652254478072
1628044662000,0.0
1628044692000,0.0
1628044722000,0.0005988023952095807
1628044752000,0.0
1628044782000,0.0
1628044812000,0.0006195786864931846
1628044842000,0.0
1628044872000,0.0006191950464396285
1628044902000,0.0
1628044932000,0.0012055455093429774
1628044962000,0.0
1628044992000,0.0
1628045022000,0.0006157635467980296
1628045052000,0.0006108735491753207
1628045082000,0.0005963029218843173
1628045112000,0.0
1628045142000,0.0
1628045172000,0.0
1628045202000,0.0006199628022318662
1628045232000,0.0012224938875305626
1628045262000,0.0006053268765133173
1628045292000,0.0
1628045322000,0.0
1628045352000,0.0006086427267194157
1628045382000,0.0
1628045412000,0.0006165228113440197
1628045442000,0.0
1628045472000,0.0006071645415907711
1628045502000,0.0012026458208057728
1628045532000,0.0
1628045562000,0.0006199628022318662
1628045592000,0.0006027727546714887
1628045622000,0.0
1628045652000,0.0006153846153846153
1628045682000,0.0
1628045712000,0.0006097560975609756
1628045742000,0.0
1628045772000,0.0
1628045802000,0.0
1628045832000,0.0005941770647653001
1628045862000,0.0
1628045892000,0.0
1628045922000,0.0006138735420503376
1628045952000,0.0
1628045982000,0.0
1628046012000,0.0
1628046042000,0.0
1628046072000,0.0
1628046102000,0.0
1628046132000,0.0
1628046162000,0.0
1628046192000,0.0
1628046222000,0.0
1628046252000,0.0006119951040391675
1628046282000,0.0
1628046312000,0.0
1628046342000,0.0
1628046372000,0.0006075334143377885
1628046402000,0.0
1628046432000,0.0
1628046462000,0.0
1628046492000,0.0
1628046522000,0.0
1628046552000,0.0
1628046582000,0.0006064281382656155
1628046612000,0.0
1628046642000,0.0
1628046672000,0.0
1628046702000,0.0006067961165048543
1628046732000,0.0
1628046762000,0.0
1628046792000,0.0
1628046822000,0.0006020469596628537
1628046852000,0.0006009615384615385
1628046882000,0.0
1628046912000,0.0005988023952095807
1628046942000,0.0
1628046972000,0.0006142506142506142
1628047002000,0.0
1628047032000,0.0006090133982947625
1628047062000,0.0
1628047092000,0.0
1628047122000,0.0
1628047152000,0.0
1628047182000,0.0
1628047212000,0.0
1628047242000,0.0006038647342995169
1628047272000,0.0006064281382656155
1628047302000,0.0006097560975609756
1628047332000,0.0
1628047362000,0.0006138735420503376
1628047392000,0.0
1628047422000,0.0
1628047452000,0.0
1628047482000,0.0
1628047512000,0.0
1628047542000,0.0006013229104028864
1628047572000,0.0
1628047602000,0.0
1628047632000,0.0
1628047662000,0.0
1628047692000,0.0006101281269066504
1628047722000,0.0
1628047752000,0.0
1628047782000,0.0
1628047812000,0.0
1628047842000,0.0006045949214026603
1628047872000,0.0006086427267194157
1628047902000,0.0006093845216331506
1628047932000,0.0
1628047962000,0.0
1628047992000,0.0
1628048022000,0.0006134969325153375
1628048052000,0.0
1628048082000,0.0
1628048112000,0.0
1628048142000,0.0006045949214026603
1628048172000,0.0
1628048202000,0.0006105006105006105
1628048232000,0.0
1628048262000,0.0005995203836930455
1628048292000,0.0
1628048322000,0.0
1628048352000,0.0006105006105006105
1628048382000,0.0
1628048412000,0.0
1628048442000,0.0
1628048472000,0.0006042296072507553
1628048502000,0.0006035003017501509
1628048532000,0.0005980861244019139
1628048562000,0.0006101281269066504
1628048592000,0.001829268292682927
1628048622000,0.0006086427267194157
1628048652000,0.0
1628048682000,0.0
1628048712000,0.0
1628048742000,0.0
1628048772000,0.0006211180124223603
1628048802000,0.0006009615384615385
1628048832000,0.0
1628048862000,0.0
1628048892000,0.0
1628048922000,0.0
1628048952000,0.0
1628048982000,0.0
1628049012000,0.0
1628049042000,0.0
1628049072000,0.0
1628049102000,0.0
1628049132000,0.0006127450980392157
1628049162000,0.0
1628049192000,0.0006064281382656155
1628049222000,0.0
1628049252000,0.0006116207951070336
1628049282000,0.0006119951040391675
1628049312000,0.0
1628049342000,0.0005959475566150177
1628049372000,0.0006079027355623102
1628049402000,0.0
1628049432000,0.0006056935190793457
1628049462000,0.0
1628049492000,0.0
1628049522000,0.0
1628049552000,0.0
1628049582000,0.0
1628049612000,0.0
1628049642000,0.0
1628049672000,0.0
1628049702000,0.0006064281382656155
1628049732000,0.0
1628049762000,0.0006064281382656155
1628049792000,0.0005948839976204639
1628049822000,0.0
1628049852000,0.0
1628049882000,0.0006105006105006105
1628049912000,0.0
1628049942000,0.0
1628049972000,0.0006071645415907711
1628050002000,0.0
1628050032000,0.0
1628050062000,0.0
1628050092000,0.0006024096385542169
1628050122000,0.0006038647342995169
1628050152000,0.0
1628050182000,0.0006082725060827251
1628050212000,0.0
1628050242000,0.0
1628050272000,0.0006165228113440197
1628050302000,0.0
1628050332000,0.0
1628050362000,0.0006064281382656155
1628050392000,0.0
1628050422000,0.0
1628050452000,0.0
1628050482000,0.0006134969325153375
1628050512000,0.0
1628050542000,0.0
1628050572000,0.0
1628050602000,0.0
1628050632000,0.0
1628050662000,0.0
1628050692000,0.0006108735491753207
1628050722000,0.0
1628050752000,0.0
1628050782000,0.0006049606775559589
1628050812000,0.0
1628050842000,0.0
1628050872000,0.0
1628050902000,0.0006049606775559589
1628050932000,0.0
1628050962000,0.0006082725060827251
1628050992000,0.0006060606060606062
1628051022000,0.0
1628051052000,0.0006199628022318662
1628051082000,0.0
1628051112000,0.0
1628051142000,0.0006093845216331506
1628051172000,0.0006157635467980296
1628051202000,0.0
1628051232000,0.001212121212121212
1628051262000,0.0006161429451632778
1628051292000,0.0012062726176115801
1628051322000,0.0
1628051352000,0.0
1628051382000,0.0
1628051412000,0.0
1628051442000,0.0
1628051472000,0.0006172839506172839
1628051502000,0.0006123698714023269
1628051532000,0.0
1628051562000,0.0
1628051592000,0.0
1628051622000,0.0006116207951070336
1628051652000,0.0006119951040391675
1628051682000,0.0
1628051712000,0.0
1628051742000,0.0
1628051772000,0.0
1628051802000,0.0
1628051832000,0.0
1628051862000,0.0
1628051892000,0.0012254901960784314
1628051922000,0.0006093845216331506
1628051952000,0.0
1628051982000,0.0011933174224343676
1628052012000,0.0
1628052042000,0.0006082725060827251
1628052072000,0.0
1628052102000,0.0
1628052132000,0.0006049606775559589
1628052162000,0.0006101281269066504
1628052192000,0.0
1628052222000,0.0
1628052252000,0.0
1628052282000,0.0006138735420503376
1628052312000,0.0006079027355623102
1628052342000,0.0
1628052372000,0.0
1628052402000,0.0
1628052432000,0.0006079027355623102
1628052462000,0.0006108735491753207
1628052492000,0.0
1628052522000,0.0
1628052552000,0.0
1628052582000,0.0006075334143377885
1628052612000,0.0
1628052642000,0.0006203473945409428
1628052672000,0.0
1628052702000,0.0
1628052732000,0.0005963029218843173
1628052762000,0.0
1628052792000,0.0
1628052822000,0.0006112469437652813
1628052852000,0.0006090133982947625
1628052882000,0.0006009615384615385
1628052912000,0.0
1628052942000,0.0006031363088057902
1628052972000,0.0
1628053002000,0.0006038647342995169
1628053032000,0.0
1628053062000,0.0006157635467980296
1628053092000,0.0
1628053122000,0.0005913660555884093
1628053152000,0.0
1628053182000,0.0
1628053212000,0.0
1628053242000,0.0
1628053272000,0.0
1628053302000,0.0006002400960384152
1628053332000,0.0006082725060827251
1628053362000,0.0
1628053392000,0.0
1628053422000,0.0005955926146515784
1628053452000,0.0006009615384615385
1628053482000,0.0
1628053512000,0.0
1628053542000,0.0
1628053572000,0.0
1628053602000,0.0
1628053632000,0.0
1628053662000,0.0
1628053692000,0.0
1628053722000,0.0
1628053752000,0.0
1628053782000,0.0006169031462060457
1628053812000,0.0
1628053842000,0.0
1628053872000,0.0006067961165048543
1628053902000,0.0
1628053932000,0.0006184291898577612
1628053962000,0.0
1628053992000,0.0006038647342995169
1628054022000,0.0
1628054052000,0.0012055455093429774
1628054082000,0.0
1628054112000,0.0
1628054142000,0.0
1628054172000,0.0
1628054202000,0.0006053268765133173
1628054232000,0.0006119951040391675
1628054262000,0.0006082725060827251
1628054292000,0.0006116207951070336
1628054322000,0.0012091898428053206
1628054352000,0.0
1628054382000,0.0
1628054412000,0.0
1628054442000,0.0
1628054472000,0.0
1628054502000,0.0
1628054532000,0.0006013229104028864
1628054562000,0.0
1628054592000,0.0
1628054622000,0.0
1628054652000,0.0
1628054682000,0.0
1628054712000,0.0006123698714023269
1628054742000,0.0006169031462060457
1628054772000,0.0
1628054802000,0.0
1628054832000,0.0
1628054862000,0.0
1628054892000,0.0005998800239952009
1628054922000,0.0
1628054952000,0.0
1628054982000,0.0
1628055012000,0.0006035003017501509
1628055042000,0.0
1628055072000,0.0012202562538133007
1628055102000,0.0
1628055132000,0.0
1628055162000,0.0006108735491753207
1628055192000,0.0
1628055222000,0.0
1628055252000,0.0
1628055282000,0.0
1628055312000,0.0
1628055342000,0.0011976047904191614
1628055372000,0.0
1628055402000,0.0
1628055432000,0.0
1628055462000,0.0
1628055492000,0.0
1628055522000,0.0006020469596628537
1628055552000,0.0006157635467980296
1628055582000,0.0006075334143377885
1628055612000,0.0
1628055642000,0.0006086427267194157
1628055672000,0.0
1628055702000,0.0
1628055732000,0.0
1628055762000,0.0006134969325153375
1628055792000,0.0
1628055822000,0.0006112469437652813
1628055852000,0.0
1628055882000,0.0006031363088057902
1628055912000,0.0
1628055942000,0.0006195786864931846
1628055972000,0.0
1628056002000,0.0006031363088057902
1628056032000,0.0
1628056062000,0.0006060606060606062
1628056092000,0.0
1628056122000,0.0006009615384615385
1628056152000,0.0
1628056182000,0.0
1628056212000,0.0
1628056242000,0.0
1628056272000,0.0
1628056302000,0.0
1628056332000,0.0006142506142506142
1628056362000,0.0
1628056392000,0.0
1628056422000,0.0005945303210463732
1628056452000,0.0
1628056482000,0.0006119951040391675
1628056512000,0.0
1628056542000,0.0006097560975609756
1628056572000,0.0
1628056602000,0.0
1628056632000,0.0
1628056662000,0.0
1628056692000,0.0
1628056722000,0.0
1628056752000,0.0
1628056782000,0.001212121212121212
1628056812000,0.0
1628056842000,0.0
1628056872000,0.0
1628056902000,0.0
1628056932000,0.0005984440454817473
1628056962000,0.0
1628056992000,0.0
1628057022000,0.0006093845216331506
1628057052000,0.0006009615384615385
1628057082000,0.0
1628057112000,0.0
1628057142000,0.0
1628057172000,0.0006020469596628537
1628057202000,0.0
1628057232000,0.0005995203836930455
1628057262000,0.0005952380952380952
1628057292000,0.0006056935190793457
1628057322000,0.0
1628057352000,0.0005934718100890207
1628057382000,0.0
1628057412000,0.0
1628057442000,0.0
1628057472000,0.0
1628057502000,0.0006064281382656155
1628057532000,0.0
1628057562000,0.0
1628057592000,0.0
1628057622000,0.0
1628057652000,0.0006042296072507553
1628057682000,0.0006056935190793457
1628057712000,0.0
1628057742000,0.0
1628057772000,0.0
1628057802000,0.0
1628057832000,0.0
1628057862000,0.0006238303181534623
1628057892000,0.0
1628057922000,0.0006195786864931846
1628057952000,0.0
1628057982000,0.0005970149253731342
1628058012000,0.0
1628058042000,0.0
1628058072000,0.0
1628058102000,0.0
1628058132000,0.0006207324643078832
1628058162000,0.0
1628058192000,0.0
1628058222000,0.0006075334143377885
1628058252000,0.0006035003017501509
1628058282000,0.0
1628058312000,0.0006086427267194157
1628058342000,0.0
1628058372000,0.0
1628058402000,0.0
1628058432000,0.0
1628058462000,0.0006090133982947625
1628058492000,0.0006071645415907711
1628058522000,0.0006105006105006105
1628058552000,0.0
1628058582000,0.0
1628058612000,0.0
1628058642000,0.0
1628058672000,0.0
1628058702000,0.0006090133982947625
1628058732000,0.0006006006006006006
1628058762000,0.0
1628058792000,0.0
1628058822000,0.0006146281499692684
1628058852000,0.0005980861244019139
1628058882000,0.0006119951040391675
1628058912000,0.0006027727546714887
1628058942000,0.0006082725060827251
1628058972000,0.0006090133982947625
1628059002000,0.0
1628059032000,0.0
1628059062000,0.0006188118811881187
1628059092000,0.0
1628059122000,0.0
1628059152000,0.0
1628059182000,0.0006020469596628537
1628059212000,0.0
1628059242000,0.0
1628059272000,0.0
1628059302000,0.0
1628059332000,0.0
1628059362000,0.0006006006006006006
1628059392000,0.0
1628059422000,0.0
1628059452000,0.0
1628059482000,0.0006067961165048543
1628059512000,0.0
1628059542000,0.0
1628059572000,0.0
1628059602000,0.0
1628059632000,0.0006071645415907711
1628059662000,0.0006024096385542169
1628059692000,0.0005984440454817473
1628059722000,0.0
1628059752000,0.0006056935190793457
1628059782000,0.0
1628059812000,0.0
1628059842000,0.0
1628059872000,0.0006116207951070336
1628059902000,0.0
1628059932000,0.0
1628059962000,0.0006042296072507553
1628059992000,0.0
1628060022000,0.0
1628060052000,0.0
1628060082000,0.0
1628060112000,0.0
1628060142000,0.0005948839976204639
1628060172000,0.0
1628060202000,0.0006086427267194157
1628060232000,0.0
1628060262000,0.0
1628060292000,0.0
1628060322000,0.0006101281269066504
1628060352000,0.0006161429451632778
1628060382000,0.0
1628060412000,0.0005991611743559018
1628060442000,0.0006082725060827251
1628060472000,0.0006195786864931846
1628060502000,0.0006067961165048543
1628060532000,0.0
1628060562000,0.0
1628060592000,0.0006053268765133173
1628060622000,0.0
1628060652000,0.0
1628060682000,0.0
1628060712000,0.0
1628060742000,0.0
1628060772000,0.0
1628060802000,0.0
1628060832000,0.0006090133982947625
1628060862000,0.0
1628060892000,0.0006199628022318662
1628060922000,0.0
1628060952000,0.0
1628060982000,0.0
1628061012000,0.0
1628061042000,0.0
1628061072000,0.0
1628061102000,0.0006086427267194157
1628061132000,0.0006123698714023269
1628061162000,0.0
1628061192000,0.0
1628061222000,0.0
1628061252000,0.0
1628061282000,0.0
1628061312000,0.0
1628061342000,0.0
1628061372000,0.0006165228113440197
1628061402000,0.0
1628061432000,0.0
1628061462000,0.0
1628061492000,0.0
1628061522000,0.0
1628061552000,0.0012254901960784314
1628061582000,0.0
1628061612000,0.0005980861244019139
1628061642000,0.0
1628061672000,0.0
1628061702000,0.0
1628061732000,0.0006075334143377885
1628061762000,0.0006172839506172839
1628061792000,0.0
1628061822000,0.0
1628061852000,0.0
1628061882000,0.0
1628061912000,0.0
1628061942000,0.0
1628061972000,0.0006086427267194157
1628062002000,0.0012113870381586915
1628062032000,0.0
1628062062000,0.0
1628062092000,0.0
1628062122000,0.0
1628062152000,0.0
1628062182000,0.0
1628062212000,0.0
1628062242000,0.0006097560975609756
1628062272000,0.0
1628062302000,0.0
1628062332000,0.0
1628062362000,0.0006060606060606062
1628062392000,0.0006146281499692684
1628062422000,0.0005998800239952009
1628062452000,0.0
1628062482000,0.0006138735420503376
1628062512000,0.0006138735420503376
1628062542000,0.0
1628062572000,0.0005998800239952009
1628062602000,0.0
1628062632000,0.0
1628062662000,0.0005927682276229994
1628062692000,0.0
1628062722000,0.0006153846153846153
1628062752000,0.0006161429451632778
1628062782000,0.0006150061500615006
1628062812000,0.0
1628062842000,0.0012285012285012285
1628062872000,0.0005988023952095807
1628062902000,0.0
1628062932000,0.0
1628062962000,0.0
1628062992000,0.0
1628063022000,0.0
1628063052000,0.0006150061500615006
1628063082000,0.0005892751915144372
1628063112000,0.0
1628063142000,0.0005995203836930455
1628063172000,0.0
1628063202000,0.0
1628063232000,0.0
1628063262000,0.0
1628063292000,0.0
1628063322000,0.0
1628063352000,0.0
1628063382000,0.0006013229104028864
1628063412000,0.0
1628063442000,0.0
1628063472000,0.0
1628063502000,0.0005917159763313611
1628063532000,0.0006097560975609756
1628063562000,0.0
1628063592000,0.0
1628063622000,0.0
1628063652000,0.0006157635467980296
1628063682000,0.0006108735491753207
1628063712000,0.0
1628063742000,0.0
1628063772000,0.0
1628063802000,0.0006176652254478072
1628063832000,0.0
1628063862000,0.0006172839506172839
1628063892000,0.0
1628063922000,0.0
1628063952000,0.0
1628063982000,0.0006176652254478072
1628064012000,0.0
1628064042000,0.0006116207951070336
1628064072000,0.0
1628064102000,0.0006082725060827251
1628064132000,0.0
1628064162000,0.0
1628064192000,0.0005899705014749262
1628064222000,0.0
1628064252000,0.0006127450980392157
1628064282000,0.0005980861244019139
1628064312000,0.0
1628064342000,0.0006027727546714887
1628064372000,0.0
1628064402000,0.0006056935190793457
1628064432000,0.0
1628064462000,0.0
1628064492000,0.0
1628064522000,0.0006056935190793457
1628064552000,0.0
1628064582000,0.0
1628064612000,0.0006082725060827251
1628064642000,0.0
1628064672000,0.0006067961165048543
1628064702000,0.0
1628064732000,0.0
1628064762000,0.0006042296072507553
1628064792000,0.0006075334143377885
1628064822000,0.0
1628064852000,0.0
1628064882000,0.0
1628064912000,0.0
1628064942000,0.0
1628064972000,0.0005970149253731342
1628065002000,0.0006079027355623102
1628065032000,0.0
1628065062000,0.0006191950464396285
1628065092000,0.0006101281269066504
1628065122000,0.0
1628065152000,0.0
1628065182000,0.0
1628065212000,0.0
1628065242000,0.0006138735420503376
1628065272000,0.0006035003017501509
1628065302000,0.0
1628065332000,0.0006071645415907711
1628065362000,0.0006031363088057902
1628065392000,0.0
1628065422000,0.0
1628065452000,0.0
1628065482000,0.0
1628065512000,0.0006150061500615006
1628065542000,0.0006090133982947625
1628065572000,0.0006079027355623102
1628065602000,0.0
1628065632000,0.0006116207951070336
1628065662000,0.0006035003017501509
1628065692000,0.0
1628065722000,0.0
1628065752000,0.0
1628065782000,0.0
1628065812000,0.0
1628065842000,0.0012106537530266347
1628065872000,0.0
1628065902000,0.0
1628065932000,0.0
1628065962000,0.0
1628065992000,0.0
1628066022000,0.0006134969325153375
1628066052000,0.0
1628066082000,0.0006064281382656155
1628066112000,0.0005988023952095807
1628066142000,0.0
1628066172000,0.0
1628066202000,0.0
1628066232000,0.0
1628066262000,0.0
1628066292000,0.0006009615384615385
1628066322000,0.0006056935190793457
1628066352000,0.0
1628066382000,0.0
1628066412000,0.0
1628066442000,0.0006079027355623102
1628066472000,0.0
1628066502000,0.0
1628066532000,0.0
1628066562000,0.0
1628066592000,0.0
1628066622000,0.0
1628066652000,0.0006138735420503376
1628066682000,0.0
1628066712000,0.0
1628066742000,0.0
1628066772000,0.0
1628066802000,0.0006211180124223603
1628066832000,0.0
1628066862000,0.0
1628066892000,0.0
1628066922000,0.0006150061500615006
1628066952000,0.0
1628066982000,0.0
1628067012000,0.0
1628067042000,0.0
1628067072000,0.0
1628067102000,0.0006207324643078832
1628067132000,0.0
1628067162000,0.0006116207951070336
1628067192000,0.0
1628067222000,0.0006060606060606062
1628067252000,0.0
1628067282000,0.0006105006105006105
1628067312000,0.0
1628067342000,0.0
1628067372000,0.0005941770647653001
1628067402000,0.0006105006105006105
1628067432000,0.0
1628067462000,0.0
1628067492000,0.0
1628067522000,0.0
1628067552000,0.0006093845216331506
1628067582000,0.0006056935190793457
1628067612000,0.0
1628067642000,0.0006042296072507553
1628067672000,0.0
1628067702000,0.0006016847172081829
1628067732000,0.0006169031462060457
1628067762000,0.0
1628067792000,0.0
1628067822000,0.0
1628067852000,0.0006169031462060457
1628067882000,0.0006097560975609756
1628067912000,0.0006169031462060457
1628067942000,0.0006176652254478072
1628067972000,0.0006218905472636817
1628068002000,0.0
1628068032000,0.0
1628068062000,0.0006134969325153375
1628068092000,0.0
1628068122000,0.0005995203836930455
1628068152000,0.0
1628068182000,0.0
1628068212000,0.0
1628068242000,0.0
1628068272000,0.0006146281499692684
1628068302000,0.0
1628068332000,0.0
1628068362000,0.0
1628068392000,0.0006079027355623102
1628068422000,0.0006101281269066504
1628068452000,0.0
1628068482000,0.0006207324643078832
1628068512000,0.0006138735420503376
1628068542000,0.0
1628068572000,0.0006002400960384152
1628068602000,0.0
1628068632000,0.0
1628068662000,0.0
1628068692000,0.0
1628068722000,0.0
1628068752000,0.0006153846153846153
1628068782000,0.0006079027355623102
1628068812000,0.0
1628068842000,0.0006020469596628537
1628068872000,0.0
1628068902000,0.0
1628068932000,0.0
1628068962000,0.0
1628068992000,0.0
1628069022000,0.0
1628069052000,0.0
1628069082000,0.0
1628069112000,0.0006038647342995169
1628069142000,0.0006153846153846153
1628069172000,0.0006020469596628537
1628069202000,0.0006079027355623102
1628069232000,0.0
1628069262000,0.0
1628069292000,0.0
1628069322000,0.0006071645415907711
1628069352000,0.0006123698714023269
1628069382000,0.0006056935190793457
1628069412000,0.0
1628069442000,0.0
1628069472000,0.0
1628069502000,0.0
1628069532000,0.0
1628069562000,0.0
1628069592000,0.0
1628069622000,0.0
1628069652000,0.0006101281269066504
1628069682000,0.0
1628069712000,0.0006031363088057902
1628069742000,0.0006075334143377885
1628069772000,0.0
1628069802000,0.0
1628069832000,0.0
1628069862000,0.0
1628069892000,0.0
1628069922000,0.0
1628069952000,0.0
1628069982000,0.0
1628070012000,0.0
1628070042000,0.0
1628070072000,0.0
1628070102000,0.0
1628070132000,0.0
1628070162000,0.0
1628070192000,0.0
1628070222000,0.0
1628070252000,0.0
1628070282000,0.0
1628070312000,0.0005931198102016608
1628070342000,0.0
1628070372000,0.0006157635467980296
1628070402000,0.0
1628070432000,0.0006053268765133173
1628070462000,0.0
1628070492000,0.0
1628070522000,0.0006101281269066504
1628070552000,0.0
1628070582000,0.0
1628070612000,0.0
1628070642000,0.0
1628070672000,0.0006097560975609756
1628070702000,0.0006020469596628537
1628070732000,0.0006075334143377885
1628070762000,0.0
1628070792000,0.0
1628070822000,0.0006035003017501509
1628070852000,0.0006131207847946045
1628070882000,0.0
1628070912000,0.0
1628070942000,0.0005941770647653001
1628070972000,0.0006108735491753207
1628071002000,0.0
1628071032000,0.0
1628071062000,0.0
1628071092000,0.0
1628071122000,0.0006119951040391675
1628071152000,0.0
1628071182000,0.0005991611743559018
1628071212000,0.0
1628071242000,0.0
1628071272000,0.0
1628071302000,0.0
1628071332000,0.0
1628071362000,0.0
1628071392000,0.0
1628071422000,0.0006045949214026603
1628071452000,0.0011862396204033216
1628071482000,0.0
1628071512000,0.0
1628071542000,0.0
1628071572000,0.0
1628071602000,0.0005991611743559018
1628071632000,0.0
1628071662000,0.0006090133982947625
1628071692000,0.0
1628071722000,0.0
1628071752000,0.0006060606060606062
1628071782000,0.0006093845216331506
1628071812000,0.0
1628071842000,0.0
1628071872000,0.0006079027355623102
1628071902000,0.0
1628071932000,0.0006035003017501509
1628071962000,0.0
1628071992000,0.0006006006006006006
1628072022000,0.0
1628072052000,0.0
1628072082000,0.0
1628072112000,0.0
1628072142000,0.0
1628072172000,0.0006082725060827251
1628072202000,0.0006031363088057902
1628072232000,0.0
1628072262000,0.0
1628072292000,0.0006101281269066504
1628072322000,0.0
1628072352000,0.0005963029218843173
1628072382000,0.0006056935190793457
1628072412000,0.0
1628072442000,0.0
1628072472000,0.0
1628072502000,0.0006211180124223603
1628072532000,0.0006234413965087283
1628072562000,0.0
1628072592000,0.0
1628072622000,0.0
1628072652000,0.0006045949214026603
1628072682000,0.0006079027355623102
1628072712000,0.0
1628072742000,0.0005995203836930455
1628072772000,0.0
1628072802000,0.0
1628072832000,0.0006053268765133173
1628072862000,0.0005991611743559018
1628072892000,0.0
1628072922000,0.0
1628072952000,0.0
1628072982000,0.0006169031462060457
1628073012000,0.0011862396204033216
1628073042000,0.0
1628073072000,0.0006195786864931846
1628073102000,0.0
1628073132000,0.0
1628073162000,0.0006172839506172839
1628073192000,0.0006053268765133173
1628073222000,0.0
1628073252000,0.0006101281269066504
1628073282000,0.0
1628073312000,0.0
1628073342000,0.0
1628073372000,0.0
1628073402000,0.0
1628073432000,0.0006116207951070336
1628073462000,0.0
1628073492000,0.0
1628073522000,0.0006123698714023269
1628073552000,0.0006116207951070336
1628073582000,0.0005995203836930455
1628073612000,0.0006161429451632778
1628073642000,0.0
1628073672000,0.0006218905472636817
1628073702000,0.0
1628073732000,0.0
1628073762000,0.0005984440454817473
1628073792000,0.0
1628073822000,0.0005924170616113746
1628073852000,0.0
1628073882000,0.0
1628073912000,0.0
1628073942000,0.0
1628073972000,0.0
1628074002000,0.0005924170616113746
1628074032000,0.0
1628074062000,0.0
1628074092000,0.0
1628074122000,0.0006153846153846153
1628074152000,0.001201923076923077
1628074182000,0.0006042296072507553
1628074212000,0.0012165450121654502
1628074242000,0.0
1628074272000,0.0
1628074302000,0.0
1628074332000,0.0006097560975609756
1628074362000,0.0
1628074392000,0.0
1628074422000,0.0
1628074452000,0.0006112469437652813
1628074482000,0.0
1628074512000,0.0
1628074542000,0.0
1628074572000,0.0011940298507462687
1628074602000,0.0
1628074632000,0.0006142506142506142
1628074662000,0.0
1628074692000,0.0
1628074722000,0.0
1628074752000,0.0
1628074782000,0.0
1628074812000,0.0005973715651135006
1628074842000,0.0
1628074872000,0.0006045949214026603
1628074902000,0.0006146281499692684
1628074932000,0.0
1628074962000,0.0
1628074992000,0.0006199628022318662
1628075022000,0.0
1628075052000,0.0
1628075082000,0.0006020469596628537
1628075112000,0.0
1628075142000,0.0
1628075172000,0.0
1628075202000,0.0
1628075232000,0.0
1628075262000,0.0
1628075292000,0.0006035003017501509
1628075322000,0.0006199628022318662
1628075352000,0.0006112469437652813
1628075382000,0.0006071645415907711
1628075412000,0.0
1628075442000,0.0005948839976204639
1628075472000,0.0
1628075502000,0.0006180469715698393
1628075532000,0.0006060606060606062
1628075562000,0.0
1628075592000,0.0006075334143377885
1628075622000,0.0
1628075652000,0.0006016847172081829
1628075682000,0.0
1628075712000,0.0
1628075742000,0.0
1628075772000,0.0
1628075802000,0.0
1628075832000,0.0006165228113440197
1628075862000,0.0005977286312014345
1628075892000,0.0006119951040391675
1628075922000,0.0006131207847946045
1628075952000,0.0
1628075982000,0.0
1628076012000,0.0
1628076042000,0.0006119951040391675
1628076072000,0.0
1628076102000,0.0
1628076132000,0.0006146281499692684
1628076162000,0.0
1628076192000,0.0006101281269066504
1628076222000,0.0
1628076252000,0.0
1628076282000,0.0
1628076312000,0.0
1628076342000,0.0
1628076372000,0.0
1628076402000,0.0006131207847946045
1628076432000,0.0
1628076462000,0.0
1628076492000,0.0
1628076522000,0.0
1628076552000,0.0
1628076582000,0.0
1628076612000,0.0006079027355623102
1628076642000,0.0
1628076672000,0.0
1628076702000,0.0
1628076732000,0.0006086427267194157
1628076762000,0.0
1628076792000,0.0006153846153846153
1628076822000,0.0006097560975609756
1628076852000,0.0
1628076882000,0.0005970149253731342
1628076912000,0.0
1628076942000,0.0
1628076972000,0.0
1628077002000,0.0
1628077032000,0.0
1628077062000,0.0
1628077092000,0.0
1628077122000,0.0
1628077152000,0.0
1628077182000,0.0006093845216331506
1628077212000,0.0
1628077242000,0.0
1628077272000,0.0006116207951070336
1628077302000,0.0
1628077332000,0.0
1628077362000,0.0
1628077392000,0.0
1628077422000,0.0006180469715698393
1628077452000,0.0
1628077482000,0.0006188118811881187
1628077512000,0.0006176652254478072
1628077542000,0.0
1628077572000,0.0
1628077602000,0.0012172854534388314
1628077632000,0.0
1628077662000,0.0
1628077692000,0.0
1628077722000,0.0006222775357809582
1628077752000,0.0
1628077782000,0.0006101281269066504
1628077812000,0.0
1628077842000,0.0006042296072507553
1628077872000,0.0
1628077902000,0.0
1628077932000,0.0006123698714023269
1628077962000,0.0
1628077992000,0.0
1628078022000,0.0006218905472636817
1628078052000,0.0
1628078082000,0.0
1628078112000,0.0
1628078142000,0.0
1628078172000,0.0
1628078202000,0.0006157635467980296
1628078232000,0.0
1628078262000,0.0006153846153846153
1628078292000,0.0006191950464396285
1628078322000,0.0
1628078352000,0.0
1628078382000,0.0006009615384615385
1628078412000,0.0
1628078442000,0.0
1628078472000,0.0006131207847946045
1628078502000,0.0
1628078532000,0.0
1628078562000,0.0
1628078592000,0.0006203473945409428
1628078622000,0.0
1628078652000,0.0006013229104028864
1628078682000,0.0
1628078712000,0.0006172839506172839
1628078742000,0.0006071645415907711
1628078772000,0.0
1628078802000,0.0
1628078832000,0.0006230529595015578
1628078862000,0.0
1628078892000,0.0
1628078922000,0.0006064281382656155
1628078952000,0.0005973715651135006
1628078982000,0.0
1628079012000,0.0006067961165048543
1628079042000,0.0
1628079072000,0.0
1628079102000,0.0
1628079132000,0.0006116207951070336
1628079162000,0.0
1628079192000,0.0
1628079222000,0.0006064281382656155
1628079252000,0.0
1628079282000,0.0006157635467980296
1628079312000,0.0
1628079342000,0.0006060606060606062
1628079372000,0.0
1628079402000,0.0
1628079432000,0.0
1628079462000,0.0006090133982947625
1628079492000,0.0
1628079522000,0.0006064281382656155
1628079552000,0.0
1628079582000,0.0
1628079612000,0.0
1628079642000,0.0005995203836930455
1628079672000,0.0
1628079702000,0.0
1628079732000,0.0
1628079762000,0.0
1628079792000,0.0005977286312014345
1628079822000,0.0
1628079852000,0.0
1628079882000,0.0
1628079912000,0.0
1628079942000,0.0006090133982947625
1628079972000,0.0
1628080002000,0.0
1628080032000,0.0
1628080062000,0.0
1628080092000,0.0005977286312014345
1628080122000,0.0
1628080152000,0.0
1628080182000,0.0006056935190793457
1628080212000,0.0
1628080242000,0.0006024096385542169
1628080272000,0.0
1628080302000,0.0006157635467980296
1628080332000,0.0
1628080362000,0.0
1628080392000,0.0
1628080422000,0.0005966587112171838
1628080452000,0.0006207324643078832
1628080482000,0.0
1628080512000,0.0
1628080542000,0.001218026796589525
1628080572000,0.0
1628080602000,0.0
1628080632000,0.0
1628080662000,0.0006165228113440197
1628080692000,0.0
1628080722000,0.0
1628080752000,0.0
1628080782000,0.0
1628080812000,0.0
1628080842000,0.0006082725060827251
1628080872000,0.0
1628080902000,0.0006024096385542169
1628080932000,0.0
1628080962000,0.0
1628080992000,0.0
1628081022000,0.0005988023952095807
1628081052000,0.0
1628081082000,0.0006134969325153375
1628081112000,0.0006108735491753207
1628081142000,0.0005977286312014345
1628081172000,0.0
1628081202000,0.0
1628081232000,0.0
1628081262000,0.0
1628081292000,0.0
1628081322000,0.0
1628081352000,0.0
1628081382000,0.0
1628081412000,0.0006188118811881187
1628081442000,0.0
1628081472000,0.0
1628081502000,0.0
1628081532000,0.0
1628081562000,0.0006203473945409428
1628081592000,0.0
1628081622000,0.0
1628081652000,0.0
1628081682000,0.0
1628081712000,0.0
1628081742000,0.0
1628081772000,0.0
1628081802000,0.0
1628081832000,0.0
1628081862000,0.0
1628081892000,0.0
1628081922000,0.0
1628081952000,0.0
1628081982000,0.0006180469715698393
1628082012000,0.0006180469715698393
1628082042000,0.0
1628082072000,0.0
1628082102000,0.0
1628082132000,0.0
1628082162000,0.0006169031462060457
1628082192000,0.0006119951040391675
1628082222000,0.0006053268765133173
1628082252000,0.0005988023952095807
1628082282000,0.0
1628082312000,0.0
1628082342000,0.0
1628082372000,0.0
1628082402000,0.0
1628082432000,0.0
1628082462000,0.0
1628082492000,0.0006038647342995169
1628082522000,0.0005963029218843173
1628082552000,0.0006082725060827251
1628082582000,0.0
1628082612000,0.0
1628082642000,0.0006027727546714887
1628082672000,0.0
1628082702000,0.0006031363088057902
1628082732000,0.0
1628082762000,0.0
1628082792000,0.0
1628082822000,0.0
1628082852000,0.0
1628082882000,0.0
1628082912000,0.0006127450980392157
1628082942000,0.0006184291898577612
1628082972000,0.0006127450980392157
1628083002000,0.0
1628083032000,0.0
1628083062000,0.0
1628083092000,0.0
1628083122000,0.0
1628083152000,0.0006165228113440197
1628083182000,0.0
1628083212000,0.0005998800239952009
1628083242000,0.0
1628083272000,0.0
1628083302000,0.0006161429451632778
1628083332000,0.0005973715651135006
1628083362000,0.0
1628083392000,0.0
1628083422000,0.0012322858903265556
1628083452000,0.0
1628083482000,0.0006086427267194157
1628083512000,0.0
1628083542000,0.0
1628083572000,0.0
1628083602000,0.0006079027355623102
1628083632000,0.0
1628083662000,0.0
1628083692000,0.0005995203836930455
1628083722000,0.0
1628083752000,0.0
1628083782000,0.0
1628083812000,0.0
1628083842000,0.0
1628083872000,0.0006071645415907711
1628083902000,0.0
1628083932000,0.0
1628083962000,0.0
1628083992000,0.0006035003017501509
1628084022000,0.0
1628084052000,0.0
1628084082000,0.0
1628084112000,0.0
1628084142000,0.0
1628084172000,0.0
1628084202000,0.0
1628084232000,0.0
1628084262000,0.0005998800239952009
1628084292000,0.0
1628084322000,0.0006123698714023269
1628084352000,0.0006138735420503376
1628084382000,0.0005966587112171838
1628084412000,0.0006131207847946045
1628084442000,0.0006016847172081829
1628084472000,0.0006082725060827251
1628084502000,0.0
1628084532000,0.0
1628084562000,0.0
1628084592000,0.0
1628084622000,0.0006169031462060457
1628084652000,0.0
1628084682000,0.0
1628084712000,0.0
1628084742000,0.0
1628084772000,0.0006203473945409428
1628084802000,0.0
1628084832000,0.0006049606775559589
1628084862000,0.0006127450980392157
1628084892000,0.0006042296072507553
1628084922000,0.0006112469437652813
1628084952000,0.0
1628084982000,0.0
1628085012000,0.0
1628085042000,0.0006049606775559589
1628085072000,0.0
1628085102000,0.0
1628085132000,0.0
1628085162000,0.0
1628085192000,0.0
1628085222000,0.0005984440454817473
1628085252000,0.0006188118811881187
1628085282000,0.0
1628085312000,0.0
1628085342000,0.0005998800239952009
1628085372000,0.0
1628085402000,0.0
1628085432000,0.0011862396204033216
1628085462000,0.0
1628085492000,0.0
1628085522000,0.0
1628085552000,0.0
1628085582000,0.0012300123001230013
1628085612000,0.0
1628085642000,0.0
1628085672000,0.0
1628085702000,0.0
1628085732000,0.0006075334143377885
1628085762000,0.0
1628085792000,0.0
1628085822000,0.0006165228113440197
1628085852000,0.0
1628085882000,0.0
1628085912000,0.0006176652254478072
1628085942000,0.0006157635467980296
1628085972000,0.0006049606775559589
1628086002000,0.0
1628086032000,0.0
1628086062000,0.0
1628086092000,0.0
1628086122000,0.0
1628086152000,0.0006101281269066504
1628086182000,0.0
1628086212000,0.0
1628086242000,0.0011904761904761904
1628086272000,0.0
1628086302000,0.0
1628086332000,0.0
1628086362000,0.0
1628086392000,0.0005941770647653001
1628086422000,0.0
1628086452000,0.0
1628086482000,0.0
1628086512000,0.0
1628086542000,0.0
1628086572000,0.0006064281382656155
1628086602000,0.0
1628086632000,0.0006067961165048543
1628086662000,0.0
1628086692000,0.0
1628086722000,0.0
1628086752000,0.0
1628086782000,0.0
1628086812000,0.0
1628086842000,0.0
1628086872000,0.0012345679012345679
1628086902000,0.0006169031462060457
1628086932000,0.0006153846153846153
1628086962000,0.0006093845216331506
1628086992000,0.0
1628087022000,0.0
1628087052000,0.0006146281499692684
1628087082000,0.0
1628087112000,0.0
1628087142000,0.0006146281499692684
1628087172000,0.0
1628087202000,0.0
1628087232000,0.0
1628087262000,0.0
1628087292000,0.0
1628087322000,0.0005970149253731342
1628087352000,0.0
1628087382000,0.0
1628087412000,0.0
1628087442000,0.0
1628087472000,0.0
1628087502000,0.0
1628087532000,0.0
1628087562000,0.001223990208078335
1628087592000,0.0
1628087622000,0.0006097560975609756
1628087652000,0.0006035003017501509
1628087682000,0.0005970149253731342
1628087712000,0.0
1628087742000,0.0
1628087772000,0.0005991611743559018
1628087802000,0.0012172854534388314
1628087832000,0.0
1628087862000,0.0006176652254478072
1628087892000,0.0
1628087922000,0.0
1628087952000,0.0
1628087982000,0.0006097560975609756
1628088012000,0.0005984440454817473
1628088042000,0.0
1628088072000,0.0
1628088102000,0.0006176652254478072
1628088132000,0.0006086427267194157
1628088162000,0.0006035003017501509
1628088192000,0.0
1628088222000,0.0006101281269066504
1628088252000,0.0
1628088282000,0.0
1628088312000,0.0
1628088342000,0.0
1628088372000,0.0
1628088402000,0.0
1628088432000,0.0
1628088462000,0.0
1628088492000,0.0012106537530266347
1628088522000,0.001195457262402869
1628088552000,0.0
1628088582000,0.0
1628088612000,0.0
1628088642000,0.0
1628088672000,0.0006142506142506142
1628088702000,0.0
1628088732000,0.0
1628088762000,0.0
1628088792000,0.0
1628088822000,0.0006180469715698393
1628088852000,0.0
1628088882000,0.0006138735420503376
1628088912000,0.0
1628088942000,0.0
1628088972000,0.0
1628089002000,0.0
1628089032000,0.0
1628089062000,0.0
1628089092000,0.0
1628089122000,0.0
1628089152000,0.0
1628089182000,0.0
1628089212000,0.0
1628089242000,0.0
1628089272000,0.0
1628089302000,0.0006134969325153375
1628089332000,0.0
1628089362000,0.0
1628089392000,0.0
1628089422000,0.0
1628089452000,0.0
1628089482000,0.0006153846153846153
1628089512000,0.0
1628089542000,0.0
1628089572000,0.0
1628089602000,0.0
1628089632000,0.0
1628089662000,0.0
1628089692000,0.0
1628089722000,0.0
1628089752000,0.0
1628089782000,0.0
1628089812000,0.0006086427267194157
1628089842000,0.0
1628089872000,0.0
1628089902000,0.0
1628089932000,0.0006142506142506142
1628089962000,0.0
1628089992000,0.0
1628090022000,0.0
1628090052000,0.0
1628090082000,0.0006165228113440197
1628090112000,0.0
1628090142000,0.0
1628090172000,0.0006071645415907711
1628090202000,0.0
1628090232000,0.0
1628090262000,0.0005998800239952009
1628090292000,0.0006112469437652813
1628090322000,0.0
1628090352000,0.0011976047904191614
1628090382000,0.0
1628090412000,0.0
1628090442000,0.0006079027355623102
1628090472000,0.0
1628090502000,0.0
1628090532000,0.0005913660555884093
1628090562000,0.0
1628090592000,0.0
1628090622000,0.0006060606060606062
1628090652000,0.0006064281382656155
1628090682000,0.0
1628090712000,0.0
1628090742000,0.0
1628090772000,0.0
1628090802000,0.0006257822277847308
1628090832000,0.0006127450980392157
1628090862000,0.0
1628090892000,0.0
1628090922000,0.0006207324643078832
1628090952000,0.0006049606775559589
1628090982000,0.0
1628091012000,0.0011897679952409279
1628091042000,0.0
1628091072000,0.0
1628091102000,0.0005984440454817473
1628091132000,0.0
1628091162000,0.0
1628091192000,0.0006086427267194157
1628091222000,0.0005927682276229994
1628091252000,0.0
1628091282000,0.0011862396204033216
1628091312000,0.0
1628091342000,0.0
1628091372000,0.0006131207847946045
1628091402000,0.0
1628091432000,0.0
1628091462000,0.0
1628091492000,0.0
1628091522000,0.0
1628091552000,0.0
1628091582000,0.0
1628091612000,0.0
1628091642000,0.0
1628091672000,0.0
1628091702000,0.0006142506142506142
1628091732000,0.0
1628091762000,0.0
1628091792000,0.0
1628091822000,0.0006082725060827251
1628091852000,0.0
1628091882000,0.0006031363088057902
1628091912000,0.0
1628091942000,0.0
1628091972000,0.0005977286312014345
1628092002000,0.0006105006105006105
1628092032000,0.0
1628092062000,0.0
1628092092000,0.0
1628092122000,0.0
1628092152000,0.0
1628092182000,0.0
1628092212000,0.0
1628092242000,0.0006093845216331506
1628092272000,0.0
1628092302000,0.0
1628092332000,0.0
1628092362000,0.0
1628092392000,0.0
1628092422000,0.0006105006105006105
1628092452000,0.0006142506142506142
1628092482000,0.0
1628092512000,0.0
1628092542000,0.0
1628092572000,0.0
1628092602000,0.0
1628092632000,0.0
1628092662000,0.0
1628092692000,0.0006013229104028864
1628092722000,0.0006093845216331506
1628092752000,0.0
1628092782000,0.0
1628092812000,0.0
1628092842000,0.0
1628092872000,0.0
1628092902000,0.0
1628092932000,0.0
1628092962000,0.0
1628092992000,0.0
1628093022000,0.0
1628093052000,0.0
1628093082000,0.0
1628093112000,0.0
1628093142000,0.0
1628093172000,0.0
1628093202000,0.0006169031462060457
1628093232000,0.0
1628093262000,0.0
1628093292000,0.0
1628093322000,0.0
1628093352000,0.0
1628093382000,0.0
1628093412000,0.0
1628093442000,0.0
1628093472000,0.0
1628093502000,0.0
1628093532000,0.0006038647342995169
1628093562000,0.0006035003017501509
1628093592000,0.001203369434416366
1628093622000,0.0006176652254478072
1628093652000,0.0
1628093682000,0.0006053268765133173
1628093712000,0.0006169031462060457
1628093742000,0.0006097560975609756
1628093772000,0.0006234413965087283
1628093802000,0.0
1628093832000,0.0006161429451632778
1628093862000,0.0006157635467980296
1628093892000,0.0
1628093922000,0.0006090133982947625
1628093952000,0.0
1628093982000,0.0
1628094012000,0.0
1628094042000,0.0
1628094072000,0.0
1628094102000,0.0
1628094132000,0.0
1628094162000,0.0
1628094192000,0.0
1628094222000,0.0006169031462060457
1628094252000,0.0
1628094282000,0.0
1628094312000,0.0
1628094342000,0.0
1628094372000,0.0
1628094402000,0.0
1628094432000,0.0
1628094462000,0.0012285012285012285
1628094492000,0.0
1628094522000,0.0
1628094552000,0.0006153846153846153
1628094582000,0.0
1628094612000,0.0006153846153846153
1628094642000,0.0006127450980392157
1628094672000,0.0005959475566150177
1628094702000,0.0
1628094732000,0.0
1628094762000,0.0006108735491753207
1628094792000,0.0006064281382656155
1628094822000,0.0006142506142506142
1628094852000,0.0
1628094882000,0.0006093845216331506
1628094912000,0.0
1628094942000,0.0
1628094972000,0.0
1628095002000,0.0
1628095032000,0.0
1628095062000,0.0
1628095092000,0.0
1628095122000,0.0
1628095152000,0.0
1628095182000,0.0006131207847946045
1628095212000,0.0006045949214026603
1628095242000,0.0
1628095272000,0.0
1628095302000,0.0
1628095332000,0.0
1628095362000,0.0006108735491753207
1628095392000,0.0
1628095422000,0.0
1628095452000,0.0
1628095482000,0.0
1628095512000,0.0
1628095542000,0.0
1628095572000,0.0
1628095602000,0.0006119951040391675
1628095632000,0.0
1628095662000,0.0
1628095692000,0.0
1628095722000,0.0
1628095752000,0.0
1628095782000,0.0
1628095812000,0.0
1628095842000,0.0
1628095872000,0.0
1628095902000,0.0
1628095932000,0.0
1628095962000,0.0
1628095992000,0.0
1628096022000,0.0
1628096052000,0.0
1628096082000,0.0012338062924120911
1628096112000,0.0
1628096142000,0.0005980861244019139
1628096172000,0.0006009615384615385
1628096202000,0.0
1628096232000,0.0
1628096262000,0.0006123698714023269
1628096292000,0.0
1628096322000,0.0
1628096352000,0.0
1628096382000,0.0006176652254478072
1628096412000,0.0
1628096442000,0.0006093845216331506
1628096472000,0.0
1628096502000,0.0005998800239952009
1628096532000,0.0006195786864931846
1628096562000,0.0
1628096592000,0.0005991611743559018
1628096622000,0.0
1628096652000,0.0
1628096682000,0.0006097560975609756
1628096712000,0.0
1628096742000,0.0006108735491753207
1628096772000,0.0006082725060827251
1628096802000,0.0005977286312014345
1628096832000,0.0
1628096862000,0.0
1628096892000,0.0
1628096922000,0.0
1628096952000,0.0006146281499692684
1628096982000,0.0
1628097012000,0.0
1628097042000,0.0
1628097072000,0.0
1628097102000,0.0
1628097132000,0.0
1628097162000,0.0
1628097192000,0.0
1628097222000,0.0005995203836930455
1628097252000,0.0012091898428053206
1628097282000,0.0
1628097312000,0.0
1628097342000,0.0
1628097372000,0.0006153846153846153
1628097402000,0.0
1628097432000,0.0005959475566150177
1628097462000,0.0
1628097492000,0.0
1628097522000,0.0
1628097552000,0.0
1628097582000,0.0
1628097612000,0.0
1628097642000,0.0
1628097672000,0.0
1628097702000,0.0
1628097732000,0.0
1628097762000,0.0
1628097792000,0.0006161429451632778
1628097822000,0.0
1628097852000,0.0006027727546714887
1628097882000,0.0
1628097912000,0.0006119951040391675
1628097942000,0.0
1628097972000,0.0
1628098002000,0.0005966587112171838
1628098032000,0.0
1628098062000,0.0006131207847946045
1628098092000,0.0
1628098122000,0.0
1628098152000,0.0
1628098182000,0.0
1628098212000,0.0
1628098242000,0.0
1628098272000,0.0
1628098302000,0.0
1628098332000,0.0
1628098362000,0.0
1628098392000,0.0006027727546714887
1628098422000,0.0006038647342995169
1628098452000,0.0006218905472636817
1628098482000,0.0
1628098512000,0.0
1628098542000,0.0
1628098572000,0.0
1628098602000,0.0
1628098632000,0.0006049606775559589
1628098662000,0.0
1628098692000,0.0006031363088057902
1628098722000,0.0006067961165048543
1628098752000,0.0006016847172081829
1628098782000,0.0006045949214026603
1628098812000,0.0
1628098842000,0.0
1628098872000,0.0006082725060827251
1628098902000,0.0
1628098932000,0.0005988023952095807
1628098962000,0.0
1628098992000,0.0
1628099022000,0.0006020469596628537
1628099052000,0.0006082725060827251
1628099082000,0.0
1628099112000,0.0006093845216331506
1628099142000,0.0
1628099172000,0.0
1628099202000,0.0
1628099232000,0.0006131207847946045
1628099262000,0.0
1628099292000,0.0006020469596628537
1628099322000,0.0006031363088057902
1628099352000,0.0
1628099382000,0.0
1628099412000,0.0
1628099442000,0.0
1628099472000,0.0006027727546714887
1628099502000,0.0006101281269066504
1628099532000,0.0
1628099562000,0.0006045949214026603
1628099592000,0.0
1628099622000,0.0
1628099652000,0.0006053268765133173
1628099682000,0.0006261740763932372
1628099712000,0.0
1628099742000,0.0012077294685990338
1628099772000,0.0006082725060827251
1628099802000,0.0006146281499692684
1628099832000,0.0006112469437652813
1628099862000,0.0
1628099892000,0.0006142506142506142
1628099922000,0.0
1628099952000,0.0006116207951070336
1628099982000,0.0
1628100012000,0.0
1628100042000,0.0
1628100072000,0.0
1628100102000,0.0
1628100132000,0.0
1628100162000,0.0
1628100192000,0.0
1628100222000,0.0
1628100252000,0.0006090133982947625
1628100282000,0.0
1628100312000,0.0
1628100342000,0.0
1628100372000,0.0006180469715698393
1628100402000,0.0
1628100432000,0.0
1628100462000,0.0006082725060827251
1628100492000,0.0006009615384615385
1628100522000,0.0
1628100552000,0.0
1628100582000,0.0
1628100612000,0.0
1628100642000,0.0
1628100672000,0.0006116207951070336
1628100702000,0.0
1628100732000,0.0006142506142506142
1628100762000,0.0
1628100792000,0.0
1628100822000,0.0
1628100852000,0.0012391573729863693
1628100882000,0.0
1628100912000,0.0
1628100942000,0.0
1628100972000,0.0012135922330097086
1628101002000,0.0
1628101032000,0.0006009615384615385
1628101062000,0.0
1628101092000,0.0
1628101122000,0.0
1628101152000,0.0005955926146515784
1628101182000,0.0
1628101212000,0.0
1628101242000,0.0006064281382656155
1628101272000,0.0006093845216331506
1628101302000,0.0
1628101332000,0.0
1628101362000,0.0
1628101392000,0.0
1628101422000,0.0006079027355623102
1628101452000,0.0
1628101482000,0.0006146281499692684
1628101512000,0.0
1628101542000,0.0006009615384615385
1628101572000,0.0
1628101602000,0.0006119951040391675
1628101632000,0.0
1628101662000,0.0
1628101692000,0.0012106537530266347
1628101722000,0.0006042296072507553
1628101752000,0.0
1628101782000,0.0012254901960784314
1628101812000,0.0
1628101842000,0.0
1628101872000,0.0006191950464396285
1628101902000,0.0006165228113440197
1628101932000,0.0
1628101962000,0.0
1628101992000,0.0
1628102022000,0.0
1628102052000,0.0012338062924120911
1628102082000,0.0
1628102112000,0.0
1628102142000,0.0006142506142506142
1628102172000,0.0
1628102202000,0.0
1628102232000,0.0006169031462060457
1628102262000,0.0005973715651135006
1628102292000,0.0006093845216331506
1628102322000,0.0
1628102352000,0.0
1628102382000,0.0
1628102412000,0.0
1628102442000,0.0
1628102472000,0.0006038647342995169
1628102502000,0.0
1628102532000,0.0006031363088057902
1628102562000,0.0
1628102592000,0.0006172839506172839
1628102622000,0.0006031363088057902
1628102652000,0.0006134969325153375
1628102682000,0.0
1628102712000,0.0
1628102742000,0.0006097560975609756
1628102772000,0.0
1628102802000,0.0006119951040391675
1628102832000,0.0
1628102862000,0.0006123698714023269
1628102892000,0.0
1628102922000,0.0006093845216331506
1628102952000,0.0006093845216331506
1628102982000,0.0006123698714023269
1628103012000,0.0005973715651135006
1628103042000,0.0
1628103072000,0.0
1628103102000,0.0
1628103132000,0.0
1628103162000,0.0
1628103192000,0.0
1628103222000,0.0006093845216331506
1628103252000,0.0
1628103282000,0.0006060606060606062
1628103312000,0.0006009615384615385
1628103342000,0.0
1628103372000,0.0006016847172081829
1628103402000,0.0
1628103432000,0.001212856276531231
1628103462000,0.0
1628103492000,0.0
1628103522000,0.0
1628103552000,0.0
1628103582000,0.0
1628103612000,0.0006079027355623102
1628103642000,0.0006067961165048543
1628103672000,0.0006207324643078832
1628103702000,0.0006211180124223603
1628103732000,0.0
1628103762000,0.0
1628103792000,0.0
1628103822000,0.0
1628103852000,0.0
1628103882000,0.0
1628103912000,0.0006093845216331506
1628103942000,0.0
1628103972000,0.0006090133982947625
1628104002000,0.0006142506142506142
1628104032000,0.0006138735420503376
1628104062000,0.0
1628104092000,0.0
1628104122000,0.0006090133982947625
1628104152000,0.0
1628104182000,0.0
1628104212000,0.0
1628104242000,0.0006079027355623102
1628104272000,0.0
1628104302000,0.0005995203836930455
1628104332000,0.0
1628104362000,0.0011911852293031567
1628104392000,0.0005963029218843173
1628104422000,0.0
1628104452000,0.0006090133982947625
1628104482000,0.0
1628104512000,0.0
1628104542000,0.0
1628104572000,0.0
1628104602000,0.0
1628104632000,0.0
1628104662000,0.0006191950464396285
1628104692000,0.0006090133982947625
1628104722000,0.0006053268765133173
1628104752000,0.0006002400960384152
1628104782000,0.0
1628104812000,0.0005995203836930455
1628104842000,0.0
1628104872000,0.0006108735491753207
1628104902000,0.0
1628104932000,0.0
1628104962000,0.0
1628104992000,0.0
1628105022000,0.0
1628105052000,0.0
1628105082000,0.0
1628105112000,0.0
1628105142000,0.0
1628105172000,0.0
1628105202000,0.0006211180124223603
1628105232000,0.0006157635467980296
1628105262000,0.0
1628105292000,0.0006153846153846153
1628105322000,0.0
1628105352000,0.0
1628105382000,0.0
1628105412000,0.0
1628105442000,0.0006049606775559589
1628105472000,0.0006153846153846153
1628105502000,0.0
1628105532000,0.0
1628105562000,0.0
1628105592000,0.0
1628105622000,0.0
1628105652000,0.0
1628105682000,0.0006131207847946045
1628105712000,0.0
1628105742000,0.0006079027355623102
1628105772000,0.0
1628105802000,0.0
1628105832000,0.0
1628105862000,0.0006038647342995169
1628105892000,0.0
1628105922000,0.0005995203836930455
1628105952000,0.0
1628105982000,0.0
1628106012000,0.0006176652254478072
1628106042000,0.0
1628106072000,0.0
1628106102000,0.0
1628106132000,0.0005955926146515784
1628106162000,0.0006042296072507553
1628106192000,0.0006079027355623102
1628106222000,0.0
1628106252000,0.0006108735491753207
1628106282000,0.0006060606060606062
1628106312000,0.0
1628106342000,0.0006105006105006105
1628106372000,0.0
1628106402000,0.0
1628106432000,0.0005998800239952009
1628106462000,0.0
1628106492000,0.0006146281499692684
1628106522000,0.0
1628106552000,0.0
1628106582000,0.0
1628106612000,0.0
1628106642000,0.0
1628106672000,0.0
1628106702000,0.0
1628106732000,0.0006105006105006105
1628106762000,0.0006075334143377885
1628106792000,0.0
1628106822000,0.0
1628106852000,0.0
1628106882000,0.0
1628106912000,0.0
1628106942000,0.0
1628106972000,0.0
1628107002000,0.0
1628107032000,0.0
1628107062000,0.0
1628107092000,0.0
1628107122000,0.0
1628107152000,0.0006064281382656155
1628107182000,0.0
1628107212000,0.0
1628107242000,0.0006176652254478072
1628107272000,0.0006097560975609756
1628107302000,0.0
1628107332000,0.0006075334143377885
1628107362000,0.0
1628107392000,0.0
1628107422000,0.0
1628107452000,0.0
1628107482000,0.0
1628107512000,0.0
1628107542000,0.0006038647342995169
1628107572000,0.0
1628107602000,0.0
1628107632000,0.0
1628107662000,0.0
1628107692000,0.0
1628107722000,0.0
1628107752000,0.0006079027355623102
1628107782000,0.0006127450980392157
1628107812000,0.0
1628107842000,0.0006153846153846153
1628107872000,0.0006119951040391675
1628107902000,0.0
1628107932000,0.0
1628107962000,0.0
1628107992000,0.0
1628108022000,0.0006112469437652813
1628108052000,0.0
1628108082000,0.0006002400960384152
1628108112000,0.0
1628108142000,0.0
1628108172000,0.0006002400960384152
1628108202000,0.0
1628108232000,0.0
1628108262000,0.0
1628108292000,0.0
1628108322000,0.0
1628108352000,0.0006203473945409428
1628108382000,0.0
1628108412000,0.0006071645415907711
1628108442000,0.0
1628108472000,0.0006009615384615385
1628108502000,0.0006002400960384152
1628108532000,0.0
1628108562000,0.0
1628108592000,0.0
1628108622000,0.0
1628108652000,0.0006142506142506142
1628108682000,0.0
1628108712000,0.0006038647342995169
1628108742000,0.0
1628108772000,0.0
1628108802000,0.0006035003017501509
1628108832000,0.0
1628108862000,0.0
1628108892000,0.0
1628108922000,0.0006038647342995169
1628108952000,0.0
1628108982000,0.0006082725060827251
1628109012000,0.0
1628109042000,0.0
1628109072000,0.0006108735491753207
1628109102000,0.0006150061500615006
1628109132000,0.0
1628109162000,0.0
1628109192000,0.0
1628109222000,0.0
1628109252000,0.0
1628109282000,0.0006075334143377885
1628109312000,0.0
1628109342000,0.0
1628109372000,0.0
1628109402000,0.0
1628109432000,0.0
1628109462000,0.0006053268765133173
1628109492000,0.0
1628109522000,0.0
1628109552000,0.0
1628109582000,0.0006020469596628537
1628109612000,0.0
1628109642000,0.0
1628109672000,0.0006119951040391675
1628109702000,0.0
1628109732000,0.001215066828675577
1628109762000,0.0
1628109792000,0.0
1628109822000,0.0
1628109852000,0.0
1628109882000,0.0
1628109912000,0.0012195121951219512
1628109942000,0.0
1628109972000,0.0006150061500615006
1628110002000,0.0
1628110032000,0.0
1628110062000,0.0
1628110092000,0.0005966587112171838
1628110122000,0.0
1628110152000,0.0006188118811881187
1628110182000,0.0
1628110212000,0.0
1628110242000,0.0
1628110272000,0.0
1628110302000,0.0
1628110332000,0.0006105006105006105
1628110362000,0.0
1628110392000,0.0006042296072507553
1628110422000,0.0006024096385542169
1628110452000,0.0006064281382656155
1628110482000,0.0006093845216331506
1628110512000,0.0006203473945409428
1628110542000,0.0
1628110572000,0.0006064281382656155
1628110602000,0.0
1628110632000,0.0
1628110662000,0.0005988023952095807
1628110692000,0.0
1628110722000,0.0
1628110752000,0.0006038647342995169
1628110782000,0.0
1628110812000,0.0006075334143377885
1628110842000,0.0
1628110872000,0.0
1628110902000,0.0
1628110932000,0.0
1628110962000,0.0
1628110992000,0.0005952380952380952
1628111022000,0.0
1628111052000,0.0006134969325153375
1628111082000,0.0
1628111112000,0.0
1628111142000,0.0
1628111172000,0.0
1628111202000,0.0
1628111232000,0.0
1628111262000,0.0006172839506172839
1628111292000,0.0
1628111322000,0.0
1628111352000,0.0
1628111382000,0.0006075334143377885
1628111412000,0.0
1628111442000,0.0005948839976204639
1628111472000,0.0
1628111502000,0.0
1628111532000,0.0
1628111562000,0.0
1628111592000,0.0
1628111622000,0.0006093845216331506
1628111652000,0.0
1628111682000,0.0006016847172081829
1628111712000,0.0
1628111742000,0.0
1628111772000,0.0
1628111802000,0.0
1628111832000,0.001203369434416366
1628111862000,0.0
1628111892000,0.0
1628111922000,0.0
1628111952000,0.0006112469437652813
1628111982000,0.0
1628112012000,0.0005995203836930455
1628112042000,0.0011820330969267141
1628112072000,0.0
1628112102000,0.0
1628112132000,0.0
1628112162000,0.0
1628112192000,0.0006064281382656155
1628112222000,0.0
1628112252000,0.0
1628112282000,0.0
1628112312000,0.0006038647342995169
1628112342000,0.0
1628112372000,0.0
1628112402000,0.00121580547112462
1628112432000,0.0005995203836930455
1628112462000,0.0
1628112492000,0.0
1628112522000,0.0006038647342995169
1628112552000,0.0
1628112582000,0.0006161429451632778
1628112612000,0.0005917159763313611
1628112642000,0.0006108735491753207
1628112672000,0.0
1628112702000,0.0
1628112732000,0.0
1628112762000,0.0
1628112792000,0.0
1628112822000,0.0005948839976204639
1628112852000,0.0
1628112882000,0.0
1628112912000,0.0
1628112942000,0.0
1628112972000,0.0
1628113002000,0.0006138735420503376
1628113032000,0.0005938242280285036
1628113062000,0.0
1628113092000,0.0005977286312014345
1628113122000,0.0
1628113152000,0.0
1628113182000,0.0
1628113212000,0.0006146281499692684
1628113242000,0.0
1628113272000,0.0006009615384615385
1628113302000,0.0
1628113332000,0.0
1628113362000,0.0
1628113392000,0.0
1628113422000,0.0
1628113452000,0.0
1628113482000,0.0005827505827505828
1628113512000,0.0
1628113542000,0.0
1628113572000,0.0
1628113602000,0.0
1628113632000,0.0
1628113662000,0.0
1628113692000,0.0005966587112171838
1628113722000,0.0
1628113752000,0.0006086427267194157
1628113782000,0.0
1628113812000,0.0
1628113842000,0.0006035003017501509
1628113872000,0.0
1628113902000,0.0006016847172081829
1628113932000,0.0
1628113962000,0.0006211180124223603
1628113992000,0.0
1628114022000,0.0005977286312014345
1628114052000,0.0
1628114082000,0.0
1628114112000,0.0
1628114142000,0.0
1628114172000,0.0
1628114202000,0.0
1628114232000,0.0006056935190793457
1628114262000,0.0
1628114292000,0.0
1628114322000,0.0
1628114352000,0.0006146281499692684
1628114382000,0.0
1628114412000,0.0006053268765133173
1628114442000,0.0011983223487118035
1628114472000,0.0005955926146515784
1628114502000,0.0006203473945409428
1628114532000,0.0006071645415907711
1628114562000,0.0006123698714023269
1628114592000,0.0
1628114622000,0.0
1628114652000,0.0
1628114682000,0.0
1628114712000,0.0005995203836930455
1628114742000,0.0
1628114772000,0.0
1628114802000,0.0
1628114832000,0.0005924170616113746
1628114862000,0.0
1628114892000,0.0
1628114922000,0.0
1628114952000,0.0005917159763313611
1628114982000,0.0005970149253731342
1628115012000,0.0005966587112171838
1628115042000,0.0
1628115072000,0.0
1628115102000,0.0
1628115132000,0.0
1628115162000,0.0
1628115192000,0.0
1628115222000,0.0005980861244019139
1628115252000,0.0
1628115282000,0.0006013229104028864
1628115312000,0.0
1628115342000,0.0
1628115372000,0.0
1628115402000,0.0
1628115432000,0.0
1628115462000,0.0006131207847946045
1628115492000,0.0
1628115522000,0.0
1628115552000,0.0
1628115582000,0.0
1628115612000,0.0
1628115642000,0.0
1628115672000,0.0
1628115702000,0.0006071645415907711
1628115732000,0.0
1628115762000,0.0006020469596628537
1628115792000,0.0
1628115822000,0.0
1628115852000,0.0
1628115882000,0.0006127450980392157
1628115912000,0.0
1628115942000,0.0006112469437652813
1628115972000,0.0
1628116002000,0.0006123698714023269
1628116032000,0.0
1628116062000,0.0
1628116092000,0.0
1628116122000,0.0006093845216331506
1628116152000,0.0
1628116182000,0.0
1628116212000,0.0006071645415907711
1628116242000,0.0005984440454817473
1628116272000,0.0006053268765133173
1628116302000,0.0
1628116332000,0.0
1628116362000,0.0005931198102016608
1628116392000,0.0
1628116422000,0.0005995203836930455
1628116452000,0.0
1628116482000,0.0
1628116512000,0.0006006006006006006
1628116542000,0.0005834305717619603
1628116572000,0.0
1628116602000,0.0
1628116632000,0.0006105006105006105
1628116662000,0.0
1628116692000,0.0
1628116722000,0.0005991611743559018
1628116752000,0.0006024096385542169
1628116782000,0.0
1628116812000,0.0005920663114268798
1628116842000,0.0
1628116872000,0.0006064281382656155
1628116902000,0.0
1628116932000,0.0006230529595015578
1628116962000,0.0006105006105006105
1628116992000,0.0006172839506172839
1628117022000,0.0006127450980392157
1628117052000,0.0006146281499692684
1628117082000,0.0006013229104028864
1628117112000,0.0006101281269066504
1628117142000,0.0005991611743559018
1628117172000,0.0
1628117202000,0.0
1628117232000,0.0005868544600938967
1628117262000,0.0
1628117292000,0.0
1628117322000,0.0
1628117352000,0.0005970149253731342
1628117382000,0.0006199628022318662
1628117412000,0.0
1628117442000,0.0006016847172081829
1628117472000,0.0
1628117502000,0.0006093845216331506
1628117532000,0.0006086427267194157
1628117562000,0.0
1628117592000,0.0
1628117622000,0.0
1628117652000,0.0
1628117682000,0.0
1628117712000,0.0
1628117742000,0.0
1628117772000,0.0006013229104028864
1628117802000,0.0006105006105006105
1628117832000,0.0
1628117862000,0.0
1628117892000,0.0
1628117922000,0.0
1628117952000,0.0
1628117982000,0.0005903187721369539
1628118012000,0.0
1628118042000,0.0006105006105006105
1628118072000,0.0006031363088057902
1628118102000,0.0005948839976204639
1628118132000,0.0
1628118162000,0.0006097560975609756
1628118192000,0.0
1628118222000,0.0
1628118252000,0.0006056935190793457
1628118282000,0.0005959475566150177
1628118312000,0.0
1628118342000,0.0
1628118372000,0.0006131207847946045
1628118402000,0.0
1628118432000,0.0
1628118462000,0.0006112469437652813
1628118492000,0.0
1628118522000,0.0
1628118552000,0.0
1628118582000,0.0005952380952380952
1628118612000,0.0
1628118642000,0.0
1628118672000,0.0
1628118702000,0.0
1628118732000,0.0005955926146515784
1628118762000,0.0
1628118792000,0.0
1628118822000,0.0
1628118852000,0.0
1628118882000,0.0006038647342995169
1628118912000,0.0
1628118942000,0.0006142506142506142
1628118972000,0.0
1628119002000,0.0
1628119032000,0.0
1628119062000,0.0006006006006006006
1628119092000,0.0
1628119122000,0.0
1628119152000,0.0
1628119182000,0.0
1628119212000,0.0
1628119242000,0.0
1628119272000,0.0
1628119302000,0.0006082725060827251
1628119332000,0.0005984440454817473
1628119362000,0.0
1628119392000,0.0
1628119422000,0.0
1628119452000,0.0
1628119482000,0.0012004801920768304
1628119512000,0.0
1628119542000,0.0005984440454817473
1628119572000,0.0
1628119602000,0.0006082725060827251
1628119632000,0.0
1628119662000,0.0006060606060606062
1628119692000,0.0
1628119722000,0.0
1628119752000,0.0
1628119782000,0.0
1628119812000,0.0
1628119842000,0.0
1628119872000,0.0
1628119902000,0.0
1628119932000,0.0
1628119962000,0.0
1628119992000,0.0006064281382656155
1628120022000,0.0
1628120052000,0.0
1628120082000,0.0
1628120112000,0.0005970149253731342
1628120142000,0.0
1628120172000,0.0
1628120202000,0.0
1628120232000,0.0006013229104028864
1628120262000,0.0
1628120292000,0.0005977286312014345
1628120322000,0.0
1628120352000,0.0006060606060606062
1628120382000,0.0
1628120412000,0.0
1628120442000,0.0
1628120472000,0.0
1628120502000,0.0
1628120532000,0.0
1628120562000,0.0006138735420503376
1628120592000,0.0
1628120622000,0.0
1628120652000,0.0
1628120682000,0.0
1628120712000,0.0006071645415907711
1628120742000,0.0
1628120772000,0.0
1628120802000,0.0006038647342995169
1628120832000,0.0
1628120862000,0.0
1628120892000,0.0
1628120922000,0.0
1628120952000,0.0
1628120982000,0.0006045949214026603
1628121012000,0.0006016847172081829
1628121042000,0.0
1628121072000,0.0006042296072507553
1628121102000,0.0
1628121132000,0.0
1628121162000,0.0
1628121192000,0.0
1628121222000,0.0
1628121252000,0.0
1628121282000,0.0005955926146515784
1628121312000,0.0
1628121342000,0.0
1628121372000,0.0
1628121402000,0.0
1628121432000,0.0
1628121462000,0.0005837711617046117
1628121492000,0.0
1628121522000,0.0006222775357809582
1628121552000,0.0006024096385542169
1628121582000,0.0
1628121612000,0.0
1628121642000,0.0006060606060606062
1628121672000,0.0
1628121702000,0.0
1628121732000,0.0
1628121762000,0.0
1628121792000,0.0
1628121822000,0.0
1628121852000,0.0006075334143377885
1628121882000,0.0006138735420503376
1628121912000,0.0006097560975609756
1628121942000,0.0
1628121972000,0.0
1628122002000,0.0006027727546714887
1628122032000,0.0
1628122062000,0.0
1628122092000,0.0005917159763313611
1628122122000,0.0
1628122152000,0.0006142506142506142
1628122182000,0.0005995203836930455
1628122212000,0.0
1628122242000,0.0
1628122272000,0.0
1628122302000,0.0006112469437652813
1628122332000,0.0006002400960384152
1628122362000,0.0006203473945409428
1628122392000,0.0
1628122422000,0.0006086427267194157
1628122452000,0.0
1628122482000,0.0
1628122512000,0.0
1628122542000,0.0
1628122572000,0.0006101281269066504
1628122602000,0.0
1628122632000,0.0
1628122662000,0.0
1628122692000,0.0005977286312014345
1628122722000,0.0
1628122752000,0.0006031363088057902
1628122782000,0.0
1628122812000,0.0
1628122842000,0.0
1628122872000,0.0
1628122902000,0.0
1628122932000,0.0
1628122962000,0.0006165228113440197
1628122992000,0.0
1628123022000,0.0
1628123052000,0.0
1628123082000,0.0
1628123112000,0.0006038647342995169
1628123142000,0.0
1628123172000,0.0
1628123202000,0.0006131207847946045
1628123232000,0.0
1628123262000,0.001201923076923077
1628123292000,0.0
1628123322000,0.0006009615384615385
1628123352000,0.0
1628123382000,0.0
1628123412000,0.0
1628123442000,0.0
1628123472000,0.0
1628123502000,0.0
1628123532000,0.0
1628123562000,0.0011997600479904018
1628123592000,0.0
1628123622000,0.0
1628123652000,0.0006035003017501509
1628123682000,0.0006215040397762585
1628123712000,0.0
1628123742000,0.0
1628123772000,0.0006002400960384152
1628123802000,0.0
1628123832000,0.0
1628123862000,0.0006086427267194157
1628123892000,0.0
1628123922000,0.0
1628123952000,0.0
1628123982000,0.0006105006105006105
1628124012000,0.0
1628124042000,0.0006016847172081829
1628124072000,0.0006016847172081829
1628124102000,0.0
1628124132000,0.0005988023952095807
1628124162000,0.0
1628124192000,0.0005966587112171838
1628124222000,0.0006127450980392157
1628124252000,0.0005995203836930455
1628124282000,0.0
1628124312000,0.0
1628124342000,0.0005955926146515784
1628124372000,0.0
1628124402000,0.0006042296072507553
1628124432000,0.0
1628124462000,0.0
1628124492000,0.0
1628124522000,0.0
1628124552000,0.0
1628124582000,0.0011897679952409279
1628124612000,0.0006071645415907711
1628124642000,0.0
1628124672000,0.0
1628124702000,0.0
1628124732000,0.0
1628124762000,0.0011792452830188679
1628124792000,0.0
1628124822000,0.0
1628124852000,0.0
1628124882000,0.0
1628124912000,0.0
1628124942000,0.0006226650062266501
1628124972000,0.0
1628125002000,0.0006056935190793457
1628125032000,0.0006027727546714887
1628125062000,0.0
1628125092000,0.0005878894767783657
1628125122000,0.0
1628125152000,0.0006134969325153375
1628125182000,0.0
1628125212000,0.0
1628125242000,0.0
1628125272000,0.0
1628125302000,0.0
1628125332000,0.0
1628125362000,0.0
1628125392000,0.0
1628125422000,0.0
1628125452000,0.0006184291898577612
1628125482000,0.0
1628125512000,0.0
1628125542000,0.0
1628125572000,0.0006165228113440197
1628125602000,0.0
1628125632000,0.0006013229104028864
1628125662000,0.0006138735420503376
1628125692000,0.0
1628125722000,0.0006016847172081829
1628125752000,0.0
1628125782000,0.0006112469437652813
1628125812000,0.0
1628125842000,0.0
1628125872000,0.0
1628125902000,0.0006060606060606062
1628125932000,0.0005924170616113746
1628125962000,0.0
1628125992000,0.0006082725060827251
1628126022000,0.0006038647342995169
1628126052000,0.0
1628126082000,0.0005980861244019139
1628126112000,0.0006161429451632778
1628126142000,0.0006016847172081829
1628126172000,0.0
1628126202000,0.0006191950464396285
1628126232000,0.0
1628126262000,0.0
1628126292000,0.0
1628126322000,0.0
1628126352000,0.0
1628126382000,0.0
1628126412000,0.0
1628126442000,0.0006108735491753207
1628126472000,0.0
1628126502000,0.0
1628126532000,0.0
1628126562000,0.0006064281382656155
1628126592000,0.0
1628126622000,0.0
1628126652000,0.0
1628126682000,0.001223990208078335
1628126712000,0.0006006006006006006
1628126742000,0.0005984440454817473
1628126772000,0.0
1628126802000,0.0
1628126832000,0.0006180469715698393
1628126862000,0.0006013229104028864
1628126892000,0.0
1628126922000,0.0
1628126952000,0.0
1628126982000,0.0
1628127012000,0.001201923076923077
1628127042000,0.0005995203836930455
1628127072000,0.0
1628127102000,0.0006013229104028864
1628127132000,0.0
1628127162000,0.0
1628127192000,0.0
1628127222000,0.0006211180124223603
1628127252000,0.0006053268765133173
1628127282000,0.0
1628127312000,0.0
1628127342000,0.0
1628127372000,0.0
1628127402000,0.0
1628127432000,0.0
1628127462000,0.0
1628127492000,0.0
1628127522000,0.0
1628127552000,0.0
1628127582000,0.0
1628127612000,0.0005998800239952009
1628127642000,0.0
1628127672000,0.0
1628127702000,0.0
1628127732000,0.0006060606060606062
1628127762000,0.0006165228113440197
1628127792000,0.0
1628127822000,0.0
1628127852000,0.0
1628127882000,0.0
1628127912000,0.0
1628127942000,0.0
1628127972000,0.0
1628128002000,0.0
1628128032000,0.0
1628128062000,0.0006045949214026603
1628128092000,0.0
1628128122000,0.0
1628128152000,0.0006157635467980296
1628128182000,0.0
1628128212000,0.0005988023952095807
1628128242000,0.0
1628128272000,0.0006119951040391675
1628128302000,0.0
1628128332000,0.0006024096385542169
1628128362000,0.0
1628128392000,0.0006131207847946045
1628128422000,0.0006108735491753207
1628128452000,0.0
1628128482000,0.0006024096385542169
1628128512000,0.0011771630370806356
1628128542000,0.0
1628128572000,0.0
1628128602000,0.0
1628128632000,0.0
1628128662000,0.0006009615384615385
1628128692000,0.0006056935190793457
1628128722000,0.0006191950464396285
1628128752000,0.0
1628128782000,0.0
1628128812000,0.0
1628128842000,0.0006101281269066504
1628128872000,0.0
1628128902000,0.0
1628128932000,0.0006188118811881187
1628128962000,0.0
1628128992000,0.0
1628129022000,0.0
1628129052000,0.0
1628129082000,0.0005991611743559018
1628129112000,0.0
1628129142000,0.0
1628129172000,0.0005995203836930455
1628129202000,0.0006116207951070336
1628129232000,0.0006020469596628537
1628129262000,0.0
1628129292000,0.0
1628129322000,0.0
1628129352000,0.0
1628129382000,0.0
1628129412000,0.0006105006105006105
1628129442000,0.0
1628129472000,0.0
1628129502000,0.0005924170616113746
1628129532000,0.0
1628129562000,0.0
1628129592000,0.0005910165484633571
1628129622000,0.0005980861244019139
1628129652000,0.0
1628129682000,0.0
1628129712000,0.0
1628129742000,0.0006031363088057902
1628129772000,0.0005896226415094339
1628129802000,0.0
1628129832000,0.0
1628129862000,0.0
1628129892000,0.0
1628129922000,0.0006101281269066504
1628129952000,0.0
1628129982000,0.0
1628130012000,0.0
1628130042000,0.0
1628130072000,0.0005875440658049354
1628130102000,0.0005945303210463732
1628130132000,0.0
1628130162000,0.0
1628130192000,0.0
1628130222000,0.0
1628130252000,0.0
1628130282000,0.0
1628130312000,0.0
1628130342000,0.0
1628130372000,0.0
1628130402000,0.0006067961165048543
1628130432000,0.0006203473945409428
1628130462000,0.0006045949214026603
1628130492000,0.0
1628130522000,0.0
1628130552000,0.0
1628130582000,0.0
1628130612000,0.0
1628130642000,0.0006064281382656155
1628130672000,0.0
1628130702000,0.0
1628130732000,0.0005991611743559018
1628130762000,0.0006150061500615006
1628130792000,0.0005871990604815032
1628130822000,0.0
1628130852000,0.0
1628130882000,0.0005885815185403178
1628130912000,0.0005998800239952009
1628130942000,0.0006027727546714887
1628130972000,0.001195457262402869
1628131002000,0.0
1628131032000,0.0005970149253731342
1628131062000,0.0006086427267194157
1628131092000,0.0
1628131122000,0.0
1628131152000,0.0
1628131182000,0.0
1628131212000,0.0006127450980392157
1628131242000,0.0
1628131272000,0.0
1628131302000,0.0
1628131332000,0.0
1628131362000,0.0005973715651135006
1628131392000,0.0006027727546714887
1628131422000,0.0
1628131452000,0.0
1628131482000,0.0
1628131512000,0.0006153846153846153
1628131542000,0.0
1628131572000,0.0
1628131602000,0.0
1628131632000,0.0
1628131662000,0.0
1628131692000,0.0
1628131722000,0.0006075334143377885
1628131752000,0.0
1628131782000,0.0006045949214026603
1628131812000,0.0
1628131842000,0.0005988023952095807
1628131872000,0.0006105006105006105
1628131902000,0.0
1628131932000,0.0
1628131962000,0.0
1628131992000,0.0006064281382656155
1628132022000,0.0006060606060606062
1628132052000,0.0005955926146515784
1628132082000,0.0
1628132112000,0.0006024096385542169
1628132142000,0.0006016847172081829
1628132172000,0.0
1628132202000,0.0
1628132232000,0.0
1628132262000,0.0006123698714023269
1628132292000,0.0
1628132322000,0.0006067961165048543
1628132352000,0.0
1628132382000,0.0
1628132412000,0.0
1628132442000,0.0
1628132472000,0.0005991611743559018
1628132502000,0.0006056935190793457
1628132532000,0.0
1628132562000,0.0006056935190793457
1628132592000,0.0006215040397762585
1628132622000,0.0
1628132652000,0.0006090133982947625
1628132682000,0.0006002400960384152
1628132712000,0.0006009615384615385
1628132742000,0.0012292562999385369
1628132772000,0.0005952380952380952
1628132802000,0.0
1628132832000,0.0
1628132862000,0.0
1628132892000,0.0
1628132922000,0.0
1628132952000,0.0005991611743559018
1628132982000,0.0
1628133012000,0.0006108735491753207
1628133042000,0.0
1628133072000,0.0
1628133102000,0.0
1628133132000,0.0
1628133192000,0.0
1628133222000,0.0006016847172081829
1628133252000,0.0
1628133282000,0.0011869436201780415
1628133312000,0.0
1628133342000,0.0
1628133372000,0.0005959475566150177
1628133402000,0.0006024096385542169
1628133432000,0.0
1628133462000,0.0
1628133492000,0.0012254901960784314
1628133522000,0.0006079027355623102
1628133552000,0.0006169031462060457
1628133582000,0.0005952380952380952
1628133612000,0.0
1628133642000,0.0006172839506172839
1628133672000,0.0
1628133702000,0.0012391573729863693
1628133732000,0.0
1628133762000,0.0
1628133792000,0.0
1628133822000,0.0
1628133852000,0.0
1628133882000,0.0
1628133912000,0.0
1628133942000,0.0
1628133972000,0.0006060606060606062
1628134002000,0.0
1628134032000,0.0
1628134062000,0.0006056935190793457
1628134092000,0.0
1628134122000,0.0006024096385542169
1628134152000,0.0
1628134182000,0.0
1628134212000,0.0006101281269066504
1628134242000,0.0011897679952409279
1628134272000,0.0
1628134302000,0.0
1628134332000,0.0
1628134362000,0.0006142506142506142
1628134392000,0.0
1628134422000,0.0
1628134452000,0.0
1628134482000,0.0
1628134512000,0.0
1628134542000,0.0
1628134572000,0.0006134969325153375
1628134602000,0.0
1628134632000,0.0
1628134662000,0.0
1628134692000,0.0
1628134722000,0.0006090133982947625
1628134752000,0.0006138735420503376
1628134782000,0.0
1628134812000,0.0
1628134842000,0.0005931198102016608
1628134872000,0.0
1628134902000,0.0
1628134932000,0.0
1628134962000,0.0
1628134992000,0.0005988023952095807
1628135022000,0.0
1628135052000,0.0
1628135082000,0.0
1628135112000,0.0
1628135142000,0.0
1628135172000,0.0006116207951070336
1628135202000,0.0005977286312014345
1628135232000,0.0
1628135262000,0.0
1628135292000,0.0006053268765133173
1628135322000,0.0
1628135352000,0.0
1628135382000,0.0006165228113440197
1628135412000,0.0011897679952409279
1628135442000,0.0
1628135472000,0.0006161429451632778
1628135502000,0.0006112469437652813
1628135532000,0.0005980861244019139
1628135562000,0.0
1628135592000,0.0
1628135622000,0.0
1628135652000,0.0
1628135682000,0.000585480093676815
1628135712000,0.0006097560975609756
1628135742000,0.0
1628135772000,0.0
1628135802000,0.0006112469437652813
1628135832000,0.0005988023952095807
1628135862000,0.0
1628135892000,0.0006086427267194157
1628135922000,0.0
1628135952000,0.0
1628135982000,0.0
1628136012000,0.0
1628136042000,0.0
1628136072000,0.0
1628136102000,0.0
1628136132000,0.0
1628136162000,0.0
1628136192000,0.0
1628136222000,0.0
1628136252000,0.0005977286312014345
1628136282000,0.0
1628136312000,0.0005991611743559018
1628136342000,0.0
1628136372000,0.0006105006105006105
1628136402000,0.0
1628136432000,0.0006101281269066504
1628136462000,0.0006112469437652813
1628136492000,0.0005991611743559018
1628136522000,0.0006071645415907711
1628136552000,0.0
1628136582000,0.0
1628136612000,0.0
1628136642000,0.0
1628136672000,0.0
1628136702000,0.0006016847172081829
1628136732000,0.0
1628136762000,0.0
1628136792000,0.0005892751915144372
1628136822000,0.0006020469596628537
1628136852000,0.0006101281269066504
1628136882000,0.0
1628136912000,0.0
1628136942000,0.0
1628136972000,0.0
1628137002000,0.0
1628137032000,0.0
1628137062000,0.0006138735420503376
1628137092000,0.0
1628137122000,0.0
1628137152000,0.0005941770647653001
1628137182000,0.0006002400960384152
1628137212000,0.0
1628137242000,0.0
1628137272000,0.0
1628137302000,0.0006045949214026603
1628137332000,0.0
1628137362000,0.0
1628137392000,0.0
1628137422000,0.0006056935190793457
1628137452000,0.0
1628137482000,0.0006035003017501509
1628137512000,0.0006150061500615006
1628137542000,0.0
1628137572000,0.0005991611743559018
1628137602000,0.0
1628137632000,0.0
1628137662000,0.0
1628137692000,0.0
1628137722000,0.0006169031462060457
1628137752000,0.0
1628137782000,0.0
1628137812000,0.0
1628137842000,0.0
1628137872000,0.0006097560975609756
1628137902000,0.0
1628137932000,0.0
1628137962000,0.001195457262402869
1628137992000,0.0
1628138022000,0.0006013229104028864
1628138052000,0.0
1628138082000,0.0005858230814294082
1628138112000,0.0
1628138142000,0.0
1628138172000,0.0005885815185403178
1628138202000,0.0
1628138232000,0.0
1628138262000,0.0005927682276229994
1628138292000,0.0011918951132300355
1628138322000,0.0
1628138352000,0.0006013229104028864
1628138382000,0.0
1628138412000,0.0
1628138442000,0.0
1628138472000,0.0006165228113440197
1628138502000,0.0
1628138532000,0.0
1628138562000,0.0
1628138592000,0.0006090133982947625
1628138622000,0.0
1628138652000,0.0
1628138682000,0.0006038647342995169
1628138712000,0.0
1628138742000,0.0
1628138772000,0.0
1628138802000,0.0006157635467980296
1628138832000,0.0
1628138862000,0.0
1628138892000,0.0
1628138922000,0.0
1628138952000,0.0
1628138982000,0.0
1628139012000,0.0005980861244019139
1628139042000,0.0
1628139072000,0.0006079027355623102
1628139102000,0.0006097560975609756
1628139132000,0.0
1628139162000,0.0
1628139192000,0.0
1628139222000,0.0
1628139252000,0.0005910165484633571
1628139282000,0.0
1628139312000,0.0
1628139342000,0.0
1628139372000,0.0
1628139402000,0.0
1628139432000,0.0006191950464396285
1628139462000,0.0
1628139492000,0.0005984440454817473
1628139522000,0.0
1628139552000,0.0005988023952095807
1628139582000,0.0
1628139612000,0.0
1628139642000,0.0
1628139672000,0.0005970149253731342
1628139702000,0.0
1628139732000,0.0006108735491753207
1628139762000,0.0
1628139792000,0.0
1628139822000,0.0
1628139852000,0.0006116207951070336
1628139882000,0.0
1628139912000,0.0006075334143377885
1628139942000,0.0
1628139972000,0.0
1628140002000,0.0
1628140032000,0.0
1628140062000,0.0005991611743559018
1628140092000,0.0
1628140122000,0.0
1628140152000,0.0
1628140182000,0.0
1628140212000,0.0
1628140242000,0.0
1628140272000,0.0
1628140302000,0.0005934718100890207
1628140332000,0.0006009615384615385
1628140362000,0.0
1628140392000,0.0
1628140422000,0.0
1628140452000,0.0005927682276229994
1628140482000,0.0
1628140512000,0.0011834319526627221
1628140542000,0.0
1628140572000,0.0
1628140602000,0.0
1628140632000,0.0
1628140662000,0.0005988023952095807
1628140692000,0.0
1628140722000,0.0
1628140752000,0.0006123698714023269
1628140782000,0.0
1628140812000,0.0
1628140842000,0.0
1628140872000,0.0
1628140902000,0.0
1628140932000,0.0006127450980392157
1628140962000,0.0
1628140992000,0.0
1628141022000,0.0
1628141052000,0.0
1628141082000,0.0006184291898577612
1628141112000,0.0006184291898577612
1628141142000,0.0
1628141172000,0.0012345679012345679
1628141202000,0.0
1628141232000,0.0
1628141262000,0.0
1628141292000,0.0
1628141322000,0.0
1628141352000,0.0006064281382656155
1628141382000,0.0
1628141412000,0.0
1628141442000,0.0006116207951070336
1628141472000,0.0006071645415907711
1628141502000,0.0
1628141532000,0.0
1628141562000,0.0
1628141592000,0.0006002400960384152
1628141622000,0.0
1628141652000,0.0
1628141682000,0.0
1628141712000,0.0006042296072507553
1628141742000,0.0
1628141772000,0.0
1628141802000,0.0
1628141832000,0.0005924170616113746
1628141862000,0.0006035003017501509
1628141892000,0.0
1628141922000,0.0
1628141952000,0.0005955926146515784
1628141982000,0.0006119951040391675
1628142012000,0.0
1628142042000,0.0
1628142072000,0.0
1628142102000,0.0006112469437652813
1628142132000,0.0
1628142162000,0.0006075334143377885
1628142192000,0.0006024096385542169
1628142222000,0.0005948839976204639
1628142252000,0.0
1628142282000,0.0
1628142312000,0.0
1628142342000,0.0
1628142372000,0.0
1628142402000,0.0006116207951070336
1628142432000,0.0
1628142462000,0.0
1628142492000,0.0
1628142522000,0.0
1628142552000,0.0
1628142582000,0.0005847953216374268
1628142612000,0.0
1628142642000,0.0005917159763313611
1628142672000,0.0005906674542232723
1628142702000,0.0006188118811881187
1628142732000,0.0006020469596628537
1628142762000,0.0
1628142792000,0.0
1628142822000,0.0006082725060827251
1628142852000,0.0
1628142882000,0.0
1628142912000,0.0
1628142942000,0.0
1628142972000,0.0
1628143002000,0.0006027727546714887
1628143032000,0.0
1628143062000,0.0
1628143092000,0.0006056935190793457
1628143122000,0.0
1628143152000,0.0
1628143182000,0.0
1628143212000,0.0006119951040391675
1628143242000,0.0006006006006006006
1628143272000,0.0
1628143302000,0.0
1628143332000,0.0
1628143362000,0.0
1628143392000,0.0
1628143422000,0.0
1628143452000,0.0
1628143482000,0.0
1628143512000,0.0
1628143542000,0.0
1628143572000,0.0
1628143602000,0.0
1628143632000,0.0
1628143662000,0.0
1628143692000,0.0005945303210463732
1628143722000,0.0006013229104028864
1628143752000,0.0
1628143782000,0.0
1628143812000,0.0
1628143842000,0.0006020469596628537
1628143872000,0.0
1628143902000,0.0
1628143932000,0.0006169031462060457
1628143962000,0.0006067961165048543
1628143992000,0.0006146281499692684
1628144022000,0.0
1628144052000,0.0
1628144082000,0.0
1628144112000,0.0
1628144142000,0.0006090133982947625
1628144172000,0.0006035003017501509
1628144202000,0.0
1628144232000,0.0006067961165048543
1628144262000,0.0005984440454817473
1628144292000,0.0
1628144322000,0.0006045949214026603
1628144352000,0.0006195786864931846
1628144382000,0.0
1628144412000,0.0
1628144442000,0.0006105006105006105
1628144472000,0.0
1628144502000,0.0005970149253731342
1628144532000,0.0
1628144562000,0.0005977286312014345
1628144592000,0.0
1628144622000,0.0
1628144652000,0.0
1628144682000,0.0
1628144712000,0.0
1628144742000,0.0006060606060606062
1628144772000,0.0005963029218843173
1628144802000,0.0
1628144832000,0.0
1628144862000,0.0006060606060606062
1628144892000,0.0006027727546714887
1628144922000,0.0
1628144952000,0.0
1628144982000,0.0006119951040391675
1628145012000,0.0
1628145042000,0.0
1628145072000,0.0012091898428053206
1628145102000,0.0
1628145132000,0.0
1628145162000,0.0005995203836930455
1628145192000,0.0
1628145222000,0.0006116207951070336
1628145252000,0.0
1628145282000,0.0
1628145312000,0.0
1628145342000,0.0
1628145372000,0.0
1628145402000,0.0
1628145432000,0.0
1628145462000,0.0
1628145492000,0.0006060606060606062
1628145522000,0.0
1628145552000,0.0
1628145582000,0.0
1628145612000,0.0006086427267194157
1628145642000,0.0
1628145672000,0.0
1628145702000,0.0006176652254478072
1628145732000,0.0
1628145762000,0.0
1628145792000,0.0
1628145822000,0.0006042296072507553
1628145852000,0.0
1628145882000,0.0
1628145912000,0.0006009615384615385
1628145942000,0.0
1628145972000,0.0
1628146002000,0.0006112469437652813
1628146032000,0.0
1628146062000,0.0
1628146092000,0.0
1628146122000,0.0
1628146152000,0.0005830903790087462
1628146182000,0.000588235294117647
1628146212000,0.0
1628146242000,0.0005948839976204639
1628146272000,0.0
1628146302000,0.0
1628146332000,0.0006064281382656155
1628146362000,0.0005885815185403178
1628146392000,0.0
1628146422000,0.0
1628146452000,0.0006027727546714887
1628146482000,0.0005998800239952009
1628146512000,0.0
1628146542000,0.0
1628146572000,0.0
1628146602000,0.0
1628146632000,0.0
1628146662000,0.0
1628146692000,0.0
1628146722000,0.0006119951040391675
1628146752000,0.0005941770647653001
1628146782000,0.0
1628146812000,0.0006038647342995169
1628146842000,0.0
1628146872000,0.0
1628146902000,0.0
1628146932000,0.0
1628146962000,0.0006038647342995169
1628146992000,0.0
1628147022000,0.0
1628147052000,0.0
1628147082000,0.0006071645415907711
1628147112000,0.0
1628147142000,0.0
1628147172000,0.0
1628147202000,0.0
1628147232000,0.0
1628147262000,0.0
1628147292000,0.0006075334143377885
1628147322000,0.0
1628147352000,0.0006045949214026603
1628147382000,0.0
1628147412000,0.0
1628147442000,0.0
1628147472000,0.0
1628147502000,0.0005984440454817473
1628147532000,0.0
1628147562000,0.0
1628147592000,0.0
1628147622000,0.0
1628147652000,0.0006038647342995169
1628147682000,0.0006150061500615006
1628147712000,0.0006002400960384152
1628147742000,0.0
1628147772000,0.0
1628147802000,0.0
1628147832000,0.0
1628147862000,0.0006176652254478072
1628147892000,0.0
1628147922000,0.0006150061500615006
1628147952000,0.0006142506142506142
1628147982000,0.0
1628148012000,0.0006042296072507553
1628148042000,0.0
1628148072000,0.0
1628148102000,0.0006020469596628537
1628148132000,0.0
1628148162000,0.0
1628148192000,0.0
1628148222000,0.0
1628148252000,0.0
1628148282000,0.0
1628148312000,0.0
1628148342000,0.0006184291898577612
1628148372000,0.0006049606775559589
1628148402000,0.0
1628148432000,0.0
1628148462000,0.0
1628148492000,0.0
1628148522000,0.0
1628148552000,0.0
1628148582000,0.0
1628148612000,0.0006075334143377885
1628148642000,0.0
1628148672000,0.0
1628148702000,0.0
1628148732000,0.0
1628148762000,0.0005913660555884093
1628148792000,0.0006064281382656155
1628148822000,0.0006131207847946045
1628148852000,0.0
1628148882000,0.0
1628148912000,0.0
1628148942000,0.0
1628148972000,0.0006215040397762585
1628149002000,0.0
1628149032000,0.0
1628149062000,0.0006150061500615006
1628149092000,0.0
1628149122000,0.0005797101449275362
1628149152000,0.0
1628149182000,0.0
1628149212000,0.0
1628149242000,0.0005927682276229994
1628149272000,0.0006131207847946045
1628149302000,0.0
1628149332000,0.0006031363088057902
1628149362000,0.0
1628149392000,0.0
1628149422000,0.0
1628149452000,0.0
1628149482000,0.0005938242280285036
1628149512000,0.0
1628149542000,0.0
1628149572000,0.0005963029218843173
1628149602000,0.0
1628149632000,0.0
1628149662000,0.0
1628149692000,0.0
1628149722000,0.0006067961165048543
1628149752000,0.0
1628149782000,0.0
1628149812000,0.0006002400960384152
1628149842000,0.0
1628149872000,0.0005980861244019139
1628149902000,0.0
1628149932000,0.0006153846153846153
1628149962000,0.0
1628149992000,0.0006002400960384152
1628150022000,0.0006042296072507553
1628150052000,0.0
1628150082000,0.0
1628150112000,0.0
1628150142000,0.0006020469596628537
1628150172000,0.0
1628150202000,0.0
1628150232000,0.0
1628150262000,0.0
1628150292000,0.0
1628150322000,0.0
1628150352000,0.0
1628150382000,0.0
1628150412000,0.0006176652254478072
1628150442000,0.0
1628150472000,0.0
1628150502000,0.0006038647342995169
1628150532000,0.0
1628150562000,0.0
1628150592000,0.0005892751915144372
1628150622000,0.0006031363088057902
1628150652000,0.0006188118811881187
1628150682000,0.0
1628150712000,0.0
1628150742000,0.0
1628150772000,0.0
1628150802000,0.0
1628150832000,0.0
1628150862000,0.0
1628150892000,0.0
1628150922000,0.0006157635467980296
1628150952000,0.0
1628150982000,0.0
1628151012000,0.0
1628151042000,0.0005995203836930455
1628151072000,0.0
1628151102000,0.0
1628151132000,0.0005948839976204639
1628151162000,0.0006071645415907711
1628151192000,0.0
1628151222000,0.0
1628151252000,0.0
1628151282000,0.0
1628151312000,0.0005931198102016608
1628151342000,0.0
1628151372000,0.0005931198102016608
1628151402000,0.0006090133982947625
1628151432000,0.0006105006105006105
1628151462000,0.0
1628151492000,0.0
1628151522000,0.0
1628151552000,0.0
1628151582000,0.0
1628151612000,0.0
1628151642000,0.0
1628151672000,0.0
1628151702000,0.0
1628151732000,0.0006222775357809582
1628151762000,0.0
1628151792000,0.0
1628151822000,0.0
1628151852000,0.0005970149253731342
1628151882000,0.0006053268765133173
1628151912000,0.0
1628151942000,0.0006056935190793457
1628151972000,0.0006009615384615385
1628152002000,0.0
1628152032000,0.0
1628152062000,0.0
1628152092000,0.0
1628152122000,0.0006242197253433209
1628152152000,0.0005998800239952009
1628152182000,0.0
1628152212000,0.0
1628152242000,0.0
1628152272000,0.0006071645415907711
1628152302000,0.0
1628152332000,0.0006049606775559589
1628152362000,0.0
1628152392000,0.0
1628152422000,0.0
1628152452000,0.0006093845216331506
1628152482000,0.0
1628152512000,0.0006211180124223603
1628152542000,0.0
1628152572000,0.0
1628152602000,0.0
1628152632000,0.0
1628152662000,0.0
1628152692000,0.0
1628152722000,0.0
1628152752000,0.0
1628152782000,0.0
1628152812000,0.0
1628152842000,0.0
1628152872000,0.0
1628152902000,0.0006119951040391675
1628152932000,0.0
1628152962000,0.0
1628152992000,0.0
1628153022000,0.0006031363088057902
1628153052000,0.0
1628153082000,0.0005817335660267597
1628153112000,0.0
1628153142000,0.0
1628153172000,0.0005913660555884093
1628153202000,0.0006131207847946045
1628153232000,0.0
1628153262000,0.0
1628153292000,0.0
1628153322000,0.0006020469596628537
1628153352000,0.0
1628153382000,0.0
1628153412000,0.0
1628153442000,0.0
1628153472000,0.0
1628153502000,0.0
1628153532000,0.0006105006105006105
1628153562000,0.0005970149253731342
1628153592000,0.0006195786864931846
1628153622000,0.0005963029218843173
1628153652000,0.0
1628153682000,0.0
1628153712000,0.0006064281382656155
1628153742000,0.0
1628153772000,0.0006031363088057902
1628153802000,0.0
1628153832000,0.0
1628153862000,0.0005948839976204639
1628153892000,0.001212121212121212
1628153922000,0.0006027727546714887
1628153952000,0.0012232415902140672
1628153982000,0.0
1628154012000,0.0006006006006006006
1628154042000,0.0
1628154072000,0.0
1628154102000,0.0006020469596628537
1628154132000,0.0
1628154162000,0.0
1628154192000,0.0005941770647653001
1628154222000,0.0
1628154252000,0.0
1628154282000,0.0
1628154312000,0.0
1628154342000,0.0
1628154372000,0.0
1628154402000,0.0006031363088057902
1628154432000,0.0
1628154462000,0.0006218905472636817
1628154492000,0.0
1628154522000,0.0
1628154552000,0.0
1628154582000,0.0006082725060827251
1628154612000,0.0
1628154642000,0.0
1628154672000,0.0
1628154702000,0.0
1628154732000,0.0
1628154762000,0.0011940298507462687
1628154792000,0.0005913660555884093
1628154822000,0.0
1628154852000,0.0
1628154882000,0.0006082725060827251
1628154912000,0.0006112469437652813
1628154942000,0.0
1628154972000,0.0
1628155002000,0.0
1628155032000,0.0006002400960384152
1628155062000,0.0
1628155092000,0.0006082725060827251
1628155122000,0.0006009615384615385
1628155152000,0.0
1628155182000,0.0
1628155212000,0.0006138735420503376
1628155242000,0.0005998800239952009
1628155272000,0.0
1628155302000,0.0
1628155332000,0.0
1628155362000,0.0006157635467980296
1628155392000,0.0
1628155422000,0.0
1628155452000,0.0
1628155482000,0.0
1628155512000,0.0
1628155542000,0.0
1628155572000,0.0006079027355623102
1628155602000,0.0
1628155632000,0.0
1628155662000,0.0006082725060827251
1628155692000,0.0006131207847946045
1628155722000,0.0006038647342995169
1628155752000,0.0
1628155782000,0.0
1628155812000,0.0
1628155842000,0.0012330456226880395
1628155872000,0.0005878894767783657
1628155902000,0.0
1628155932000,0.0
1628155962000,0.0
1628155992000,0.0
1628156022000,0.0
1628156052000,0.0
1628156082000,0.0
1628156112000,0.0006153846153846153
1628156142000,0.0012070006035003018
1628156172000,0.0006045949214026603
1628156202000,0.0
1628156232000,0.0
1628156262000,0.0
1628156292000,0.0005885815185403178
1628156322000,0.0012165450121654502
1628156352000,0.0005920663114268798
1628156382000,0.0006184291898577612
1628156412000,0.0
1628156442000,0.0
1628156472000,0.0
1628156502000,0.0005917159763313611
1628156532000,0.0006169031462060457
1628156562000,0.0005861664712778429
1628156592000,0.0
1628156622000,0.0
1628156652000,0.0
1628156682000,0.0
1628156712000,0.0006138735420503376
1628156742000,0.0
1628156772000,0.0
1628156802000,0.0006116207951070336
1628156832000,0.0006119951040391675
1628156862000,0.0
1628156892000,0.0
1628156922000,0.0006119951040391675
1628156952000,0.0006146281499692684
1628156982000,0.0
1628157012000,0.0006071645415907711
1628157042000,0.0006035003017501509
1628157072000,0.0006169031462060457
1628157102000,0.0
1628157132000,0.0
1628157162000,0.0
1628157192000,0.0006131207847946045
1628157222000,0.0006002400960384152
1628157252000,0.0
1628157282000,0.0006180469715698393
1628157312000,0.0006064281382656155
1628157342000,0.0
1628157372000,0.0
1628157402000,0.0
1628157432000,0.0006082725060827251
1628157462000,0.0
1628157492000,0.0
1628157522000,0.0
1628157552000,0.0
1628157582000,0.0011737089201877935
1628157612000,0.0005938242280285036
1628157642000,0.0
1628157672000,0.0006064281382656155
1628157702000,0.0006146281499692684
1628157732000,0.0006006006006006006
1628157762000,0.0
1628157792000,0.0005959475566150177
1628157822000,0.0
1628157852000,0.0
1628157882000,0.0
1628157912000,0.0
1628157942000,0.0
1628157972000,0.0
1628158002000,0.0
1628158032000,0.0006191950464396285
1628158062000,0.0005959475566150177
1628158092000,0.0005878894767783657
1628158122000,0.0006101281269066504
1628158152000,0.0
1628158182000,0.0
1628158212000,0.0
1628158242000,0.0006053268765133173
1628158272000,0.0005970149253731342
1628158302000,0.0006075334143377885
1628158332000,0.0
1628158362000,0.0006157635467980296
1628158392000,0.0005931198102016608
1628158422000,0.0
1628158452000,0.0
1628158482000,0.0
1628158512000,0.0
1628158542000,0.0
1628158572000,0.0
1628158602000,0.0
1628158632000,0.0
1628158662000,0.0
1628158692000,0.0
1628158722000,0.0006146281499692684
1628158752000,0.0006016847172081829
1628158782000,0.0
1628158812000,0.0
1628158842000,0.0
1628158872000,0.0
1628158902000,0.0
1628158932000,0.0
1628158962000,0.0
1628158992000,0.0
1628159022000,0.0012437810945273634
1628159052000,0.0006035003017501509
1628159082000,0.0006157635467980296
1628159112000,0.0006009615384615385
1628159142000,0.0006203473945409428
1628159172000,0.0
1628159202000,0.0006035003017501509
1628159232000,0.0006067961165048543
1628159262000,0.0
1628159292000,0.0005896226415094339
1628159322000,0.0
1628159352000,0.0005995203836930455
1628159382000,0.0
1628159412000,0.0006105006105006105
1628159442000,0.0
1628159472000,0.0
1628159502000,0.0
1628159532000,0.0
1628159562000,0.0
1628159592000,0.0
1628159622000,0.0
1628159652000,0.0006067961165048543
1628159682000,0.0
1628159712000,0.0
1628159742000,0.0012353304508956149
1628159772000,0.0
1628159802000,0.0
1628159832000,0.0
1628159862000,0.0
1628159892000,0.0006067961165048543
1628159922000,0.0006038647342995169
1628159952000,0.0006060606060606062
1628159982000,0.0006116207951070336
1628160012000,0.0
1628160042000,0.0006195786864931846
1628160072000,0.0
1628160102000,0.0005973715651135006
1628160132000,0.0006169031462060457
1628160162000,0.0
1628160192000,0.0006016847172081829
1628160222000,0.0
1628160252000,0.0
1628160282000,0.0006123698714023269
1628160312000,0.0006053268765133173
1628160342000,0.0
1628160372000,0.0006142506142506142
1628160402000,0.0
1628160432000,0.0005988023952095807
1628160462000,0.0
1628160492000,0.0006082725060827251
1628160522000,0.0006127450980392157
1628160552000,0.0
1628160582000,0.0
1628160612000,0.0
1628160642000,0.0006049606775559589
1628160672000,0.0006097560975609756
1628160702000,0.0006031363088057902
1628160732000,0.0
1628160762000,0.0005941770647653001
1628160792000,0.0006153846153846153
1628160822000,0.0
1628160852000,0.0
1628160882000,0.0
1628160912000,0.0
1628160942000,0.0006009615384615385
1628160972000,0.0006101281269066504
1628161002000,0.0
1628161032000,0.0
1628161062000,0.0
1628161092000,0.0
1628161122000,0.0005931198102016608
1628161152000,0.0
1628161182000,0.0
1628161212000,0.0
1628161242000,0.0006045949214026603
1628161272000,0.0
1628161302000,0.0
1628161332000,0.0
1628161362000,0.0
1628161392000,0.0006116207951070336
1628161422000,0.0
1628161452000,0.0006042296072507553
1628161482000,0.0
1628161512000,0.0
1628161542000,0.0
1628161572000,0.0006042296072507553
1628161602000,0.0
1628161632000,0.0
1628161662000,0.0
1628161692000,0.0
1628161722000,0.0006172839506172839
1628161752000,0.0
1628161782000,0.0006038647342995169
1628161812000,0.0005970149253731342
1628161842000,0.0
1628161872000,0.0006027727546714887
1628161902000,0.0
1628161932000,0.0
1628161962000,0.0
1628161992000,0.0
1628162022000,0.0
1628162052000,0.0
1628162082000,0.0
1628162112000,0.0
1628162142000,0.0
1628162172000,0.0
1628162202000,0.0
1628162232000,0.0005995203836930455
1628162262000,0.0
1628162292000,0.0006169031462060457
1628162322000,0.0
1628162352000,0.0
1628162382000,0.0
1628162412000,0.0
1628162442000,0.0005941770647653001
1628162472000,0.0006013229104028864
1628162502000,0.0005913660555884093
1628162532000,0.0
1628162562000,0.0005858230814294082
1628162592000,0.0
1628162622000,0.0
1628162652000,0.0006097560975609756
1628162682000,0.0006134969325153375
1628162712000,0.0006053268765133173
1628162742000,0.0005913660555884093
1628162772000,0.0
1628162802000,0.0006131207847946045
1628162832000,0.0005938242280285036
1628162862000,0.0006064281382656155
1628162892000,0.0
1628162922000,0.0
1628162952000,0.0006002400960384152
1628162982000,0.0005948839976204639
1628163012000,0.0
1628163042000,0.0
1628163072000,0.0
1628163102000,0.0
1628163132000,0.0
1628163162000,0.0
1628163192000,0.0
1628163222000,0.0
1628163252000,0.0
1628163282000,0.0
1628163312000,0.0
1628163342000,0.0
1628163372000,0.0
1628163402000,0.0
1628163432000,0.0
1628163462000,0.0
1628163492000,0.0
1628163522000,0.0005945303210463732
1628163552000,0.0
1628163582000,0.0006127450980392157
1628163612000,0.0
1628163642000,0.0005910165484633571
1628163672000,0.0
1628163702000,0.0006123698714023269
1628163732000,0.0
1628163762000,0.0
1628163792000,0.0
1628163822000,0.0
1628163852000,0.0006123698714023269
1628163882000,0.0012099213551119178
1628163912000,0.0
1628163942000,0.0006079027355623102
1628163972000,0.0012055455093429774
1628164002000,0.0
1628164032000,0.0006042296072507553
1628164062000,0.0
1628164092000,0.0
1628164122000,0.0006016847172081829
1628164152000,0.0
1628164182000,0.0
1628164212000,0.0
1628164242000,0.0
1628164272000,0.0
1628164302000,0.0006150061500615006
1628164332000,0.0006024096385542169
1628164362000,0.0006079027355623102
1628164392000,0.0
1628164422000,0.0
1628164452000,0.0
1628164482000,0.0012026458208057728
1628164512000,0.0
1628164542000,0.0
1628164572000,0.0
1628164602000,0.0
1628164632000,0.0
1628164662000,0.0
1628164692000,0.0
1628164722000,0.0005910165484633571
1628164752000,0.0006038647342995169
1628164782000,0.0
1628164812000,0.0
1628164842000,0.0
1628164872000,0.0006180469715698393
1628164902000,0.0006006006006006006
1628164932000,0.0
1628164962000,0.0006195786864931846
1628164992000,0.0006184291898577612
1628165022000,0.0
1628165052000,0.0
1628165082000,0.0
1628165112000,0.0
1628165142000,0.0
1628165172000,0.0
1628165202000,0.0
1628165232000,0.0
1628165262000,0.0
1628165292000,0.0
1628165322000,0.0005938242280285036
1628165352000,0.0
1628165382000,0.0005998800239952009
1628165412000,0.0006031363088057902
1628165442000,0.0
1628165472000,0.0006108735491753207
1628165502000,0.0
1628165532000,0.0
1628165562000,0.0011976047904191614
1628165592000,0.0006119951040391675
1628165622000,0.0
1628165652000,0.0
1628165682000,0.0
1628165712000,0.0
1628165742000,0.0
1628165772000,0.0
1628165802000,0.0006060606060606062
1628165832000,0.0
1628165862000,0.0
1628165892000,0.0
1628165922000,0.0
1628165952000,0.0
1628165982000,0.0
1628166012000,0.0
1628166042000,0.0
1628166072000,0.0
1628166102000,0.0
1628166132000,0.0
1628166162000,0.0
1628166192000,0.0006049606775559589
1628166222000,0.0006038647342995169
1628166252000,0.0
1628166282000,0.0
1628166312000,0.0
1628166342000,0.0006075334143377885
1628166372000,0.0
1628166402000,0.0005948839976204639
1628166432000,0.0006006006006006006
1628166462000,0.0
1628166492000,0.001223990208078335
1628166522000,0.0005813953488372093
1628166552000,0.0
1628166582000,0.0005955926146515784
1628166612000,0.0
1628166642000,0.0
1628166672000,0.0
1628166702000,0.0006027727546714887
1628166732000,0.0
1628166762000,0.0006138735420503376
1628166792000,0.0
1628166822000,0.0
1628166852000,0.0
1628166882000,0.0
1628166912000,0.0
1628166942000,0.0006097560975609756
1628166972000,0.0006123698714023269
1628167002000,0.0
1628167032000,0.0
1628167062000,0.0
1628167092000,0.0
1628167122000,0.0
1628167152000,0.0006002400960384152
1628167182000,0.0
1628167212000,0.0
1628167242000,0.0006002400960384152
1628167272000,0.0006134969325153375
1628167302000,0.0006176652254478072
1628167332000,0.0
1628167362000,0.0
1628167392000,0.0
1628167422000,0.0
1628167452000,0.0005931198102016608
1628167482000,0.0
1628167512000,0.0006002400960384152
1628167542000,0.0
1628167572000,0.0
1628167602000,0.0
1628167632000,0.0012217470983506415
1628167662000,0.0006112469437652813
1628167692000,0.0
1628167722000,0.0006184291898577612
1628167752000,0.0
1628167782000,0.0
1628167812000,0.0
1628167842000,0.0
1628167872000,0.0
1628167902000,0.0
1628167932000,0.0006101281269066504
1628167962000,0.0
1628167992000,0.0
1628168022000,0.0012254901960784314
1628168052000,0.0006079027355623102
1628168082000,0.0
1628168112000,0.0
1628168142000,0.0
1628168172000,0.0011813349084465446
1628168202000,0.0
1628168232000,0.0006060606060606062
1628168262000,0.0
1628168292000,0.0
1628168322000,0.0
1628168352000,0.0
1628168382000,0.0006191950464396285
1628168412000,0.0
1628168442000,0.0
1628168472000,0.0
1628168502000,0.0
1628168532000,0.0
1628168562000,0.0
1628168592000,0.0005970149253731342
1628168622000,0.0
1628168652000,0.0
1628168682000,0.0005952380952380952
1628168712000,0.0
1628168742000,0.0
1628168772000,0.0006090133982947625
1628168802000,0.0
1628168832000,0.0
1628168862000,0.0006105006105006105
1628168892000,0.0005959475566150177
1628168922000,0.0
1628168952000,0.0012143290831815425
1628168982000,0.0
1628169012000,0.0
1628169042000,0.0
1628169072000,0.0005955926146515784
1628169102000,0.0
1628169132000,0.0
1628169162000,0.0
1628169192000,0.0
1628169222000,0.0005970149253731342
1628169252000,0.0005984440454817473
1628169282000,0.0005959475566150177
1628169312000,0.0
1628169342000,0.0012062726176115801
1628169372000,0.0
1628169402000,0.0006131207847946045
1628169432000,0.0
1628169462000,0.0005875440658049354
1628169492000,0.0005910165484633571
1628169522000,0.0
1628169552000,0.0006027727546714887
1628169582000,0.0
1628169612000,0.0
1628169642000,0.0006169031462060457
1628169672000,0.0
1628169702000,0.0
1628169732000,0.0
1628169762000,0.0
1628169792000,0.0006045949214026603
1628169822000,0.0006049606775559589
1628169852000,0.0
1628169882000,0.0
1628169912000,0.0006067961165048543
1628169942000,0.0
1628169972000,0.0
1628170002000,0.0
1628170032000,0.0006071645415907711
1628170062000,0.0005970149253731342
1628170092000,0.0006013229104028864
1628170122000,0.0
1628170152000,0.0005980861244019139
1628170182000,0.0006150061500615006
1628170212000,0.0
1628170242000,0.0
1628170272000,0.0006006006006006006
1628170302000,0.0
1628170332000,0.0006105006105006105
1628170362000,0.0
1628170392000,0.0006215040397762585
1628170422000,0.0005885815185403178
1628170452000,0.0
1628170482000,0.0
1628170512000,0.0006013229104028864
1628170542000,0.0006067961165048543
1628170572000,0.0006002400960384152
1628170602000,0.0
1628170632000,0.0
1628170662000,0.0
1628170692000,0.0
1628170722000,0.0
1628170752000,0.0
1628170782000,0.0
1628170812000,0.0
1628170842000,0.0006082725060827251
1628170872000,0.0006042296072507553
1628170902000,0.0
1628170932000,0.0
1628170962000,0.0
1628170992000,0.0006024096385542169
1628171022000,0.0
1628171052000,0.0
1628171082000,0.0006112469437652813
1628171112000,0.0
1628171142000,0.0
1628171172000,0.0
1628171202000,0.0
1628171232000,0.0006053268765133173
1628171262000,0.0012285012285012285
1628171292000,0.0
1628171322000,0.0
1628171352000,0.0005977286312014345
1628171382000,0.0006075334143377885
1628171412000,0.0006097560975609756
1628171442000,0.0
1628171472000,0.0
1628171502000,0.0
1628171532000,0.0
1628171562000,0.0
1628171592000,0.0
1628171622000,0.0
1628171652000,0.0
1628171682000,0.0005980861244019139
1628171712000,0.0005910165484633571
1628171742000,0.0
1628171772000,0.0006112469437652813
1628171802000,0.0
1628171832000,0.0005970149253731342
1628171862000,0.0
1628171892000,0.0
1628171922000,0.0
1628171952000,0.0006146281499692684
1628171982000,0.0
1628172012000,0.0
1628172042000,0.0
1628172072000,0.0006045949214026603
1628172102000,0.0
1628172132000,0.0
1628172162000,0.0
1628172192000,0.0006101281269066504
1628172222000,0.0
1628172252000,0.0006101281269066504
1628172282000,0.0
1628172312000,0.0006024096385542169
1628172342000,0.0005955926146515784
1628172372000,0.0
1628172402000,0.0006180469715698393
1628172432000,0.0005889281507656067
1628172462000,0.0
1628172492000,0.0
1628172522000,0.0
1628172552000,0.0
1628172582000,0.0006042296072507553
1628172612000,0.0
1628172642000,0.0006024096385542169
1628172672000,0.0
1628172702000,0.0
1628172732000,0.0006006006006006006
1628172762000,0.0
1628172792000,0.0
1628172822000,0.0
1628172852000,0.0005896226415094339
1628172882000,0.0
1628172912000,0.0006042296072507553
1628172942000,0.0
1628172972000,0.0006031363088057902
1628173002000,0.0
1628173032000,0.0
1628173062000,0.0
1628173092000,0.0005995203836930455
1628173122000,0.0006006006006006006
1628173152000,0.0
1628173182000,0.0006056935190793457
1628173212000,0.0
1628173242000,0.0
1628173272000,0.0
1628173302000,0.001199040767386091
1628173332000,0.0006060606060606062
1628173362000,0.0006064281382656155
1628173392000,0.0005896226415094339
1628173422000,0.0
1628173452000,0.0006075334143377885
1628173482000,0.0
1628173512000,0.0
1628173542000,0.0006180469715698393
1628173572000,0.0
1628173602000,0.0006112469437652813
1628173632000,0.0005948839976204639
1628173662000,0.0011997600479904018
1628173692000,0.0
1628173722000,0.0
1628173752000,0.0
1628173782000,0.0
1628173812000,0.0005899705014749262
1628173842000,0.0
1628173872000,0.0
1628173902000,0.0005963029218843173
1628173932000,0.0
1628173962000,0.0006090133982947625
1628173992000,0.0
1628174022000,0.0
1628174052000,0.0
1628174082000,0.0
1628174112000,0.0006056935190793457
1628174142000,0.0
1628174172000,0.0
1628174202000,0.0012247397428046538
1628174232000,0.0
1628174262000,0.0
1628174292000,0.0006123698714023269
1628174322000,0.0
1628174352000,0.0
1628174382000,0.0006056935190793457
1628174412000,0.0
1628174442000,0.0005955926146515784
1628174472000,0.0
1628174502000,0.0
1628174532000,0.0
1628174562000,0.0
1628174592000,0.0
1628174622000,0.0
1628174652000,0.0
1628174682000,0.0
1628174712000,0.0006002400960384152
1628174742000,0.0005903187721369539
1628174772000,0.0
1628174802000,0.0
1628174832000,0.0
1628174862000,0.0
1628174892000,0.0
1628174922000,0.0005966587112171838
1628174952000,0.0
1628174982000,0.0
1628175012000,0.0006016847172081829
1628175042000,0.0006056935190793457
1628175072000,0.0
1628175102000,0.0006020469596628537
1628175132000,0.0
1628175162000,0.0
1628175192000,0.0
1628175222000,0.0
1628175252000,0.0005920663114268798
1628175282000,0.0
1628175312000,0.001218026796589525
1628175342000,0.0
1628175372000,0.0
1628175402000,0.0
1628175432000,0.0
1628175462000,0.0
1628175492000,0.0006082725060827251
1628175522000,0.0005963029218843173
1628175552000,0.0006079027355623102
1628175582000,0.0006027727546714887
1628175612000,0.0005955926146515784
1628175642000,0.0
1628175672000,0.0
1628175702000,0.0012048192771084338
1628175732000,0.0
1628175762000,0.0006123698714023269
1628175792000,0.0
1628175822000,0.0005991611743559018
1628175852000,0.0006218905472636817
1628175882000,0.0006119951040391675
1628175912000,0.0006071645415907711
1628175942000,0.0
1628175972000,0.0
1628176002000,0.0
1628176032000,0.0
1628176062000,0.0
1628176092000,0.0
1628176122000,0.0
1628176152000,0.0005980861244019139
1628176182000,0.0005920663114268798
1628176212000,0.0006024096385542169
1628176242000,0.0012135922330097086
1628176272000,0.0
1628176302000,0.0006009615384615385
1628176332000,0.0
1628176362000,0.0
1628176392000,0.0006009615384615385
1628176422000,0.0
1628176452000,0.0006053268765133173
1628176482000,0.0
1628176512000,0.0
1628176542000,0.0
1628176572000,0.0
1628176602000,0.0
1628176632000,0.0
1628176662000,0.0
1628176692000,0.0
1628176722000,0.0
1628176752000,0.0
1628176782000,0.0
1628176812000,0.0011968880909634947
1628176842000,0.0
1628176872000,0.0
1628176902000,0.0005875440658049354
1628176932000,0.0
1628176962000,0.0006049606775559589
1628176992000,0.0
1628177022000,0.0
1628177052000,0.0005973715651135006
1628177082000,0.0
1628177112000,0.0006191950464396285
1628177142000,0.0
1628177172000,0.0
1628177202000,0.0
1628177232000,0.0006020469596628537
1628177262000,0.0005988023952095807
1628177292000,0.0
1628177322000,0.0
1628177352000,0.0006042296072507553
1628177382000,0.0005948839976204639
1628177412000,0.0
1628177442000,0.0
1628177472000,0.0
1628177502000,0.0
1628177532000,0.0006218905472636817
1628177562000,0.0
1628177592000,0.0
1628177622000,0.0
1628177652000,0.0006097560975609756
1628177682000,0.0
1628177712000,0.0006038647342995169
1628177742000,0.0
1628177772000,0.0006064281382656155
1628177802000,0.0
1628177832000,0.0
1628177862000,0.0005988023952095807
1628177892000,0.0
1628177922000,0.0
1628177952000,0.0
1628177982000,0.0006090133982947625
1628178012000,0.0
1628178042000,0.0
1628178072000,0.0
1628178102000,0.0
1628178132000,0.0006108735491753207
1628178162000,0.0
1628178192000,0.0
1628178222000,0.0
1628178252000,0.0
1628178282000,0.0
1628178312000,0.0006016847172081829
1628178342000,0.0
1628178372000,0.0
1628178402000,0.0
1628178432000,0.0006165228113440197
1628178462000,0.0005963029218843173
1628178492000,0.0
1628178522000,0.0012399256044637321
1628178552000,0.0
1628178582000,0.0
1628178612000,0.0
1628178642000,0.0
1628178672000,0.0006093845216331506
1628178702000,0.0
1628178732000,0.0
1628178762000,0.0
1628178792000,0.0
1628178822000,0.0
1628178852000,0.0006049606775559589
1628178882000,0.0006153846153846153
1628178912000,0.0006020469596628537
1628178942000,0.0006013229104028864
1628178972000,0.0
1628179002000,0.0006169031462060457
1628179032000,0.0
1628179062000,0.0
1628179092000,0.0
1628179122000,0.0
1628179152000,0.0006131207847946045
1628179182000,0.0006016847172081829
1628179212000,0.0
1628179242000,0.0
1628179272000,0.0005813953488372093
1628179302000,0.0006131207847946045
1628179332000,0.0
1628179362000,0.0
1628179392000,0.0005959475566150177
1628179422000,0.0
1628179452000,0.0
1628179482000,0.0
1628179512000,0.0006169031462060457
1628179542000,0.0
1628179572000,0.0
1628179602000,0.0005810575246949448
1628179632000,0.0
1628179662000,0.0006108735491753207
1628179692000,0.0005988023952095807
1628179722000,0.0006086427267194157
1628179752000,0.0
1628179782000,0.0
1628179812000,0.0
1628179842000,0.0006064281382656155
1628179872000,0.0006006006006006006
1628179902000,0.0
1628179932000,0.0006056935190793457
1628179962000,0.0006134969325153375
1628179992000,0.0
1628180022000,0.0
1628180052000,0.0
1628180082000,0.0
1628180112000,0.0
1628180142000,0.0
1628180172000,0.0
1628180202000,0.0012004801920768304
1628180232000,0.0
1628180262000,0.0
1628180292000,0.0006031363088057902
1628180322000,0.0
1628180352000,0.0
1628180382000,0.0
1628180412000,0.0
1628180442000,0.0006142506142506142
1628180472000,0.0005970149253731342
1628180502000,0.0
1628180532000,0.0006180469715698393
1628180562000,0.0005959475566150177
1628180592000,0.0
1628180622000,0.0
1628180652000,0.0
1628180682000,0.0005984440454817473
1628180712000,0.0
1628180742000,0.0
1628180772000,0.0006079027355623102
1628180802000,0.0005984440454817473
1628180832000,0.0
1628180862000,0.0
1628180892000,0.0
1628180922000,0.0
1628180952000,0.0
1628180982000,0.0
1628181012000,0.0
1628181042000,0.0
1628181072000,0.0006067961165048543
1628181102000,0.002378121284185493
1628181132000,0.0006101281269066504
1628181162000,0.0006112469437652813
1628181192000,0.0
1628181222000,0.0006038647342995169
1628181252000,0.0
1628181282000,0.0
1628181312000,0.0
1628181342000,0.0
1628181372000,0.0
1628181402000,0.0
1628181432000,0.0005955926146515784
1628181462000,0.0
1628181492000,0.0
1628181522000,0.0006108735491753207
1628181552000,0.0005906674542232723
1628181582000,0.0006053268765133173
1628181612000,0.0
1628181642000,0.0
1628181672000,0.0006188118811881187
1628181702000,0.0006090133982947625
1628181732000,0.0
1628181762000,0.0
1628181792000,0.0
1628181822000,0.0
1628181852000,0.0
1628181882000,0.0
1628181912000,0.0006116207951070336
1628181942000,0.0011841326228537595
1628181972000,0.0
1628182002000,0.0006042296072507553
1628182032000,0.0006157635467980296
1628182062000,0.0
1628182092000,0.0
1628182122000,0.0
1628182152000,0.0
1628182182000,0.0006009615384615385
1628182212000,0.0005970149253731342
1628182242000,0.0005995203836930455
1628182272000,0.0
1628182302000,0.0006127450980392157
1628182332000,0.0
1628182362000,0.0006090133982947625
1628182392000,0.0006071645415907711
1628182422000,0.0
1628182452000,0.0005938242280285036
1628182482000,0.0
1628182512000,0.0006131207847946045
1628182542000,0.0
1628182572000,0.0
1628182602000,0.0
1628182632000,0.0006127450980392157
1628182662000,0.0
1628182692000,0.0
1628182722000,0.0
1628182752000,0.0
1628182782000,0.0
1628182812000,0.0006086427267194157
1628182842000,0.0006038647342995169
1628182872000,0.0
1628182902000,0.0
1628182932000,0.0005995203836930455
1628182962000,0.0006049606775559589
1628182992000,0.0
1628183022000,0.0
1628183052000,0.0
1628183082000,0.0
1628183112000,0.0006027727546714887
1628183142000,0.0
1628183172000,0.0006112469437652813
1628183202000,0.0006082725060827251
1628183232000,0.0005910165484633571
1628183262000,0.0
1628183292000,0.0005980861244019139
1628183322000,0.0
1628183352000,0.0
1628183382000,0.0006056935190793457
1628183412000,0.0
1628183442000,0.0
1628183472000,0.0
1628183502000,0.0006226650062266501
1628183532000,0.0
1628183562000,0.0
1628183592000,0.0006013229104028864
1628183622000,0.0005977286312014345
1628183652000,0.0
1628183682000,0.0
1628183712000,0.0
1628183742000,0.0006142506142506142
1628183772000,0.0
1628183802000,0.0
1628183832000,0.0005980861244019139
1628183862000,0.0006002400960384152
1628183892000,0.0
1628183922000,0.0
1628183952000,0.0
1628183982000,0.0
1628184012000,0.0005984440454817473
1628184042000,0.0
1628184072000,0.0
1628184102000,0.0
1628184132000,0.0
1628184162000,0.0006112469437652813
1628184192000,0.0
1628184222000,0.0
1628184252000,0.0
1628184282000,0.0
1628184312000,0.0006131207847946045
1628184342000,0.0
1628184372000,0.0005984440454817473
1628184402000,0.0
1628184432000,0.0
1628184462000,0.0006016847172081829
1628184492000,0.0
1628184522000,0.0
1628184552000,0.0
1628184582000,0.0
1628184612000,0.0
1628184642000,0.0
1628184672000,0.0005913660555884093
1628184702000,0.0005844535359438924
1628184732000,0.0
1628184762000,0.0006131207847946045
1628184792000,0.0
1628184822000,0.0006027727546714887
1628184852000,0.0
1628184882000,0.0
1628184912000,0.0
1628184942000,0.0
1628184972000,0.0
1628185002000,0.0
1628185032000,0.0005995203836930455
1628185062000,0.0
1628185092000,0.0
1628185122000,0.0
1628185152000,0.0
1628185182000,0.0
1628185212000,0.0
1628185242000,0.0011968880909634947
1628185272000,0.0
1628185302000,0.0006215040397762585
1628185332000,0.0
1628185362000,0.0
1628185392000,0.0006060606060606062
1628185422000,0.0
1628185452000,0.0006093845216331506
1628185482000,0.0
1628185512000,0.0
1628185542000,0.0006101281269066504
1628185572000,0.0
1628185602000,0.0
1628185632000,0.0
1628185662000,0.0
1628185692000,0.0
1628185722000,0.0
1628185752000,0.0
1628185782000,0.0006045949214026603
1628185812000,0.0
1628185842000,0.0
1628185872000,0.0
1628185902000,0.0
1628185932000,0.0006222775357809582
1628185962000,0.0
1628185992000,0.0006142506142506142
1628186022000,0.0012135922330097086
1628186052000,0.0006024096385542169
1628186082000,0.0
1628186112000,0.0
1628186142000,0.0006013229104028864
1628186172000,0.0
1628186202000,0.0
1628186232000,0.0006134969325153375
1628186262000,0.0006053268765133173
1628186292000,0.0006067961165048543
1628186322000,0.001226241569589209
1628186352000,0.0
1628186382000,0.0
1628186412000,0.0005875440658049354
1628186442000,0.0005896226415094339
1628186472000,0.0
1628186502000,0.0006079027355623102
1628186532000,0.0006108735491753207
1628186562000,0.0
1628186592000,0.0006060606060606062
1628186622000,0.0
1628186652000,0.0
1628186682000,0.0006165228113440197
1628186712000,0.0
1628186742000,0.0006082725060827251
1628186772000,0.0
1628186802000,0.0
1628186832000,0.0
1628186862000,0.0006064281382656155
1628186892000,0.0005934718100890207
1628186922000,0.0
1628186952000,0.0
1628186982000,0.0
1628187012000,0.0
1628187042000,0.0005977286312014345
1628187072000,0.0
1628187102000,0.0
1628187132000,0.0005995203836930455
1628187162000,0.0
1628187192000,0.0
1628187222000,0.0
1628187252000,0.0
1628187282000,0.0006153846153846153
1628187312000,0.0
1628187342000,0.0006086427267194157
1628187372000,0.0
1628187402000,0.0
1628187432000,0.0006112469437652813
1628187462000,0.0
1628187492000,0.0006002400960384152
1628187522000,0.0
1628187552000,0.0
1628187582000,0.0006031363088057902
1628187612000,0.0
1628187642000,0.0
1628187672000,0.0
1628187702000,0.0
1628187732000,0.0
1628187762000,0.0
1628187792000,0.0
1628187822000,0.0
1628187852000,0.0005991611743559018
1628187882000,0.0
1628187912000,0.0006108735491753207
1628187942000,0.0
1628187972000,0.0
1628188002000,0.0012254901960784314
1628188032000,0.0
1628188062000,0.0006020469596628537
1628188092000,0.0006131207847946045
1628188122000,0.0
1628188152000,0.0006049606775559589
1628188182000,0.0
1628188212000,0.0
1628188242000,0.0006064281382656155
1628188272000,0.0
1628188302000,0.0
1628188332000,0.0
1628188362000,0.0
1628188392000,0.0
1628188422000,0.0
1628188452000,0.0
1628188482000,0.0
1628188512000,0.0
1628188542000,0.0006006006006006006
1628188572000,0.0005945303210463732
1628188602000,0.0
1628188632000,0.0
1628188662000,0.0
1628188692000,0.0
1628188722000,0.0006016847172081829
1628188752000,0.0
1628188782000,0.0
1628188812000,0.0
1628188842000,0.0006038647342995169
1628188872000,0.0
1628188902000,0.0
1628188932000,0.0005963029218843173
1628188962000,0.0006067961165048543
1628188992000,0.0005998800239952009
1628189022000,0.0
1628189052000,0.0
1628189082000,0.0
1628189112000,0.0006105006105006105
1628189142000,0.0
1628189172000,0.0
1628189202000,0.0
1628189232000,0.0006056935190793457
1628189262000,0.0
1628189292000,0.0
1628189322000,0.0006131207847946045
1628189352000,0.0006101281269066504
1628189382000,0.0
1628189412000,0.0006184291898577612
1628189442000,0.0
1628189472000,0.0005984440454817473
1628189502000,0.0
1628189532000,0.0005984440454817473
1628189562000,0.0
1628189592000,0.0
1628189622000,0.0
1628189652000,0.0
1628189682000,0.0
1628189712000,0.0006119951040391675
1628189742000,0.0
1628189772000,0.0
1628189802000,0.0
1628189832000,0.0
1628189862000,0.0
1628189892000,0.0
1628189922000,0.0005977286312014345
1628189952000,0.0006134969325153375
1628189982000,0.0
1628190012000,0.0
1628190042000,0.0
1628190072000,0.0
1628190102000,0.0
1628190132000,0.0005998800239952009
1628190162000,0.0
1628190192000,0.0
1628190222000,0.0
1628190252000,0.0006038647342995169
1628190282000,0.0006093845216331506
1628190312000,0.0
1628190342000,0.0
1628190372000,0.0006049606775559589
1628190402000,0.0
1628190432000,0.0006112469437652813
1628190462000,0.0
1628190492000,0.0
1628190522000,0.0
1628190552000,0.0
1628190582000,0.0006116207951070336
1628190612000,0.0006101281269066504
1628190642000,0.0
1628190672000,0.001201923076923077
1628190702000,0.0
1628190732000,0.0005991611743559018
1628190762000,0.0006097560975609756
1628190792000,0.0
1628190822000,0.0
1628190852000,0.0
1628190882000,0.0006009615384615385
1628190912000,0.0
1628190942000,0.0006027727546714887
1628190972000,0.001199040767386091
1628191002000,0.0006146281499692684
1628191032000,0.0
1628191062000,0.0005899705014749262
1628191092000,0.0005938242280285036
1628191122000,0.0
1628191152000,0.0006142506142506142
1628191182000,0.0
1628191212000,0.0
1628191242000,0.0
1628191272000,0.0
1628191302000,0.0
1628191332000,0.0
1628191362000,0.0
1628191392000,0.0
1628191422000,0.0012217470983506415
1628191452000,0.0006116207951070336
1628191482000,0.0
1628191512000,0.0
1628191542000,0.0
1628191572000,0.0006053268765133173
1628191602000,0.0
1628191632000,0.0
1628191662000,0.0
1628191692000,0.0005868544600938967
1628191722000,0.0
1628191752000,0.0
1628191782000,0.0
1628191812000,0.0
1628191842000,0.0
1628191872000,0.0006108735491753207
1628191902000,0.0
1628191932000,0.0
1628191962000,0.0
1628191992000,0.0006035003017501509
1628192022000,0.0
1628192052000,0.0006031363088057902
1628192082000,0.0
1628192112000,0.0
1628192142000,0.0
1628192172000,0.0
1628192202000,0.0
1628192232000,0.0
1628192262000,0.0006031363088057902
1628192292000,0.0005913660555884093
1628192322000,0.0006112469437652813
1628192352000,0.0005973715651135006
1628192382000,0.0
1628192412000,0.0
1628192442000,0.0
1628192472000,0.0005820721769499418
1628192502000,0.0006112469437652813
1628192532000,0.0
1628192562000,0.0005988023952095807
1628192592000,0.0005868544600938967
1628192622000,0.0
1628192652000,0.0
1628192682000,0.0
1628192712000,0.0
1628192742000,0.0
1628192772000,0.0
1628192802000,0.0006045949214026603
1628192832000,0.0006020469596628537
1628192862000,0.0006101281269066504
1628192892000,0.0
1628192922000,0.0006056935190793457
1628192952000,0.0005991611743559018
1628192982000,0.0
1628193012000,0.0
1628193042000,0.0
1628193072000,0.0
1628193102000,0.0005991611743559018
1628193132000,0.0
1628193162000,0.0006064281382656155
1628193192000,0.0
1628193222000,0.0
1628193252000,0.0
1628193282000,0.0
1628193312000,0.0
1628193342000,0.0
1628193372000,0.0
1628193402000,0.0006090133982947625
1628193432000,0.0
1628193462000,0.0
1628193492000,0.0
1628193522000,0.0
1628193552000,0.0
1628193582000,0.0006108735491753207
1628193612000,0.0005952380952380952
1628193642000,0.0006064281382656155
1628193672000,0.0
1628193702000,0.0
1628193732000,0.0
1628193762000,0.0005998800239952009
1628193792000,0.0
1628193822000,0.0
1628193852000,0.0
1628193882000,0.0
1628193912000,0.0
1628193942000,0.0
1628193972000,0.0
1628194002000,0.0
1628194032000,0.0
1628194062000,0.0
1628194092000,0.0
1628194122000,0.0
1628194152000,0.001195457262402869
1628194182000,0.0006093845216331506
1628194212000,0.0
1628194242000,0.0006006006006006006
1628194272000,0.0
1628194302000,0.0
1628194332000,0.0
1628194362000,0.0
1628194392000,0.0005913660555884093
1628194422000,0.0005970149253731342
1628194452000,0.0
1628194482000,0.0
1628194512000,0.0
1628194542000,0.0
1628194572000,0.0005977286312014345
1628194602000,0.0
1628194632000,0.0
1628194662000,0.0
1628194692000,0.0
1628194722000,0.0
1628194752000,0.0006086427267194157
1628194782000,0.0005998800239952009
1628194812000,0.0
1628194842000,0.0
1628194872000,0.0006138735420503376
1628194902000,0.0006176652254478072
1628194932000,0.0
1628194962000,0.0
1628194992000,0.0006079027355623102
1628195022000,0.0
1628195052000,0.0
1628195082000,0.0
1628195112000,0.0006195786864931846
1628195142000,0.0
1628195172000,0.0
1628195202000,0.0
1628195232000,0.0006157635467980296
1628195262000,0.0
1628195292000,0.0006157635467980296
1628195322000,0.00121580547112462
1628195352000,0.0
1628195382000,0.0
1628195412000,0.0006211180124223603
1628195442000,0.0005948839976204639
1628195472000,0.0
1628195502000,0.0005966587112171838
1628195532000,0.0006226650062266501
1628195562000,0.0
1628195592000,0.0006067961165048543
1628195622000,0.0005924170616113746
1628195652000,0.0
1628195682000,0.0
1628195712000,0.0006045949214026603
1628195742000,0.0
1628195772000,0.0006016847172081829
1628195802000,0.0006172839506172839
1628195832000,0.0
1628195862000,0.0006049606775559589
1628195892000,0.0005941770647653001
1628195922000,0.0005896226415094339
1628195952000,0.0
1628195982000,0.0006191950464396285
1628196012000,0.0006042296072507553
1628196042000,0.0
1628196072000,0.0
1628196102000,0.0005865102639296188
1628196132000,0.0
1628196162000,0.0006153846153846153
1628196192000,0.0
1628196222000,0.0
1628196252000,0.0006097560975609756
1628196282000,0.0
1628196312000,0.0
1628196342000,0.0
1628196372000,0.0006056935190793457
1628196402000,0.0
1628196432000,0.0006150061500615006
1628196462000,0.0
1628196492000,0.0
1628196522000,0.0
1628196552000,0.0
1628196582000,0.0
1628196612000,0.0
1628196642000,0.0
1628196672000,0.0
1628196702000,0.0005977286312014345
1628196732000,0.0006180469715698393
1628196762000,0.0
1628196792000,0.0
1628196822000,0.0
1628196852000,0.0005934718100890207
1628196882000,0.0
1628196912000,0.0
1628196942000,0.0006049606775559589
1628196972000,0.0006035003017501509
1628197002000,0.0
1628197032000,0.0
1628197062000,0.0
1628197092000,0.0
1628197122000,0.0
1628197152000,0.0005885815185403178
1628197182000,0.0006038647342995169
1628197212000,0.0
1628197242000,0.0006082725060827251
1628197272000,0.0
1628197302000,0.0
1628197332000,0.0
1628197362000,0.0006045949214026603
1628197392000,0.0006138735420503376
1628197422000,0.0006079027355623102
1628197452000,0.0
1628197482000,0.0006112469437652813
1628197512000,0.0005973715651135006
1628197542000,0.0005878894767783657
1628197572000,0.0
1628197602000,0.0
1628197632000,0.0005998800239952009
1628197662000,0.0
1628197692000,0.0006009615384615385
1628197722000,0.0
1628197752000,0.0005959475566150177
1628197782000,0.0006027727546714887
1628197812000,0.0
1628197842000,0.0
1628197872000,0.0
1628197902000,0.0
1628197932000,0.0
1628197962000,0.0
1628197992000,0.0
1628198022000,0.0
1628198052000,0.0
1628198082000,0.0
1628198112000,0.0
1628198142000,0.0
1628198172000,0.0005938242280285036
1628198202000,0.0
1628198232000,0.0006002400960384152
1628198262000,0.0
1628198292000,0.0006176652254478072
1628198322000,0.0
1628198352000,0.0006035003017501509
1628198382000,0.0
1628198412000,0.0006064281382656155
1628198442000,0.0006131207847946045
1628198472000,0.0006169031462060457
1628198502000,0.0
1628198532000,0.0006101281269066504
1628198562000,0.0
1628198592000,0.0
1628198622000,0.0005941770647653001
1628198652000,0.0
1628198682000,0.0005998800239952009
1628198712000,0.0
1628198742000,0.0
1628198772000,0.0
1628198802000,0.0
1628198832000,0.0
1628198862000,0.0
1628198892000,0.0
1628198922000,0.0006138735420503376
1628198952000,0.0
1628198982000,0.0006024096385542169
1628199012000,0.0006045949214026603
1628199042000,0.0006131207847946045
1628199072000,0.0005924170616113746
1628199102000,0.0
1628199132000,0.0006020469596628537
1628199162000,0.0006116207951070336
1628199192000,0.0
1628199222000,0.0
1628199252000,0.0
1628199282000,0.000585480093676815
1628199312000,0.0012285012285012285
1628199342000,0.0
1628199372000,0.0006067961165048543
1628199402000,0.0
1628199432000,0.0005889281507656067
1628199462000,0.0005945303210463732
1628199492000,0.0
1628199522000,0.0
1628199552000,0.0006035003017501509
1628199582000,0.0
1628199612000,0.0006108735491753207
1628199642000,0.0
1628199672000,0.0
1628199702000,0.0
1628199732000,0.0
1628199762000,0.0
1628199792000,0.0006150061500615006
1628199822000,0.0
1628199852000,0.0
1628199882000,0.0
1628199912000,0.0
1628199942000,0.0006035003017501509
1628199972000,0.0006013229104028864
1628200002000,0.0
1628200032000,0.0
1628200062000,0.0
1628200092000,0.0006035003017501509
1628200122000,0.0
1628200152000,0.0012070006035003018
1628200182000,0.0
1628200212000,0.0006013229104028864
1628200242000,0.0
1628200272000,0.0
1628200302000,0.0
1628200332000,0.0012315270935960591
1628200362000,0.0
1628200392000,0.0
1628200422000,0.0006086427267194157
1628200452000,0.0006119951040391675
1628200482000,0.0006101281269066504
1628200512000,0.0
1628200542000,0.0005998800239952009
1628200572000,0.0006016847172081829
1628200602000,0.0005980861244019139
1628200632000,0.0
1628200662000,0.0005945303210463732
1628200692000,0.0
1628200722000,0.0
1628200752000,0.0
1628200782000,0.0006079027355623102
1628200812000,0.0
1628200842000,0.0005998800239952009
1628200872000,0.0
1628200902000,0.0
1628200932000,0.0005955926146515784
1628200962000,0.0
1628200992000,0.0
1628201022000,0.0
1628201052000,0.0
1628201082000,0.0
1628201112000,0.0006042296072507553
1628201142000,0.0
1628201172000,0.0
1628201202000,0.0
1628201232000,0.0
1628201262000,0.0006020469596628537
1628201292000,0.0
1628201322000,0.0
1628201352000,0.0006157635467980296
1628201382000,0.0
1628201412000,0.0005938242280285036
1628201442000,0.0006090133982947625
1628201472000,0.0
1628201502000,0.0006169031462060457
1628201532000,0.0006142506142506142
1628201562000,0.0006027727546714887
1628201592000,0.0
1628201622000,0.0
1628201652000,0.0
1628201682000,0.0
1628201712000,0.0006105006105006105
1628201742000,0.0
1628201772000,0.0
1628201802000,0.0
1628201832000,0.0
1628201862000,0.0
1628201892000,0.0006191950464396285
1628201922000,0.0
1628201952000,0.0
1628201982000,0.0005948839976204639
1628202012000,0.0
1628202042000,0.0
1628202072000,0.0
1628202102000,0.0006153846153846153
1628202132000,0.0006199628022318662
1628202162000,0.0
1628202192000,0.0
1628202222000,0.0005966587112171838
1628202252000,0.0
1628202282000,0.0
1628202312000,0.0005931198102016608
1628202342000,0.0
1628202372000,0.0
1628202402000,0.0
1628202432000,0.0
1628202462000,0.0
1628202492000,0.0
1628202522000,0.0
1628202552000,0.0005995203836930455
1628202582000,0.0
1628202612000,0.0
1628202642000,0.0
1628202672000,0.0
1628202702000,0.0
1628202732000,0.0006067961165048543
1628202762000,0.0
1628202792000,0.0006101281269066504
1628202822000,0.0006013229104028864
1628202852000,0.0
1628202882000,0.0006090133982947625
1628202912000,0.0
1628202942000,0.0006090133982947625
1628202972000,0.0005917159763313611
1628203002000,0.0
1628203032000,0.0
1628203062000,0.0006176652254478072
1628203092000,0.0
1628203122000,0.0
1628203152000,0.0
1628203182000,0.0006105006105006105
1628203212000,0.0006142506142506142
1628203242000,0.0
1628203272000,0.0
1628203302000,0.0005913660555884093
1628203332000,0.0
1628203362000,0.0005924170616113746
1628203392000,0.0
1628203422000,0.0
1628203452000,0.0
1628203482000,0.0006157635467980296
1628203512000,0.0006060606060606062
1628203542000,0.0
1628203572000,0.0
1628203602000,0.0
1628203632000,0.0
1628203662000,0.0
1628203692000,0.0005984440454817473
1628203722000,0.0
1628203752000,0.0
1628203782000,0.0
1628203812000,0.0006031363088057902
1628203842000,0.0
1628203872000,0.0
1628203902000,0.0
1628203932000,0.0005966587112171838
1628203962000,0.0006042296072507553
1628203992000,0.0
1628204022000,0.0
1628204052000,0.0006172839506172839
1628204082000,0.0
1628204112000,0.0
1628204142000,0.0
1628204172000,0.0
1628204202000,0.0006006006006006006
1628204232000,0.0
1628204262000,0.0006038647342995169
1628204292000,0.0
1628204322000,0.0
1628204352000,0.0
1628204382000,0.0
1628204412000,0.0006090133982947625
1628204442000,0.0
1628204472000,0.0
1628204502000,0.0
1628204532000,0.0006056935190793457
1628204562000,0.0
1628204592000,0.0
1628204622000,0.0012004801920768304
1628204652000,0.0
1628204682000,0.0
1628204712000,0.0
1628204742000,0.0
1628204772000,0.0
1628204802000,0.0
1628204832000,0.0
1628204862000,0.0
1628204892000,0.0005899705014749262
1628204922000,0.0
1628204952000,0.0
1628204982000,0.0005924170616113746
1628205012000,0.0
1628205042000,0.0
1628205072000,0.0005858230814294082
1628205102000,0.0
1628205132000,0.0
1628205162000,0.0
1628205192000,0.0
1628205222000,0.0005980861244019139
1628205252000,0.0
1628205282000,0.0005941770647653001
1628205312000,0.0
1628205342000,0.0
1628205372000,0.0006060606060606062
1628205402000,0.0
1628205432000,0.0
1628205462000,0.0
1628205492000,0.0
1628205522000,0.0005977286312014345
1628205552000,0.0
1628205582000,0.0
1628205612000,0.0
1628205642000,0.0
1628205672000,0.0
1628205702000,0.0006093845216331506
1628205732000,0.0
1628205762000,0.0
1628205792000,0.0
1628205822000,0.0
1628205852000,0.0006067961165048543
1628205882000,0.0
1628205912000,0.00117096018735363
1628205942000,0.0006127450980392157
1628205972000,0.0
1628206002000,0.0
1628206032000,0.0
1628206062000,0.0
1628206092000,0.0
1628206122000,0.0
1628206152000,0.0
1628206182000,0.0005991611743559018
1628206212000,0.0006060606060606062
1628206242000,0.0
1628206272000,0.0
1628206302000,0.0
1628206332000,0.0
1628206362000,0.0
1628206392000,0.0
1628206422000,0.0005924170616113746
1628206452000,0.0
1628206482000,0.0
1628206512000,0.0
1628206542000,0.0
1628206572000,0.0
1628206602000,0.0
1628206632000,0.0005973715651135006
1628206662000,0.0005941770647653001
1628206692000,0.0005998800239952009
1628206722000,0.0
1628206752000,0.0
1628206782000,0.0006123698714023269
1628206812000,0.0
1628206842000,0.0
1628206872000,0.0
1628206902000,0.0006105006105006105
1628206932000,0.0005984440454817473
1628206962000,0.0
1628206992000,0.0
1628207022000,0.0006079027355623102
1628207052000,0.0011869436201780415
1628207082000,0.0
1628207112000,0.0
1628207142000,0.0
1628207172000,0.0006086427267194157
1628207202000,0.0
1628207232000,0.0006199628022318662
1628207262000,0.0
1628207292000,0.0006056935190793457
1628207322000,0.0
1628207352000,0.0
1628207382000,0.0011968880909634947
1628207412000,0.0006150061500615006
1628207442000,0.0
1628207472000,0.0
1628207502000,0.0
1628207532000,0.0
1628207562000,0.0
1628207592000,0.0006064281382656155
1628207622000,0.0
1628207652000,0.0006067961165048543
1628207682000,0.0
1628207712000,0.0
1628207742000,0.0
1628207772000,0.0
1628207802000,0.0
1628207832000,0.0
1628207862000,0.0
1628207892000,0.0006067961165048543
1628207922000,0.0
1628207952000,0.0
1628207982000,0.0
1628208012000,0.0
1628208042000,0.0
1628208072000,0.0
1628208102000,0.0
1628208132000,0.0006006006006006006
1628208162000,0.0
1628208192000,0.0006056935190793457
1628208222000,0.0
1628208252000,0.0006161429451632778
1628208282000,0.0005955926146515784
1628208312000,0.0
1628208342000,0.0
1628208372000,0.0
1628208402000,0.0
1628208432000,0.0
1628208462000,0.0
1628208492000,0.0006064281382656155
1628208522000,0.0
1628208552000,0.0006079027355623102
1628208582000,0.0
1628208612000,0.0
1628208642000,0.0006203473945409428
1628208672000,0.0
1628208702000,0.0005998800239952009
1628208732000,0.0006002400960384152
1628208762000,0.0006064281382656155
1628208792000,0.0
1628208822000,0.0
1628208852000,0.0
1628208882000,0.0
1628208912000,0.0
1628208942000,0.0006060606060606062
1628208972000,0.0006035003017501509
1628209002000,0.0
1628209032000,0.0005980861244019139
1628209062000,0.0
1628209092000,0.0006020469596628537
1628209122000,0.0
1628209152000,0.0
1628209182000,0.0
1628209212000,0.0005959475566150177
1628209242000,0.0
1628209272000,0.0006042296072507553
1628209302000,0.0
1628209332000,0.0
1628209362000,0.0005988023952095807
1628209392000,0.0
1628209422000,0.0006038647342995169
1628209452000,0.0006049606775559589
1628209482000,0.0
1628209512000,0.0005934718100890207
1628209542000,0.0011911852293031567
1628209572000,0.0
1628209602000,0.0
1628209632000,0.0006112469437652813
1628209662000,0.0
1628209692000,0.0006090133982947625
1628209722000,0.0
1628209752000,0.0
1628209782000,0.0
1628209812000,0.0005931198102016608
1628209842000,0.0005998800239952009
1628209872000,0.0006016847172081829
1628209902000,0.0
1628209932000,0.0006016847172081829
1628209962000,0.0
1628209992000,0.0
1628210022000,0.0
1628210052000,0.0
1628210082000,0.0
1628210112000,0.0006045949214026603
1628210142000,0.0
1628210172000,0.0
1628210202000,0.0006165228113440197
1628210232000,0.0
1628210262000,0.0005878894767783657
1628210292000,0.0
1628210322000,0.0006016847172081829
1628210352000,0.0
1628210382000,0.0
1628210412000,0.0006188118811881187
1628210442000,0.0
1628210472000,0.0005948839976204639
1628210502000,0.0005892751915144372
1628210532000,0.0
1628210562000,0.0
1628210592000,0.0006045949214026603
1628210622000,0.0006215040397762585
1628210652000,0.0006101281269066504
1628210682000,0.0
1628210712000,0.0
1628210742000,0.0005973715651135006
1628210772000,0.0
1628210802000,0.0
1628210832000,0.0006116207951070336
1628210862000,0.0006045949214026603
1628210892000,0.0
1628210922000,0.0
1628210952000,0.0
1628210982000,0.0005980861244019139
1628211012000,0.0006207324643078832
1628211042000,0.0005899705014749262
1628211072000,0.000585480093676815
1628211102000,0.0
1628211132000,0.0
1628211162000,0.000588235294117647
1628211192000,0.0
1628211222000,0.0
1628211252000,0.0
1628211282000,0.0
1628211312000,0.0
1628211342000,0.0
1628211372000,0.0
1628211402000,0.0006161429451632778
1628211432000,0.0006086427267194157
1628211462000,0.0006184291898577612
1628211492000,0.0
1628211522000,0.0
1628211552000,0.0
1628211582000,0.0
1628211612000,0.0
1628211642000,0.0
1628211672000,0.0
1628211702000,0.0
1628211732000,0.0
1628211762000,0.0
1628211792000,0.0006108735491753207
1628211822000,0.0
1628211852000,0.0
1628211882000,0.0005931198102016608
1628211912000,0.0
1628211942000,0.0
1628211972000,0.0
1628212002000,0.0006142506142506142
1628212032000,0.0006101281269066504
1628212062000,0.0
1628212092000,0.0
1628212122000,0.0
1628212152000,0.0
1628212182000,0.0
1628212212000,0.0006049606775559589
1628212242000,0.0006009615384615385
1628212272000,0.0
1628212302000,0.0006009615384615385
1628212332000,0.0
1628212362000,0.0005824111822947001
1628212392000,0.0
1628212422000,0.0
1628212452000,0.0
1628212482000,0.0
1628212512000,0.0
1628212542000,0.0006142506142506142
1628212572000,0.0
1628212602000,0.0
1628212632000,0.0
1628212662000,0.0
1628212692000,0.0
1628212722000,0.0005977286312014345
1628212752000,0.0
1628212782000,0.0
1628212812000,0.0
1628212842000,0.0
1628212872000,0.0
1628212902000,0.0
1628212932000,0.0
1628212962000,0.0
1628212992000,0.0006116207951070336
1628213022000,0.0
1628213052000,0.0
1628213082000,0.0006006006006006006
1628213112000,0.0
1628213142000,0.0005991611743559018
1628213172000,0.0
1628213202000,0.0005878894767783657
1628213232000,0.0005995203836930455
1628213262000,0.0
1628213292000,0.0
1628213322000,0.0
1628213352000,0.0
1628213382000,0.0
1628213412000,0.0006064281382656155
1628213442000,0.0006064281382656155
1628213472000,0.0
1628213502000,0.0
1628213532000,0.0005917159763313611
1628213562000,0.0
1628213592000,0.0006119951040391675
1628213622000,0.0
1628213652000,0.0
1628213682000,0.0
1628213712000,0.0
1628213742000,0.0
1628213772000,0.0
1628213802000,0.0
1628213832000,0.0
1628213862000,0.0006079027355623102
1628213892000,0.0006123698714023269
1628213922000,0.0006105006105006105
1628213952000,0.0
1628213982000,0.0
1628214012000,0.0
1628214042000,0.0
1628214072000,0.0
1628214102000,0.0
1628214132000,0.0
1628214162000,0.0
1628214192000,0.0
1628214222000,0.0
1628214252000,0.0
1628214282000,0.0
1628214312000,0.0
1628214342000,0.0
1628214372000,0.0
1628214402000,0.0
1628214432000,0.0
1628214462000,0.0
1628214492000,0.0005991611743559018
1628214522000,0.0005934718100890207
1628214552000,0.0006031363088057902
1628214582000,0.0
1628214612000,0.0
1628214642000,0.0006027727546714887
1628214672000,0.0
1628214702000,0.0
1628214732000,0.0
1628214762000,0.0
1628214792000,0.0
1628214822000,0.0
1628214852000,0.0005984440454817473
1628214882000,0.0
1628214912000,0.0
1628214942000,0.0
1628214972000,0.0
1628215002000,0.0
1628215032000,0.0
1628215062000,0.0
1628215092000,0.0
1628215122000,0.0
1628215152000,0.0005892751915144372
1628215182000,0.0006108735491753207
1628215212000,0.0012055455093429774
1628215242000,0.0006150061500615006
1628215272000,0.0005995203836930455
1628215302000,0.0
1628215332000,0.0
1628215362000,0.0006071645415907711
1628215392000,0.0005955926146515784
1628215422000,0.0
1628215452000,0.0
1628215482000,0.0
1628215512000,0.0006016847172081829
1628215542000,0.0
1628215572000,0.0
1628215602000,0.0
1628215632000,0.0005910165484633571
1628215662000,0.0006180469715698393
1628215692000,0.0
1628215722000,0.0
1628215752000,0.0012353304508956149
1628215782000,0.0
1628215812000,0.0
1628215842000,0.0
1628215872000,0.0005966587112171838
1628215902000,0.0005892751915144372
1628215932000,0.0005938242280285036
1628215962000,0.0
1628215992000,0.0
1628216022000,0.0006134969325153375
1628216052000,0.0
1628216082000,0.0006090133982947625
1628216112000,0.0
1628216142000,0.0
1628216172000,0.0006042296072507553
1628216202000,0.0006053268765133173
1628216232000,0.0005966587112171838
1628216262000,0.0006082725060827251
1628216292000,0.0
1628216322000,0.0
1628216352000,0.0
1628216382000,0.0
1628216412000,0.0
1628216442000,0.0006176652254478072
1628216472000,0.0
1628216502000,0.0
1628216532000,0.0
1628216562000,0.0005973715651135006
1628216592000,0.0
1628216622000,0.0
1628216652000,0.0
1628216682000,0.0
1628216712000,0.0006064281382656155
1628216742000,0.0
1628216772000,0.0005998800239952009
1628216802000,0.0
1628216832000,0.0006009615384615385
1628216862000,0.0
1628216892000,0.0
1628216922000,0.0006134969325153375
1628216952000,0.0
1628216982000,0.0006075334143377885
1628217012000,0.0
1628217042000,0.0
1628217072000,0.0005973715651135006
1628217102000,0.0
1628217132000,0.0
1628217162000,0.0
1628217192000,0.0006112469437652813
1628217222000,0.0
1628217252000,0.0006079027355623102
1628217282000,0.0
1628217312000,0.0
1628217342000,0.0005988023952095807
1628217372000,0.0
1628217402000,0.0006184291898577612
1628217432000,0.0006131207847946045
1628217462000,0.0
1628217492000,0.0006006006006006006
1628217522000,0.0
1628217552000,0.0005875440658049354
1628217582000,0.0006075334143377885
1628217612000,0.0005931198102016608
1628217642000,0.0
1628217672000,0.0
1628217702000,0.0005910165484633571
1628217732000,0.0
1628217762000,0.0005913660555884093
1628217792000,0.0005875440658049354
1628217822000,0.0
1628217852000,0.0
1628217882000,0.0006112469437652813
1628217912000,0.0
1628217942000,0.0
1628217972000,0.0
1628218002000,0.0
1628218032000,0.0
1628218062000,0.0
1628218092000,0.0
1628218122000,0.0
1628218152000,0.0
1628218182000,0.0
1628218212000,0.0006131207847946045
1628218242000,0.0006082725060827251
1628218272000,0.0
1628218302000,0.0
1628218332000,0.0
1628218362000,0.0
1628218392000,0.0005988023952095807
1628218422000,0.0
1628218452000,0.0005892751915144372
1628218482000,0.0005984440454817473
1628218512000,0.0
1628218542000,0.0
1628218572000,0.0
1628218602000,0.0
1628218632000,0.0
1628218662000,0.0
1628218692000,0.0
1628218722000,0.0006016847172081829
1628218752000,0.0
1628218782000,0.0006031363088057902
1628218812000,0.0006075334143377885
1628218842000,0.0
1628218872000,0.0
1628218902000,0.0005924170616113746
1628218932000,0.0
1628218962000,0.0
1628218992000,0.0
1628219022000,0.0
1628219052000,0.0
1628219082000,0.0
1628219112000,0.0006042296072507553
1628219142000,0.0005927682276229994
1628219172000,0.0006127450980392157
1628219202000,0.0
1628219232000,0.0
1628219262000,0.0006146281499692684
1628219292000,0.0
1628219322000,0.0
1628219352000,0.0
1628219382000,0.0
1628219412000,0.0006067961165048543
1628219442000,0.0006086427267194157
1628219472000,0.0006207324643078832
1628219502000,0.0006157635467980296
1628219532000,0.0005977286312014345
1628219562000,0.0006016847172081829
1628219592000,0.0006079027355623102
1628219622000,0.0
1628219652000,0.0
1628219682000,0.0
1628219712000,0.0
1628219742000,0.0
1628219772000,0.0
1628219802000,0.0
1628219832000,0.0
1628219862000,0.0006086427267194157
1628219892000,0.0
1628219922000,0.0005858230814294082
1628219952000,0.0
1628219982000,0.0006176652254478072
1628220012000,0.0005959475566150177
1628220042000,0.0
1628220072000,0.0
1628220102000,0.0
1628220132000,0.0
1628220162000,0.0
1628220192000,0.0
1628220222000,0.0
1628220252000,0.0006038647342995169
1628220282000,0.0
1628220312000,0.0006067961165048543
1628220342000,0.0
1628220372000,0.0
1628220402000,0.0
1628220432000,0.0
1628220462000,0.0
1628220492000,0.0006097560975609756
1628220522000,0.0
1628220552000,0.0006180469715698393
1628220582000,0.0
1628220612000,0.0
1628220642000,0.0
1628220672000,0.0
1628220702000,0.0
1628220732000,0.0006038647342995169
1628220762000,0.0
1628220792000,0.0
1628220822000,0.0005934718100890207
1628220852000,0.0006165228113440197
1628220882000,0.0
1628220912000,0.0
1628220942000,0.0
1628220972000,0.0
1628221002000,0.0006031363088057902
1628221032000,0.0
1628221062000,0.0006056935190793457
1628221092000,0.0
1628221122000,0.0005988023952095807
1628221152000,0.0006027727546714887
1628221182000,0.0005934718100890207
1628221212000,0.0006119951040391675
1628221242000,0.0006042296072507553
1628221272000,0.0005998800239952009
1628221302000,0.0
1628221332000,0.001212856276531231
1628221362000,0.0
1628221392000,0.0006009615384615385
1628221422000,0.0006127450980392157
1628221452000,0.0
1628221482000,0.0005955926146515784
1628221512000,0.0006134969325153375
1628221542000,0.0
1628221572000,0.0
1628221602000,0.0
1628221632000,0.0
1628221662000,0.0
1628221692000,0.0005875440658049354
1628221722000,0.0
1628221752000,0.0006172839506172839
1628221782000,0.0
1628221812000,0.0006184291898577612
1628221842000,0.0
1628221872000,0.0006101281269066504
1628221902000,0.0
1628221932000,0.0005945303210463732
1628221962000,0.0
1628221992000,0.0006031363088057902
1628222022000,0.0
1628222052000,0.0
1628222082000,0.0
1628222112000,0.0
1628222142000,0.0
1628222172000,0.0
1628222202000,0.0005948839976204639
1628222232000,0.0
1628222262000,0.0005810575246949448
1628222292000,0.0
1628222322000,0.0006027727546714887
1628222352000,0.0
1628222382000,0.0
1628222412000,0.0006165228113440197
1628222442000,0.0
1628222472000,0.0
1628222502000,0.0
1628222532000,0.0005998800239952009
1628222562000,0.0
1628222592000,0.0
1628222622000,0.0006067961165048543
1628222652000,0.0
1628222682000,0.0006146281499692684
1628222712000,0.0
1628222742000,0.0
1628222772000,0.0006027727546714887
1628222802000,0.0
1628222832000,0.0
1628222862000,0.0
1628222892000,0.0006067961165048543
1628222922000,0.0
1628222952000,0.0006053268765133173
1628222982000,0.0
1628223012000,0.0
1628223042000,0.0006142506142506142
1628223072000,0.0
1628223102000,0.0
1628223132000,0.0
1628223162000,0.0
1628223192000,0.0
1628223222000,0.0
1628223252000,0.0
1628223282000,0.0
1628223312000,0.0
1628223342000,0.0
1628223372000,0.0006195786864931846
1628223402000,0.0006093845216331506
1628223432000,0.0005906674542232723
1628223462000,0.0
1628223492000,0.0
1628223522000,0.0
1628223552000,0.0
1628223582000,0.0
1628223612000,0.0012135922330097086
1628223642000,0.0
1628223672000,0.0
1628223702000,0.0
1628223732000,0.0
1628223762000,0.0
1628223792000,0.0006016847172081829
1628223822000,0.0
1628223852000,0.0006134969325153375
1628223882000,0.0006053268765133173
1628223912000,0.0006119951040391675
1628223942000,0.0
1628223972000,0.0
1628224002000,0.0
1628224032000,0.0
1628224062000,0.0
1628224092000,0.0
1628224122000,0.0006161429451632778
1628224152000,0.0006146281499692684
1628224182000,0.0011813349084465446
1628224212000,0.0006042296072507553
1628224242000,0.0006006006006006006
1628224272000,0.0
1628224302000,0.0
1628224332000,0.0006071645415907711
1628224362000,0.0
1628224392000,0.0006199628022318662
1628224422000,0.0
1628224452000,0.0
1628224482000,0.0
1628224512000,0.0
1628224542000,0.0
1628224572000,0.0
1628224602000,0.0005984440454817473
1628224632000,0.0
1628224662000,0.0
1628224692000,0.0
1628224722000,0.0006105006105006105
1628224752000,0.0
1628224782000,0.0006006006006006006
1628224812000,0.0
1628224842000,0.0006105006105006105
1628224872000,0.0
1628224902000,0.0
1628224932000,0.0006150061500615006
1628224962000,0.0
1628224992000,0.0
1628225022000,0.0
1628225052000,0.0
1628225082000,0.0
1628225112000,0.0
1628225142000,0.0006071645415907711
1628225172000,0.0005984440454817473
1628225202000,0.0005844535359438924
1628225232000,0.0
1628225262000,0.0
1628225292000,0.0006142506142506142
1628225322000,0.0006150061500615006
1628225352000,0.0005920663114268798
1628225382000,0.0005861664712778429
1628225412000,0.0
1628225442000,0.0
1628225472000,0.0006199628022318662
1628225502000,0.0
1628225532000,0.0006067961165048543
1628225562000,0.0
1628225592000,0.0
1628225622000,0.0005938242280285036
1628225652000,0.0
1628225682000,0.0
1628225712000,0.0
1628225742000,0.0
1628225772000,0.0006067961165048543
1628225802000,0.0005917159763313611
1628225832000,0.0
1628225862000,0.0
1628225892000,0.0
1628225922000,0.0
1628225952000,0.0
1628225982000,0.0
1628226012000,0.0
1628226042000,0.0
1628226072000,0.0
1628226102000,0.0006138735420503376
1628226132000,0.0
1628226162000,0.0
1628226192000,0.0006097560975609756
1628226222000,0.0
1628226252000,0.0
1628226282000,0.0006035003017501509
1628226312000,0.0
1628226342000,0.0
1628226372000,0.0
1628226402000,0.0006134969325153375
1628226432000,0.0
1628226462000,0.0006013229104028864
1628226492000,0.0
1628226522000,0.0
1628226552000,0.0
1628226582000,0.0006203473945409428
1628226612000,0.0
1628226642000,0.0
1628226672000,0.0006031363088057902
1628226702000,0.0005963029218843173
1628226732000,0.0
1628226762000,0.0
1628226792000,0.0
1628226822000,0.0
1628226852000,0.0
1628226882000,0.0
1628226912000,0.0005963029218843173
1628226942000,0.0
1628226972000,0.0006176652254478072
1628227002000,0.0
1628227032000,0.0006176652254478072
1628227062000,0.0
1628227092000,0.0
1628227122000,0.0
1628227152000,0.0
1628227182000,0.0
1628227212000,0.0006006006006006006
1628227242000,0.0
1628227272000,0.0
1628227302000,0.0006203473945409428
1628227332000,0.0
1628227362000,0.0
1628227392000,0.0
1628227422000,0.0006002400960384152
1628227452000,0.0
1628227482000,0.0006116207951070336
1628227512000,0.0
1628227542000,0.0006053268765133173
1628227572000,0.0012254901960784314
1628227602000,0.0
1628227632000,0.0
1628227662000,0.0
1628227692000,0.0
1628227722000,0.0005952380952380952
1628227752000,0.0
1628227782000,0.0005970149253731342
1628227812000,0.0
1628227842000,0.0
1628227872000,0.0005952380952380952
1628227902000,0.0006067961165048543
1628227932000,0.0006127450980392157
1628227962000,0.0006134969325153375
1628227992000,0.0006172839506172839
1628228022000,0.0
1628228052000,0.0006006006006006006
1628228082000,0.0006191950464396285
1628228112000,0.0006172839506172839
1628228142000,0.0006093845216331506
1628228172000,0.0
1628228202000,0.0
1628228232000,0.0
1628228262000,0.0005938242280285036
1628228292000,0.0
1628228322000,0.0
1628228352000,0.0
1628228382000,0.0
1628228412000,0.0006134969325153375
1628228442000,0.0
1628228472000,0.0006045949214026603
1628228502000,0.0
1628228532000,0.0
1628228562000,0.0005988023952095807
1628228592000,0.0
1628228622000,0.0006042296072507553
1628228652000,0.0
1628228682000,0.0005995203836930455
1628228712000,0.0
1628228742000,0.0
1628228772000,0.0
1628228802000,0.0006153846153846153
1628228832000,0.0
1628228862000,0.0011926058437686346
1628228892000,0.0
1628228922000,0.0006009615384615385
1628228952000,0.0
1628228982000,0.0
1628229012000,0.0006013229104028864
1628229042000,0.0
1628229072000,0.0
1628229102000,0.0
1628229132000,0.0
1628229162000,0.0
1628229192000,0.0
1628229222000,0.0
1628229252000,0.0
1628229282000,0.0
1628229312000,0.0
1628229342000,0.0006180469715698393
1628229372000,0.0
1628229402000,0.0
1628229432000,0.0
1628229462000,0.0005973715651135006
1628229492000,0.0
1628229522000,0.0
1628229552000,0.0006042296072507553
1628229582000,0.0
1628229612000,0.0
1628229642000,0.0006082725060827251
1628229672000,0.0
1628229702000,0.0006053268765133173
1628229732000,0.000585480093676815
1628229762000,0.0006150061500615006
1628229792000,0.0006035003017501509
1628229822000,0.0
1628229852000,0.0011911852293031567
1628229882000,0.0
1628229912000,0.0
1628229942000,0.0006020469596628537
1628229972000,0.0
1628230002000,0.0006097560975609756
1628230032000,0.0
1628230062000,0.0006142506142506142
1628230092000,0.0
1628230122000,0.0006101281269066504
1628230152000,0.0
1628230182000,0.0
1628230212000,0.0
1628230242000,0.0
1628230272000,0.0
1628230302000,0.0006049606775559589
1628230332000,0.0
1628230362000,0.0
1628230392000,0.0
1628230422000,0.0
1628230452000,0.0
1628230482000,0.0
1628230512000,0.0
1628230542000,0.0
1628230572000,0.0006180469715698393
1628230602000,0.0
1628230632000,0.0005945303210463732
1628230662000,0.0
1628230692000,0.0
1628230722000,0.0
1628230752000,0.0005906674542232723
1628230782000,0.0
1628230812000,0.0
1628230842000,0.0006071645415907711
1628230872000,0.0
1628230902000,0.0
1628230932000,0.0
1628230962000,0.0
1628230992000,0.0
1628231022000,0.0
1628231052000,0.0006097560975609756
1628231082000,0.0
1628231112000,0.0
1628231142000,0.0
1628231172000,0.0
1628231202000,0.0
1628231232000,0.0
1628231262000,0.0
1628231292000,0.0
1628231322000,0.0
1628231352000,0.0
1628231382000,0.0
1628231412000,0.0005955926146515784
1628231442000,0.0006038647342995169
1628231472000,0.0
1628231502000,0.0005955926146515784
1628231532000,0.0005948839976204639
1628231562000,0.0
1628231592000,0.0
1628231622000,0.0006016847172081829
1628231652000,0.0
1628231682000,0.0
1628231712000,0.0
1628231742000,0.0
1628231772000,0.0006131207847946045
1628231802000,0.0005984440454817473
1628231832000,0.0006045949214026603
1628231862000,0.0
1628231892000,0.0006027727546714887
1628231922000,0.0
1628231952000,0.0
1628231982000,0.0006053268765133173
1628232012000,0.0005945303210463732
1628232042000,0.0006134969325153375
1628232072000,0.0
1628232102000,0.0
1628232132000,0.0
1628232162000,0.0
1628232192000,0.0
1628232222000,0.0
1628232252000,0.0006071645415907711
1628232282000,0.0005952380952380952
1628232312000,0.0006045949214026603
1628232342000,0.0
1628232372000,0.0006127450980392157
1628232402000,0.0
1628232432000,0.0006067961165048543
1628232462000,0.0
1628232492000,0.0
1628232522000,0.0
1628232552000,0.0
1628232582000,0.0
1628232612000,0.0
1628232642000,0.0
1628232672000,0.0
1628232702000,0.0
1628232732000,0.0006056935190793457
1628232762000,0.0006119951040391675
1628232792000,0.0
1628232822000,0.0006101281269066504
1628232852000,0.0005889281507656067
1628232882000,0.0
1628232912000,0.0
1628232942000,0.0006195786864931846
1628232972000,0.0
1628233002000,0.0006146281499692684
1628233032000,0.0
1628233062000,0.0
1628233092000,0.0
1628233122000,0.0
1628233152000,0.0
1628233182000,0.0
1628233212000,0.0006071645415907711
1628233242000,0.0006038647342995169
1628233272000,0.0
1628233302000,0.0
1628233332000,0.0006045949214026603
1628233362000,0.0
1628233392000,0.0
1628233422000,0.0
1628233452000,0.0005970149253731342
1628233482000,0.0
1628233512000,0.0
1628233542000,0.0
1628233572000,0.0
1628233602000,0.0005837711617046117
1628233632000,0.0
1628233662000,0.0
1628233692000,0.0005966587112171838
1628233722000,0.0
1628233752000,0.0
1628233782000,0.0
1628233812000,0.0012353304508956149
1628233842000,0.0
1628233872000,0.0006112469437652813
1628233902000,0.0
1628233932000,0.0
1628233962000,0.0005896226415094339
1628233992000,0.0
1628234022000,0.0
1628234052000,0.0
1628234082000,0.0011918951132300355
1628234112000,0.0
1628234142000,0.0
1628234172000,0.0
1628234202000,0.0
1628234232000,0.0006075334143377885
1628234262000,0.0006060606060606062
1628234292000,0.0
1628234322000,0.0
1628234352000,0.0
1628234382000,0.0
1628234412000,0.0
1628234442000,0.0006082725060827251
1628234472000,0.0005980861244019139
1628234502000,0.001223990208078335
1628234532000,0.0006038647342995169
1628234562000,0.0
1628234592000,0.0
1628234622000,0.0
1628234652000,0.0006172839506172839
1628234682000,0.0
1628234712000,0.0
1628234742000,0.0
1628234772000,0.0
1628234802000,0.0012195121951219512
1628234832000,0.0
1628234862000,0.0006020469596628537
1628234892000,0.0
1628234922000,0.0
1628234952000,0.0
1628234982000,0.0
1628235012000,0.0
1628235042000,0.0
1628235072000,0.0
1628235102000,0.0
1628235132000,0.0
1628235162000,0.0006097560975609756
1628235192000,0.0
1628235222000,0.0
1628235252000,0.0
1628235282000,0.0006101281269066504
1628235312000,0.0
1628235342000,0.0
1628235372000,0.0
1628235402000,0.0
1628235432000,0.0
1628235462000,0.0
1628235492000,0.0
1628235522000,0.0
1628235552000,0.0006207324643078832
1628235582000,0.0
1628235612000,0.0
1628235642000,0.0
1628235672000,0.0
1628235702000,0.0006184291898577612
1628235732000,0.0
1628235762000,0.0
1628235792000,0.0
1628235822000,0.0
1628235852000,0.0006049606775559589
1628235882000,0.0
1628235912000,0.0006169031462060457
1628235942000,0.0
1628235972000,0.0005920663114268798
1628236002000,0.0012113870381586915
1628236032000,0.0006071645415907711
1628236062000,0.0
1628236092000,0.0
1628236122000,0.0
1628236152000,0.0
1628236182000,0.0
1628236212000,0.0
1628236242000,0.0
1628236272000,0.0005851375073142189
1628236302000,0.0
1628236332000,0.0
1628236362000,0.0
1628236392000,0.0
1628236422000,0.0
1628236452000,0.0
1628236482000,0.0
1628236512000,0.0
1628236542000,0.0006009615384615385
1628236572000,0.0006090133982947625
1628236602000,0.0
1628236632000,0.0006071645415907711
1628236662000,0.0
1628236692000,0.0
1628236722000,0.0
1628236752000,0.0
1628236782000,0.0
1628236812000,0.0
1628236842000,0.0
1628236872000,0.0006123698714023269
1628236902000,0.0006079027355623102
1628236932000,0.0
1628236962000,0.0
1628236992000,0.0
1628237022000,0.0
1628237052000,0.0
1628237082000,0.0
1628237112000,0.0006172839506172839
1628237142000,0.0006146281499692684
1628237172000,0.0
1628237202000,0.0
1628237232000,0.0
1628237262000,0.0005963029218843173
1628237292000,0.0
1628237322000,0.0006060606060606062
1628237352000,0.0
1628237382000,0.0
1628237412000,0.0006079027355623102
1628237442000,0.0006035003017501509
1628237472000,0.0006042296072507553
1628237502000,0.0
1628237532000,0.0005820721769499418
1628237562000,0.0
1628237592000,0.0006056935190793457
1628237622000,0.0
1628237652000,0.0
1628237682000,0.0
1628237712000,0.0006079027355623102
1628237742000,0.0
1628237772000,0.0
1628237802000,0.0
1628237832000,0.0005938242280285036
1628237862000,0.0
1628237892000,0.0006150061500615006
1628237922000,0.0006131207847946045
1628237952000,0.0005927682276229994
1628237982000,0.0006079027355623102
1628238012000,0.0
1628238042000,0.0006056935190793457
1628238072000,0.0006067961165048543
1628238102000,0.0005948839976204639
1628238132000,0.0006020469596628537
1628238162000,0.0005931198102016608
1628238192000,0.0006060606060606062
1628238222000,0.0
1628238252000,0.0006157635467980296
1628238282000,0.0
1628238312000,0.0006071645415907711
1628238342000,0.0
1628238372000,0.0
1628238402000,0.0
1628238432000,0.0
1628238462000,0.0
1628238492000,0.0
1628238522000,0.0005948839976204639
1628238552000,0.0
1628238582000,0.0
1628238612000,0.0
1628238642000,0.0
1628238672000,0.0
1628238702000,0.0
1628238732000,0.0
1628238762000,0.0
1628238792000,0.0
1628238822000,0.0006169031462060457
1628238852000,0.0
1628238882000,0.0
1628238912000,0.0006079027355623102
1628238942000,0.0012091898428053206
1628238972000,0.0
1628239002000,0.0
1628239032000,0.0006131207847946045
1628239062000,0.0
1628239092000,0.0005966587112171838
1628239122000,0.0006123698714023269
1628239152000,0.0
1628239182000,0.0
1628239212000,0.0006203473945409428
1628239242000,0.0
1628239272000,0.0
1628239302000,0.0
1628239332000,0.0
1628239362000,0.0006035003017501509
1628239392000,0.0006031363088057902
1628239422000,0.0006199628022318662
1628239452000,0.0006049606775559589
1628239482000,0.0
1628239512000,0.0
1628239542000,0.0006049606775559589
1628239572000,0.0006218905472636817
1628239602000,0.0
1628239632000,0.0005899705014749262
1628239662000,0.0006105006105006105
1628239692000,0.0
1628239722000,0.0
1628239752000,0.0
1628239782000,0.0
1628239812000,0.0005913660555884093
1628239842000,0.0006127450980392157
1628239872000,0.0
1628239902000,0.0
1628239932000,0.0
1628239962000,0.0
1628239992000,0.0
1628240022000,0.0
1628240052000,0.0006184291898577612
1628240082000,0.0
1628240112000,0.0005998800239952009
1628240142000,0.0
1628240172000,0.0
1628240202000,0.0
1628240232000,0.0006127450980392157
1628240262000,0.0
1628240292000,0.0006131207847946045
1628240322000,0.0005868544600938967
1628240352000,0.0
1628240382000,0.0
1628240412000,0.0
1628240442000,0.0
1628240472000,0.0
1628240502000,0.0006165228113440197
1628240532000,0.0
1628240562000,0.0
1628240592000,0.0
1628240622000,0.0006002400960384152
1628240652000,0.0005955926146515784
1628240682000,0.0
1628240712000,0.0006053268765133173
1628240742000,0.0
1628240772000,0.0
1628240802000,0.0
1628240832000,0.0
1628240862000,0.0006038647342995169
1628240892000,0.0
1628240922000,0.0006006006006006006
1628240952000,0.0006097560975609756
1628240982000,0.0
1628241012000,0.0
1628241042000,0.0006056935190793457
1628241072000,0.0006150061500615006
1628241102000,0.0
1628241132000,0.0006161429451632778
1628241162000,0.0
1628241192000,0.0
1628241222000,0.0
1628241252000,0.0006013229104028864
1628241282000,0.0
1628241312000,0.0
1628241342000,0.0006071645415907711
1628241372000,0.0006119951040391675
1628241402000,0.0012091898428053206
1628241432000,0.0
1628241462000,0.0
1628241492000,0.0006045949214026603
1628241522000,0.0012195121951219512
1628241552000,0.0
1628241582000,0.0
1628241612000,0.0005952380952380952
1628241642000,0.0006006006006006006
1628241672000,0.0
1628241702000,0.0005984440454817473
1628241732000,0.0
1628241762000,0.0006002400960384152
1628241792000,0.0
1628241822000,0.0
1628241852000,0.0
1628241882000,0.0006090133982947625
1628241912000,0.0
1628241942000,0.0
1628241972000,0.0
1628242002000,0.0006093845216331506
1628242032000,0.0
1628242062000,0.0
1628242092000,0.0006134969325153375
1628242122000,0.0006079027355623102
1628242152000,0.0
1628242182000,0.0
1628242212000,0.0
1628242242000,0.0
1628242272000,0.0006230529595015578
1628242302000,0.0
1628242332000,0.0
1628242362000,0.0
1628242392000,0.0
1628242422000,0.0006042296072507553
1628242452000,0.0
1628242482000,0.0
1628242512000,0.0
1628242542000,0.0
1628242572000,0.0006131207847946045
1628242602000,0.0
1628242632000,0.0
1628242662000,0.0005938242280285036
1628242692000,0.001223990208078335
1628242722000,0.0006131207847946045
1628242752000,0.0
1628242782000,0.0
1628242812000,0.0
1628242842000,0.0
1628242872000,0.0
1628242902000,0.0
1628242932000,0.0011883541295306002
1628242962000,0.0006038647342995169
1628242992000,0.0
1628243022000,0.0005941770647653001
1628243052000,0.0
1628243082000,0.0
1628243112000,0.0
1628243142000,0.001203369434416366
1628243172000,0.0
1628243202000,0.0
1628243232000,0.0
1628243262000,0.0
1628243292000,0.0005995203836930455
1628243322000,0.0
1628243352000,0.0006045949214026603
1628243382000,0.000588235294117647
1628243412000,0.0
1628243442000,0.0
1628243472000,0.0
1628243502000,0.001195457262402869
1628243532000,0.0006142506142506142
1628243562000,0.0
1628243592000,0.0
1628243622000,0.0006119951040391675
1628243652000,0.0
1628243682000,0.0005934718100890207
1628243712000,0.0006127450980392157
1628243742000,0.0012004801920768304
1628243772000,0.0
1628243802000,0.0
1628243832000,0.0
1628243862000,0.0
1628243892000,0.0
1628243922000,0.0
1628243952000,0.0
1628243982000,0.0
1628244012000,0.0005970149253731342
1628244042000,0.0
1628244072000,0.0
1628244102000,0.0006165228113440197
1628244132000,0.0006006006006006006
1628244162000,0.0006056935190793457
1628244192000,0.0
1628244222000,0.0
1628244252000,0.0
1628244282000,0.0005952380952380952
1628244312000,0.0
1628244342000,0.0
1628244372000,0.0
1628244402000,0.0
1628244432000,0.0006013229104028864
1628244462000,0.0
1628244492000,0.0
1628244522000,0.0006082725060827251
1628244552000,0.0
1628244582000,0.0
1628244612000,0.0006134969325153375
1628244642000,0.0
1628244672000,0.0005924170616113746
1628244702000,0.0
1628244732000,0.0
1628244762000,0.0
1628244792000,0.0005844535359438924
1628244822000,0.0
1628244852000,0.0005995203836930455
1628244882000,0.0
1628244912000,0.0
1628244942000,0.0006108735491753207
1628244972000,0.0005941770647653001
1628245002000,0.0005948839976204639
1628245032000,0.0
1628245062000,0.0006112469437652813
1628245092000,0.0011869436201780415
1628245122000,0.0
1628245152000,0.0006082725060827251
1628245182000,0.0006191950464396285
1628245212000,0.0006020469596628537
1628245242000,0.0
1628245272000,0.0006172839506172839
1628245302000,0.0
1628245332000,0.0
1628245362000,0.0
1628245392000,0.0
1628245422000,0.0
1628245452000,0.0005995203836930455
1628245482000,0.0006016847172081829
1628245512000,0.0
1628245542000,0.0006009615384615385
1628245572000,0.0012077294685990338
1628245602000,0.0
1628245632000,0.0
1628245662000,0.0
1628245692000,0.0
1628245722000,0.0
1628245752000,0.0006116207951070336
1628245782000,0.0
1628245812000,0.0006161429451632778
1628245842000,0.0006049606775559589
1628245872000,0.0
1628245902000,0.0
1628245932000,0.001223990208078335
1628245962000,0.0
1628245992000,0.0006093845216331506
1628246022000,0.0
1628246052000,0.0
1628246082000,0.0
1628246112000,0.0
1628246142000,0.0
1628246172000,0.0
1628246202000,0.0
1628246232000,0.0006002400960384152
1628246262000,0.0
1628246292000,0.0
1628246322000,0.0
1628246352000,0.0005980861244019139
1628246382000,0.0
1628246412000,0.0
1628246442000,0.0
1628246472000,0.0006123698714023269
1628246502000,0.0
1628246532000,0.0
1628246562000,0.0
1628246592000,0.0005875440658049354
1628246622000,0.0006079027355623102
1628246652000,0.0
1628246682000,0.0
1628246712000,0.0
1628246742000,0.0
1628246772000,0.0
1628246802000,0.0
1628246832000,0.0006165228113440197
1628246862000,0.0005938242280285036
1628246892000,0.0
1628246922000,0.0006002400960384152
1628246952000,0.0006082725060827251
1628246982000,0.0005892751915144372
1628247012000,0.0
1628247042000,0.0
1628247072000,0.0006131207847946045
1628247102000,0.0
1628247132000,0.0
1628247162000,0.0006075334143377885
1628247192000,0.0
1628247222000,0.0
1628247252000,0.0012012012012012011
1628247282000,0.0
1628247312000,0.0006056935190793457
1628247342000,0.0
1628247372000,0.0
1628247402000,0.0006086427267194157
1628247432000,0.0006067961165048543
1628247462000,0.0005931198102016608
1628247492000,0.0
1628247522000,0.0
1628247552000,0.0
1628247582000,0.0005955926146515784
1628247612000,0.0
1628247642000,0.0
1628247672000,0.0
1628247702000,0.0
1628247732000,0.0
1628247762000,0.0
1628247792000,0.0
1628247822000,0.0006112469437652813
1628247852000,0.0
1628247882000,0.0
1628247912000,0.0
1628247942000,0.0
1628247972000,0.0
1628248002000,0.0
1628248032000,0.0006146281499692684
1628248062000,0.0
1628248092000,0.0
1628248122000,0.0012330456226880395
1628248152000,0.0
1628248182000,0.0006009615384615385
1628248212000,0.0
1628248242000,0.0
1628248272000,0.0006027727546714887
1628248302000,0.0
1628248332000,0.0006101281269066504
1628248362000,0.0
1628248392000,0.0
1628248422000,0.0006013229104028864
1628248452000,0.0
1628248482000,0.0006119951040391675
1628248512000,0.0005948839976204639
1628248542000,0.0
1628248572000,0.0
1628248602000,0.0
1628248632000,0.0
1628248662000,0.0
1628248692000,0.0
1628248722000,0.0
1628248752000,0.0
1628248782000,0.0
1628248812000,0.0
1628248842000,0.0006101281269066504
1628248872000,0.0
1628248902000,0.0
1628248932000,0.0
1628248962000,0.0006150061500615006
1628248992000,0.0
1628249022000,0.0
1628249052000,0.0
1628249082000,0.0006086427267194157
1628249112000,0.0
1628249142000,0.0006024096385542169
1628249172000,0.0
1628249202000,0.0
1628249232000,0.0005899705014749262
1628249262000,0.0012165450121654502
1628249292000,0.0
1628249322000,0.0
1628249352000,0.0
1628249382000,0.0006038647342995169
1628249412000,0.0
1628249442000,0.0
1628249472000,0.0
1628249502000,0.0
1628249532000,0.0
1628249562000,0.0005977286312014345
1628249592000,0.0
1628249622000,0.0006053268765133173
1628249652000,0.0005991611743559018
1628249682000,0.0006146281499692684
1628249712000,0.0
1628249742000,0.0
1628249772000,0.0005988023952095807
1628249802000,0.0
1628249832000,0.0
1628249862000,0.0005910165484633571
1628249892000,0.0
1628249922000,0.0011855364552459987
1628249952000,0.0
1628249982000,0.0012091898428053206
1628250012000,0.0
1628250042000,0.0
1628250072000,0.0
1628250102000,0.0
1628250132000,0.0
1628250162000,0.0
1628250192000,0.0
1628250222000,0.0006056935190793457
1628250252000,0.0
1628250282000,0.0
1628250312000,0.0
1628250342000,0.0
1628250372000,0.0
1628250402000,0.0005878894767783657
1628250432000,0.0
1628250462000,0.0
1628250492000,0.000585480093676815
1628250522000,0.0
1628250552000,0.0
1628250582000,0.0006035003017501509
1628250612000,0.0
1628250642000,0.0
1628250672000,0.0005899705014749262
1628250702000,0.0
1628250732000,0.0
1628250762000,0.0
1628250792000,0.0006075334143377885
1628250822000,0.0
1628250852000,0.0
1628250882000,0.0
1628250912000,0.0005995203836930455
1628250942000,0.0
1628250972000,0.0
1628251002000,0.0
1628251032000,0.0
1628251062000,0.0
1628251092000,0.0
1628251122000,0.0
1628251152000,0.0006016847172081829
1628251182000,0.0
1628251212000,0.0
1628251242000,0.0006101281269066504
1628251272000,0.0
1628251302000,0.0
1628251332000,0.0
1628251362000,0.0
1628251392000,0.0006002400960384152
1628251422000,0.0
1628251452000,0.0
1628251482000,0.0
1628251512000,0.0
1628251542000,0.0
1628251572000,0.0006150061500615006
1628251602000,0.0
1628251632000,0.0
1628251662000,0.0
1628251692000,0.0006071645415907711
1628251722000,0.0
1628251752000,0.0
1628251782000,0.0006075334143377885
1628251812000,0.0
1628251842000,0.0006064281382656155
1628251872000,0.0
1628251902000,0.0
1628251932000,0.0
1628251962000,0.0
1628251992000,0.0005931198102016608
1628252022000,0.0
1628252052000,0.0006042296072507553
1628252082000,0.0
1628252112000,0.0
1628252142000,0.0
1628252172000,0.0006090133982947625
1628252202000,0.0012062726176115801
1628252232000,0.0
1628252262000,0.0
1628252292000,0.0006218905472636817
1628252322000,0.0005931198102016608
1628252352000,0.0006093845216331506
1628252382000,0.0
1628252412000,0.0006056935190793457
1628252442000,0.0
1628252472000,0.0
1628252502000,0.0
1628252532000,0.0
1628252562000,0.0017793594306049821
1628252592000,0.0
1628252622000,0.0
1628252652000,0.0
1628252682000,0.0
1628252712000,0.0
1628252742000,0.0
1628252772000,0.0006042296072507553
1628252802000,0.0
1628252832000,0.0
1628252862000,0.0
1628252892000,0.0006045949214026603
1628252922000,0.0
1628252952000,0.0
1628252982000,0.0
1628253012000,0.0
1628253042000,0.0
1628253072000,0.0
1628253102000,0.0
1628253132000,0.0005917159763313611
1628253162000,0.0006009615384615385
1628253192000,0.0
1628253222000,0.0006127450980392157
1628253252000,0.0005973715651135006
1628253282000,0.001218026796589525
1628253312000,0.0
1628253342000,0.0
1628253372000,0.0
1628253402000,0.0
1628253432000,0.0
1628253462000,0.0
1628253492000,0.0005906674542232723
1628253522000,0.0
1628253552000,0.0005952380952380952
1628253582000,0.0
1628253612000,0.0005934718100890207
1628253642000,0.0
1628253672000,0.0006127450980392157
1628253702000,0.0
1628253732000,0.0
1628253762000,0.0
1628253792000,0.0006079027355623102
1628253822000,0.0
1628253852000,0.0006123698714023269
1628253882000,0.0
1628253912000,0.0005868544600938967
1628253942000,0.0
1628253972000,0.0
1628254002000,0.0
1628254032000,0.0
1628254062000,0.0
1628254092000,0.0
1628254122000,0.0012055455093429774
1628254152000,0.0
1628254182000,0.0
1628254212000,0.0
1628254242000,0.0006211180124223603
1628254272000,0.0
1628254302000,0.0
1628254332000,0.0005984440454817473
1628254362000,0.0
1628254392000,0.0006123698714023269
1628254422000,0.0
1628254452000,0.0006035003017501509
1628254482000,0.0006161429451632778
1628254512000,0.0
1628254542000,0.0005910165484633571
1628254572000,0.0
1628254602000,0.0005927682276229994
1628254632000,0.0
1628254662000,0.0005948839976204639
1628254692000,0.0
1628254722000,0.0006203473945409428
1628254752000,0.0
1628254782000,0.0
1628254812000,0.0
1628254842000,0.0
1628254872000,0.0006199628022318662
1628254902000,0.0
1628254932000,0.0
1628254962000,0.0
1628254992000,0.0
1628255022000,0.0
1628255052000,0.0006045949214026603
1628255082000,0.0
1628255112000,0.0006045949214026603
1628255142000,0.0
1628255172000,0.0006086427267194157
1628255202000,0.0005995203836930455
1628255232000,0.0
1628255262000,0.0005917159763313611
1628255292000,0.0
1628255322000,0.0
1628255352000,0.0006153846153846153
1628255382000,0.0
1628255412000,0.0
1628255442000,0.0006013229104028864
1628255472000,0.0
1628255502000,0.0012055455093429774
1628255532000,0.0
1628255562000,0.0
1628255592000,0.0
1628255622000,0.0
1628255652000,0.0
1628255682000,0.0006176652254478072
1628255712000,0.0006075334143377885
1628255742000,0.0
1628255772000,0.0006049606775559589
1628255802000,0.0
1628255832000,0.0006079027355623102
1628255862000,0.0006097560975609756
1628255892000,0.0
1628255922000,0.0
1628255952000,0.0
1628255982000,0.0
1628256012000,0.0
1628256042000,0.0
1628256072000,0.0
1628256102000,0.0012091898428053206
1628256132000,0.0
1628256162000,0.0
1628256192000,0.0
1628256222000,0.0
1628256252000,0.0006105006105006105
1628256282000,0.0
1628256312000,0.0006060606060606062
1628256342000,0.0
1628256372000,0.0006013229104028864
1628256402000,0.0
1628256432000,0.0006038647342995169
1628256462000,0.0
1628256492000,0.0006060606060606062
1628256522000,0.0006131207847946045
1628256552000,0.0006031363088057902
1628256582000,0.0005938242280285036
1628256612000,0.0
1628256642000,0.0
1628256672000,0.0005959475566150177
1628256702000,0.0005924170616113746
1628256732000,0.0006105006105006105
1628256762000,0.0
1628256792000,0.0006079027355623102
1628256822000,0.0
1628256852000,0.0
1628256882000,0.0
1628256912000,0.0006056935190793457
1628256942000,0.0
1628256972000,0.0
1628257002000,0.0006049606775559589
1628257032000,0.0
1628257062000,0.0
1628257092000,0.0005963029218843173
1628257122000,0.0
1628257152000,0.0
1628257182000,0.0
1628257212000,0.0
1628257242000,0.0006079027355623102
1628257272000,0.0006035003017501509
1628257302000,0.0006049606775559589
1628257332000,0.0
1628257362000,0.0006024096385542169
1628257392000,0.0
1628257422000,0.0
1628257452000,0.0
1628257482000,0.0
1628257512000,0.0
1628257542000,0.0
1628257572000,0.0006027727546714887
1628257602000,0.0
1628257632000,0.0
1628257662000,0.0
1628257692000,0.0006157635467980296
1628257722000,0.0
1628257752000,0.0006123698714023269
1628257782000,0.0
1628257812000,0.0005934718100890207
1628257842000,0.0
1628257872000,0.0
1628257902000,0.0005941770647653001
1628257932000,0.0006006006006006006
1628257962000,0.0
1628257992000,0.0
1628258022000,0.0
1628258052000,0.0
1628258082000,0.0
1628258112000,0.0006049606775559589
1628258142000,0.0
1628258172000,0.0006161429451632778
1628258202000,0.0005861664712778429
1628258232000,0.0005963029218843173
1628258262000,0.0006079027355623102
1628258292000,0.0
1628258322000,0.0
1628258352000,0.0006090133982947625
1628258382000,0.0
1628258412000,0.0006112469437652813
1628258442000,0.0
1628258472000,0.0
1628258502000,0.0006067961165048543
1628258532000,0.0
1628258562000,0.0
1628258592000,0.0
1628258622000,0.0
1628258652000,0.0
1628258682000,0.0
1628258712000,0.0
1628258742000,0.0
1628258772000,0.0
1628258802000,0.0
1628258832000,0.0
1628258862000,0.0
1628258892000,0.0
1628258922000,0.0
1628258952000,0.0
1628258982000,0.0005973715651135006
1628259012000,0.0
1628259042000,0.0006045949214026603
1628259072000,0.0005991611743559018
1628259102000,0.0
1628259132000,0.0006230529595015578
1628259162000,0.0
1628259192000,0.0
1628259222000,0.0006082725060827251
1628259252000,0.0
1628259282000,0.0
1628259312000,0.0005885815185403178
1628259342000,0.0
1628259372000,0.0006086427267194157
1628259402000,0.0006075334143377885
1628259432000,0.0
1628259462000,0.0006101281269066504
1628259492000,0.0
1628259522000,0.0006188118811881187
1628259552000,0.0006116207951070336
1628259582000,0.0
1628259612000,0.0
1628259642000,0.0
1628259672000,0.0006006006006006006
1628259702000,0.0005865102639296188
1628259732000,0.0006119951040391675
1628259762000,0.0006150061500615006
1628259792000,0.0
1628259822000,0.0
1628259852000,0.0
1628259882000,0.0
1628259912000,0.0006002400960384152
1628259942000,0.0012224938875305626
1628259972000,0.0
1628260002000,0.0005977286312014345
1628260032000,0.0006031363088057902
1628260062000,0.0
1628260092000,0.0
1628260122000,0.0006027727546714887
1628260152000,0.0005920663114268798
1628260182000,0.0
1628260212000,0.0006165228113440197
1628260242000,0.0
1628260272000,0.0006056935190793457
1628260302000,0.0006075334143377885
1628260332000,0.0
1628260362000,0.0006123698714023269
1628260392000,0.0006108735491753207
1628260422000,0.0
1628260452000,0.0
1628260482000,0.0
1628260512000,0.0006127450980392157
1628260542000,0.0
1628260572000,0.0
1628260602000,0.0
1628260632000,0.0
1628260662000,0.0
1628260692000,0.0006075334143377885
1628260722000,0.0
1628260752000,0.0
1628260782000,0.0
1628260812000,0.0
1628260842000,0.0012062726176115801
1628260872000,0.0
1628260902000,0.0006218905472636817
1628260932000,0.0006071645415907711
1628260962000,0.0
1628260992000,0.0
1628261022000,0.0
1628261052000,0.0006049606775559589
1628261082000,0.0
1628261112000,0.0005865102639296188
1628261142000,0.0
1628261172000,0.0006195786864931846
1628261202000,0.0
1628261232000,0.0
1628261262000,0.0
1628261292000,0.0
1628261322000,0.0006082725060827251
1628261352000,0.0
1628261382000,0.0005988023952095807
1628261412000,0.0
1628261442000,0.0
1628261472000,0.0
1628261502000,0.0
1628261532000,0.0
1628261562000,0.0005963029218843173
1628261592000,0.0006045949214026603
1628261622000,0.0006075334143377885
1628261652000,0.0
1628261682000,0.0
1628261712000,0.0
1628261742000,0.0
1628261772000,0.0012012012012012011
1628261802000,0.0
1628261832000,0.0
1628261862000,0.0
1628261892000,0.0
1628261922000,0.0
1628261952000,0.0006093845216331506
1628261982000,0.0
1628262012000,0.0
1628262042000,0.0
1628262072000,0.0006082725060827251
1628262102000,0.0006146281499692684
1628262132000,0.0
1628262162000,0.0
1628262192000,0.0
1628262222000,0.0006064281382656155
1628262252000,0.001199040767386091
1628262282000,0.0
1628262312000,0.0
1628262342000,0.0006131207847946045
1628262372000,0.0
1628262402000,0.0
1628262432000,0.0
1628262462000,0.0
1628262492000,0.0
1628262522000,0.0
1628262552000,0.0
1628262582000,0.0006086427267194157
1628262612000,0.0
1628262642000,0.0
1628262672000,0.0
1628262702000,0.0006207324643078832
1628262732000,0.0
1628262762000,0.0
1628262792000,0.0
1628262822000,0.0
1628262852000,0.0006199628022318662
1628262882000,0.0
1628262912000,0.0
1628262942000,0.0006016847172081829
1628262972000,0.0006146281499692684
1628263002000,0.0006119951040391675
1628263032000,0.0006056935190793457
1628263062000,0.0
1628263092000,0.0006042296072507553
1628263122000,0.0006006006006006006
1628263152000,0.0
1628263182000,0.0
1628263212000,0.0006031363088057902
1628263242000,0.0006161429451632778
1628263272000,0.0
1628263302000,0.0
1628263332000,0.0
1628263362000,0.0
1628263392000,0.0005952380952380952
1628263422000,0.0
1628263452000,0.0
1628263482000,0.0
1628263512000,0.0
1628263542000,0.0005927682276229994
1628263572000,0.0
1628263602000,0.0
1628263632000,0.0
1628263662000,0.0
1628263692000,0.0006108735491753207
1628263722000,0.0
1628263752000,0.0005970149253731342
1628263782000,0.0006116207951070336
1628263812000,0.0
1628263842000,0.0
1628263872000,0.0
1628263902000,0.0
1628263932000,0.0006064281382656155
1628263962000,0.0006002400960384152
1628263992000,0.0005977286312014345
1628264022000,0.0
1628264052000,0.0
1628264082000,0.001226241569589209
1628264112000,0.0005970149253731342
1628264142000,0.0
1628264172000,0.0006006006006006006
1628264202000,0.0
1628264232000,0.0
1628264262000,0.0
1628264292000,0.0005966587112171838
1628264322000,0.0
1628264352000,0.0
1628264382000,0.0
1628264412000,0.0006101281269066504
1628264442000,0.0
1628264472000,0.0
1628264502000,0.0
1628264532000,0.0
1628264562000,0.0006082725060827251
1628264592000,0.0
1628264622000,0.0
1628264652000,0.0006131207847946045
1628264682000,0.0
1628264712000,0.0006172839506172839
1628264742000,0.0
1628264772000,0.0
1628264802000,0.0
1628264832000,0.0
1628264862000,0.0006060606060606062
1628264892000,0.0
1628264922000,0.0
1628264952000,0.0006105006105006105
1628264982000,0.0006024096385542169
1628265012000,0.0005966587112171838
1628265042000,0.0006031363088057902
1628265072000,0.0
1628265102000,0.0005941770647653001
1628265132000,0.0
1628265162000,0.0
1628265192000,0.0
1628265222000,0.0006146281499692684
1628265252000,0.0
1628265282000,0.0006101281269066504
1628265312000,0.0
1628265342000,0.0006116207951070336
1628265372000,0.0005995203836930455
1628265402000,0.0006045949214026603
1628265432000,0.0005934718100890207
1628265462000,0.0
1628265492000,0.0
1628265522000,0.0
1628265552000,0.0
1628265582000,0.0005913660555884093
1628265612000,0.0
1628265642000,0.0006199628022318662
1628265672000,0.0006172839506172839
1628265702000,0.0
1628265732000,0.0
1628265762000,0.0
1628265792000,0.0006176652254478072
1628265822000,0.0
1628265852000,0.0005988023952095807
1628265882000,0.0
1628265912000,0.0006165228113440197
1628265942000,0.0
1628265972000,0.0006195786864931846
1628266002000,0.0006016847172081829
1628266032000,0.0
1628266062000,0.0
1628266092000,0.0
1628266122000,0.0
1628266152000,0.0006031363088057902
1628266182000,0.0
1628266212000,0.0
1628266242000,0.0
1628266272000,0.0006024096385542169
1628266302000,0.0
1628266332000,0.0
1628266362000,0.0006016847172081829
1628266392000,0.0
1628266422000,0.0
1628266452000,0.0
1628266482000,0.0
1628266512000,0.0
1628266542000,0.0
1628266572000,0.0
1628266602000,0.0006056935190793457
1628266632000,0.0
1628266662000,0.0
1628266692000,0.0
1628266722000,0.0
1628266752000,0.0006056935190793457
1628266782000,0.0
1628266812000,0.0
1628266842000,0.0
1628266872000,0.0006020469596628537
1628266902000,0.0
1628266932000,0.0
1628266962000,0.0
1628266992000,0.0
1628267022000,0.001212121212121212
1628267052000,0.0006101281269066504
1628267082000,0.0006218905472636817
1628267112000,0.0006006006006006006
1628267142000,0.0
1628267172000,0.0
1628267202000,0.0
1628267232000,0.0
1628267262000,0.0
1628267292000,0.0006002400960384152
1628267322000,0.0012247397428046538
1628267352000,0.0006090133982947625
1628267382000,0.0
1628267412000,0.0
1628267442000,0.0
1628267472000,0.0
1628267502000,0.0
1628267532000,0.0005948839976204639
1628267562000,0.0
1628267592000,0.0
1628267622000,0.0
1628267652000,0.0
1628267682000,0.0
1628267712000,0.0
1628267742000,0.0
1628267772000,0.0
1628267802000,0.0006064281382656155
1628267832000,0.0
1628267862000,0.0
1628267892000,0.0006157635467980296
1628267922000,0.0005858230814294082
1628267952000,0.0006027727546714887
1628267982000,0.0
1628268012000,0.0
1628268042000,0.0006105006105006105
1628268072000,0.0006127450980392157
1628268102000,0.0
1628268132000,0.0006053268765133173
1628268162000,0.0006042296072507553
1628268192000,0.0
1628268222000,0.0
1628268252000,0.0006009615384615385
1628268282000,0.0
1628268312000,0.0
1628268342000,0.0
1628268372000,0.0
1628268402000,0.0
1628268432000,0.0
1628268462000,0.0
1628268492000,0.0
1628268522000,0.0
1628268552000,0.0
1628268582000,0.0
1628268612000,0.0006038647342995169
1628268642000,0.0
1628268672000,0.0
1628268702000,0.0
1628268732000,0.0
1628268762000,0.0
1628268792000,0.0
1628268822000,0.0
1628268852000,0.0006199628022318662
1628268882000,0.0
1628268912000,0.0
1628268942000,0.0
1628268972000,0.0006038647342995169
1628269002000,0.0006169031462060457
1628269032000,0.0006180469715698393
1628269062000,0.0006105006105006105
1628269092000,0.0
1628269122000,0.0
1628269152000,0.0006119951040391675
1628269182000,0.0006064281382656155
1628269212000,0.0
1628269242000,0.0005980861244019139
1628269272000,0.0
1628269302000,0.0
1628269332000,0.0005963029218843173
1628269362000,0.0006031363088057902
1628269392000,0.0006086427267194157
1628269422000,0.0
1628269452000,0.0
1628269482000,0.0006215040397762585
1628269512000,0.0006127450980392157
1628269542000,0.0006035003017501509
1628269572000,0.0
1628269602000,0.0
1628269632000,0.0006101281269066504
1628269662000,0.0
1628269692000,0.0
1628269722000,0.0006049606775559589
1628269752000,0.0005995203836930455
1628269782000,0.0
1628269812000,0.0
1628269842000,0.0
1628269872000,0.0018214936247723133
1628269902000,0.0
1628269932000,0.0
1628269962000,0.0
1628269992000,0.0
1628270022000,0.0006184291898577612
1628270052000,0.0
1628270082000,0.0006042296072507553
1628270112000,0.0
1628270142000,0.0012353304508956149
1628270172000,0.0
1628270202000,0.0
1628270232000,0.0
1628270262000,0.0
1628270292000,0.0005995203836930455
1628270322000,0.0005984440454817473
1628270352000,0.0
1628270382000,0.0006060606060606062
1628270412000,0.0006176652254478072
1628270442000,0.0
1628270472000,0.0
1628270502000,0.0
1628270532000,0.0005977286312014345
1628270562000,0.0
1628270592000,0.0005970149253731342
1628270622000,0.0
1628270652000,0.0005998800239952009
1628270682000,0.0
1628270712000,0.0006079027355623102
1628270742000,0.0
1628270772000,0.0006097560975609756
1628270802000,0.0
1628270832000,0.0
1628270862000,0.0006097560975609756
1628270892000,0.0
1628270922000,0.0
1628270952000,0.0
1628270982000,0.0006222775357809582
1628271012000,0.0
1628271042000,0.0
1628271072000,0.0006169031462060457
1628271102000,0.0
1628271132000,0.0
1628271162000,0.0
1628271192000,0.0005903187721369539
1628271222000,0.0
1628271252000,0.0005878894767783657
1628271282000,0.0
1628271312000,0.0
1628271342000,0.0005991611743559018
1628271372000,0.0
1628271402000,0.0
1628271432000,0.0
1628271462000,0.0
1628271492000,0.0
1628271522000,0.0005995203836930455
1628271552000,0.0
1628271582000,0.0
1628271612000,0.0005955926146515784
1628271642000,0.0006075334143377885
1628271672000,0.0005938242280285036
1628271702000,0.0
1628271732000,0.0
1628271762000,0.0006169031462060457
1628271792000,0.0
1628271822000,0.0006108735491753207
1628271852000,0.0
1628271882000,0.0
1628271912000,0.0
1628271942000,0.0
1628271972000,0.0
1628272002000,0.0005934718100890207
1628272032000,0.000580046403712297
1628272062000,0.0005938242280285036
1628272092000,0.0
1628272122000,0.0
1628272152000,0.0006131207847946045
1628272182000,0.0006024096385542169
1628272212000,0.0006067961165048543
1628272242000,0.0006199628022318662
1628272272000,0.0006112469437652813
1628272302000,0.0
1628272332000,0.0006060606060606062
1628272362000,0.0
1628272392000,0.0
1628272422000,0.0
1628272452000,0.0
1628272482000,0.0006131207847946045
1628272512000,0.0005959475566150177
1628272542000,0.0
1628272572000,0.0
1628272602000,0.0
1628272632000,0.0
1628272662000,0.0006024096385542169
1628272692000,0.0
1628272722000,0.0
1628272752000,0.0
1628272782000,0.0
1628272812000,0.0
1628272842000,0.0005955926146515784
1628272872000,0.0
1628272902000,0.0
1628272932000,0.0
1628272962000,0.0006082725060827251
1628272992000,0.0
1628273022000,0.0
1628273052000,0.0
1628273082000,0.0006002400960384152
1628273112000,0.0
1628273142000,0.0
1628273172000,0.0005899705014749262
1628273202000,0.0006207324643078832
1628273232000,0.0
1628273262000,0.0
1628273292000,0.0
1628273322000,0.0012070006035003018
1628273352000,0.0011771630370806356
1628273382000,0.0
1628273412000,0.0005896226415094339
1628273442000,0.0012135922330097086
1628273472000,0.0006060606060606062
1628273502000,0.0
1628273532000,0.0
1628273562000,0.0006082725060827251
1628273592000,0.0
1628273622000,0.0
1628273652000,0.0
1628273682000,0.0006002400960384152
1628273712000,0.0
1628273742000,0.0
1628273772000,0.0
1628273802000,0.0
1628273832000,0.0006112469437652813
1628273862000,0.0005927682276229994
1628273892000,0.0005973715651135006
1628273922000,0.0005980861244019139
1628273952000,0.0
1628273982000,0.0
1628274012000,0.0
1628274042000,0.0006146281499692684
1628274072000,0.0005998800239952009
1628274102000,0.0
1628274132000,0.0
1628274162000,0.0
1628274192000,0.0
1628274222000,0.0
1628274252000,0.0
1628274282000,0.0006138735420503376
1628274312000,0.0
1628274342000,0.0
1628274372000,0.0
1628274402000,0.0
1628274432000,0.0
1628274462000,0.0006067961165048543
1628274492000,0.0
1628274522000,0.0006123698714023269
1628274552000,0.0
1628274582000,0.0006049606775559589
1628274612000,0.0
1628274642000,0.0
1628274672000,0.0
1628274702000,0.0
1628274732000,0.0006056935190793457
1628274762000,0.0006053268765133173
1628274792000,0.0
1628274822000,0.0
1628274852000,0.0005892751915144372
1628274882000,0.0005899705014749262
1628274912000,0.0
1628274942000,0.0
1628274972000,0.0006067961165048543
1628275002000,0.0
1628275032000,0.0006031363088057902
1628275062000,0.0006049606775559589
1628275092000,0.0
1628275122000,0.0
1628275152000,0.0
1628275182000,0.0
1628275212000,0.0
1628275242000,0.0
1628275272000,0.0
1628275302000,0.0
1628275332000,0.0
1628275362000,0.0006064281382656155
1628275392000,0.0
1628275422000,0.0
1628275452000,0.0
1628275482000,0.0006086427267194157
1628275512000,0.0
1628275542000,0.0011799410029498525
1628275572000,0.0005948839976204639
1628275602000,0.0
1628275632000,0.0
1628275662000,0.0
1628275692000,0.0
1628275722000,0.0
1628275752000,0.0
1628275782000,0.0
1628275812000,0.0
1628275842000,0.0
1628275872000,0.0006090133982947625
1628275902000,0.0
1628275932000,0.0005875440658049354
1628275962000,0.0
1628275992000,0.0
1628276022000,0.0
1628276052000,0.0
1628276082000,0.0
1628276112000,0.0
1628276142000,0.0
1628276172000,0.0
1628276202000,0.0
1628276232000,0.0005955926146515784
1628276262000,0.0
1628276292000,0.0
1628276322000,0.0
1628276352000,0.0006060606060606062
1628276382000,0.0006090133982947625
1628276412000,0.0006075334143377885
1628276442000,0.0006105006105006105
1628276472000,0.0
1628276502000,0.0
1628276532000,0.0005917159763313611
1628276562000,0.0
1628276592000,0.0005988023952095807
1628276622000,0.0
1628276652000,0.0005941770647653001
1628276682000,0.0
1628276712000,0.0005955926146515784
1628276742000,0.0005817335660267597
1628276772000,0.0006013229104028864
1628276802000,0.0005959475566150177
1628276832000,0.0
1628276862000,0.0006127450980392157
1628276892000,0.0
1628276922000,0.0006119951040391675
1628276952000,0.0005955926146515784
1628276982000,0.0
1628277012000,0.0006006006006006006
1628277042000,0.0006016847172081829
1628277072000,0.0
1628277102000,0.0
1628277132000,0.0
1628277162000,0.0005906674542232723
1628277192000,0.0
1628277222000,0.0006165228113440197
1628277252000,0.0006067961165048543
1628277282000,0.0006116207951070336
1628277312000,0.0
1628277342000,0.0
1628277372000,0.0
1628277402000,0.0012070006035003018
1628277432000,0.0
1628277462000,0.0
1628277492000,0.0006002400960384152
1628277522000,0.0006031363088057902
1628277552000,0.0
1628277582000,0.0
1628277612000,0.0
1628277642000,0.0006097560975609756
1628277672000,0.0
1628277702000,0.0006112469437652813
1628277732000,0.0
1628277762000,0.0
1628277792000,0.0
1628277822000,0.0
1628277852000,0.0
1628277882000,0.0006053268765133173
1628277912000,0.0
1628277942000,0.0005917159763313611
1628277972000,0.0006108735491753207
1628278002000,0.0
1628278032000,0.0
1628278062000,0.0
1628278092000,0.0006101281269066504
1628278122000,0.0
1628278152000,0.0
1628278182000,0.0006215040397762585
1628278212000,0.0005948839976204639
1628278242000,0.0
1628278272000,0.0
1628278302000,0.0006131207847946045
1628278332000,0.0005885815185403178
1628278362000,0.0
1628278392000,0.0
1628278422000,0.0
1628278452000,0.0
1628278482000,0.0
1628278512000,0.0
1628278542000,0.0
1628278572000,0.0
1628278602000,0.0011933174224343676
1628278632000,0.0
1628278662000,0.0
1628278692000,0.0
1628278722000,0.0
1628278752000,0.0
1628278782000,0.0005868544600938967
1628278812000,0.0
1628278842000,0.0
1628278872000,0.0006142506142506142
1628278902000,0.0005977286312014345
1628278932000,0.0
1628278962000,0.0
1628278992000,0.0
1628279022000,0.0
1628279052000,0.0
1628279082000,0.0
1628279112000,0.0
1628279142000,0.0
1628279172000,0.0
1628279202000,0.0
1628279232000,0.0006009615384615385
1628279262000,0.0006049606775559589
1628279292000,0.0
1628279322000,0.0
1628279352000,0.0
1628279382000,0.0
1628279412000,0.0
1628279442000,0.0006108735491753207
1628279472000,0.0006002400960384152
1628279502000,0.0
1628279532000,0.0
1628279562000,0.0
1628279592000,0.0
1628279622000,0.0
1628279652000,0.0
1628279682000,0.0
1628279712000,0.0006060606060606062
1628279742000,0.0
1628279772000,0.0
1628279802000,0.0
1628279832000,0.0
1628279862000,0.0
1628279892000,0.0
1628279922000,0.0
1628279952000,0.0
1628279982000,0.0006038647342995169
1628280012000,0.0006064281382656155
1628280042000,0.0006150061500615006
1628280072000,0.0005945303210463732
1628280102000,0.0006157635467980296
1628280132000,0.0
1628280162000,0.0
1628280192000,0.001215066828675577
1628280222000,0.0
1628280252000,0.0006079027355623102
1628280282000,0.0005980861244019139
1628280312000,0.0
1628280342000,0.0
1628280372000,0.0
1628280402000,0.0
1628280432000,0.0
1628280462000,0.0
1628280492000,0.0006131207847946045
1628280522000,0.0
1628280552000,0.0
1628280582000,0.0
1628280612000,0.0
1628280642000,0.0
1628280672000,0.0006016847172081829
1628280702000,0.0
1628280732000,0.0006093845216331506
1628280762000,0.0
1628280792000,0.0
1628280822000,0.0
1628280852000,0.0
1628280882000,0.0006038647342995169
1628280912000,0.0006146281499692684
1628280942000,0.0005980861244019139
1628280972000,0.0
1628281002000,0.0
1628281032000,0.0
1628281062000,0.0006042296072507553
1628281092000,0.0
1628281122000,0.0
1628281152000,0.0
1628281182000,0.0
1628281212000,0.0
1628281242000,0.0
1628281272000,0.0005973715651135006
1628281302000,0.0006082725060827251
1628281332000,0.0
1628281362000,0.0
1628281392000,0.0
1628281422000,0.0
1628281452000,0.0
1628281482000,0.0
1628281512000,0.0
1628281542000,0.0
1628281572000,0.0
1628281602000,0.0
1628281632000,0.0006075334143377885
1628281662000,0.0006013229104028864
1628281692000,0.0
1628281722000,0.0006119951040391675
1628281752000,0.0
1628281782000,0.0006211180124223603
1628281812000,0.0006056935190793457
1628281842000,0.0
1628281872000,0.0
1628281902000,0.0
1628281932000,0.0
1628281962000,0.0
1628281992000,0.0006157635467980296
1628282022000,0.0
1628282052000,0.0006071645415907711
1628282082000,0.0005871990604815032
1628282112000,0.0006031363088057902
1628282142000,0.0
1628282172000,0.0
1628282202000,0.0006035003017501509
1628282232000,0.0006119951040391675
1628282262000,0.0005938242280285036
1628282292000,0.0
1628282322000,0.0
1628282352000,0.0006042296072507553
1628282382000,0.0
1628282412000,0.0
1628282442000,0.0006064281382656155
1628282472000,0.0
1628282502000,0.0
1628282532000,0.0
1628282562000,0.0
1628282592000,0.0006090133982947625
1628282622000,0.0006082725060827251
1628282652000,0.0
1628282682000,0.0
1628282712000,0.0005963029218843173
1628282742000,0.0
1628282772000,0.0
1628282802000,0.0006082725060827251
1628282832000,0.0
1628282862000,0.0
1628282892000,0.0
1628282922000,0.0
1628282952000,0.0
1628282982000,0.0
1628283012000,0.0
1628283042000,0.0
1628283072000,0.0
1628283102000,0.0
1628283132000,0.0
1628283162000,0.0006016847172081829
1628283192000,0.0005938242280285036
1628283222000,0.0
1628283252000,0.0
1628283282000,0.0
1628283312000,0.0
1628283342000,0.0006199628022318662
1628283372000,0.0006071645415907711
1628283402000,0.0
1628283432000,0.0
1628283462000,0.0006009615384615385
1628283492000,0.0
1628283522000,0.0
1628283552000,0.0
1628283582000,0.0006150061500615006
1628283612000,0.0
1628283642000,0.0
1628283672000,0.0005991611743559018
1628283702000,0.0005861664712778429
1628283732000,0.0
1628283762000,0.0
1628283792000,0.0
1628283822000,0.0
1628283852000,0.0
1628283882000,0.0
1628283912000,0.0
1628283942000,0.0
1628283972000,0.0005980861244019139
1628284002000,0.0
1628284032000,0.0006038647342995169
1628284062000,0.0
1628284092000,0.0
1628284122000,0.0
1628284152000,0.0
1628284182000,0.0
1628284212000,0.0
1628284242000,0.0006086427267194157
1628284272000,0.0
1628284302000,0.0006086427267194157
1628284332000,0.0
1628284362000,0.0
1628284392000,0.0006079027355623102
1628284422000,0.0
1628284452000,0.0
1628284482000,0.0
1628284512000,0.0
1628284542000,0.0012004801920768304
1628284572000,0.0005980861244019139
1628284602000,0.0
1628284632000,0.0
1628284662000,0.0005984440454817473
1628284692000,0.0
1628284722000,0.0
1628284752000,0.0
1628284782000,0.0
1628284812000,0.0
1628284842000,0.0
1628284872000,0.0005984440454817473
1628284902000,0.0
1628284932000,0.0
1628284962000,0.001195457262402869
1628284992000,0.0005998800239952009
1628285022000,0.0
1628285052000,0.0
1628285082000,0.0
1628285112000,0.0
1628285142000,0.0
1628285172000,0.0
1628285202000,0.0005998800239952009
1628285232000,0.0006180469715698393
1628285262000,0.0006108735491753207
1628285292000,0.0
1628285322000,0.0
1628285352000,0.0006123698714023269
1628285382000,0.0006112469437652813
1628285412000,0.0
1628285442000,0.0
1628285472000,0.0005889281507656067
1628285502000,0.0
1628285532000,0.0
1628285562000,0.0006097560975609756
1628285592000,0.0
1628285622000,0.0
1628285652000,0.0006013229104028864
1628285682000,0.0
1628285712000,0.0
1628285742000,0.0006009615384615385
1628285772000,0.0
1628285802000,0.0005903187721369539
1628285832000,0.0
1628285862000,0.0
1628285892000,0.0
1628285922000,0.0
1628285952000,0.0005984440454817473
1628285982000,0.0006112469437652813
1628286012000,0.0
1628286042000,0.0005988023952095807
1628286072000,0.0006060606060606062
1628286102000,0.0005896226415094339
1628286132000,0.0006101281269066504
1628286162000,0.0006101281269066504
1628286192000,0.0
1628286222000,0.0
1628286252000,0.0
1628286282000,0.0006079027355623102
1628286312000,0.0
1628286342000,0.0005924170616113746
1628286372000,0.0
1628286402000,0.0006002400960384152
1628286432000,0.0006002400960384152
1628286462000,0.0
1628286492000,0.0
1628286522000,0.0006024096385542169
1628286552000,0.0
1628286582000,0.0
1628286612000,0.0
1628286642000,0.0
1628286672000,0.0005931198102016608
1628286702000,0.0006093845216331506
1628286732000,0.0012254901960784314
1628286762000,0.0006142506142506142
1628286792000,0.0005955926146515784
1628286822000,0.0
1628286852000,0.0
1628286882000,0.0006053268765133173
1628286912000,0.0006064281382656155
1628286942000,0.0
1628286972000,0.0
1628287002000,0.0
1628287032000,0.0006027727546714887
1628287062000,0.0006075334143377885
1628287092000,0.0
1628287122000,0.0006016847172081829
1628287152000,0.0005991611743559018
1628287182000,0.0
1628287212000,0.0006027727546714887
1628287242000,0.0
1628287272000,0.0005889281507656067
1628287302000,0.0
1628287332000,0.0
1628287362000,0.0
1628287392000,0.0006006006006006006
1628287422000,0.0
1628287452000,0.0
1628287482000,0.0006024096385542169
1628287512000,0.0006042296072507553
1628287542000,0.0005966587112171838
1628287572000,0.0
1628287602000,0.0005938242280285036
1628287632000,0.0006067961165048543
1628287662000,0.0
1628287692000,0.0
1628287722000,0.0
1628287752000,0.0
1628287782000,0.0006150061500615006
1628287812000,0.0006093845216331506
1628287842000,0.0005875440658049354
1628287872000,0.0
1628287902000,0.0006027727546714887
1628287932000,0.0
1628287962000,0.0
1628287992000,0.0006138735420503376
1628288022000,0.0006049606775559589
1628288052000,0.0
1628288082000,0.0006056935190793457
1628288112000,0.0006082725060827251
1628288142000,0.0
1628288172000,0.0006119951040391675
1628288202000,0.0006165228113440197
1628288232000,0.0006009615384615385
1628288262000,0.0
1628288292000,0.001199040767386091
1628288322000,0.0
1628288352000,0.0
1628288382000,0.0012040939193257074
1628288412000,0.0
1628288442000,0.0012292562999385369
1628288472000,0.0
1628288502000,0.0
1628288532000,0.0
1628288562000,0.0
1628288592000,0.0
1628288622000,0.0006035003017501509
1628288652000,0.0
1628288682000,0.0
1628288712000,0.0005995203836930455
1628288742000,0.0006169031462060457
1628288772000,0.0
1628288802000,0.0
1628288832000,0.0006101281269066504
1628288862000,0.0005931198102016608
1628288892000,0.0
1628288922000,0.0
1628288952000,0.0006082725060827251
1628288982000,0.0
1628289012000,0.0
1628289042000,0.0006031363088057902
1628289072000,0.0
1628289102000,0.0
1628289132000,0.0
1628289162000,0.0012360939431396785
1628289192000,0.0006035003017501509
1628289222000,0.0
1628289252000,0.0
1628289282000,0.0
1628289312000,0.0006134969325153375
1628289342000,0.0
1628289372000,0.0
1628289402000,0.0
1628289432000,0.0
1628289462000,0.0006006006006006006
1628289492000,0.0
1628289522000,0.0
1628289552000,0.0
1628289582000,0.0005952380952380952
1628289612000,0.0
1628289642000,0.0
1628289672000,0.0006203473945409428
1628289702000,0.0
1628289732000,0.0
1628289762000,0.0
1628289792000,0.0005955926146515784
1628289822000,0.0
1628289852000,0.0
1628289882000,0.0006056935190793457
1628289912000,0.0
1628289942000,0.0
1628289972000,0.0
1628290002000,0.0
1628290032000,0.0006045949214026603
1628290062000,0.0
1628290092000,0.0
1628290122000,0.0
1628290152000,0.0006134969325153375
1628290182000,0.0006064281382656155
1628290212000,0.0
1628290242000,0.0
1628290272000,0.0
1628290302000,0.0
1628290332000,0.0
1628290362000,0.0006153846153846153
1628290392000,0.0
1628290422000,0.0
1628290452000,0.0
1628290482000,0.0
1628290512000,0.0006112469437652813
1628290542000,0.0
1628290572000,0.0
1628290602000,0.0
1628290632000,0.0006086427267194157
1628290662000,0.0
1628290692000,0.0
1628290722000,0.0
1628290752000,0.0006127450980392157
1628290782000,0.0006165228113440197
1628290812000,0.0
1628290842000,0.0
1628290872000,0.0
1628290902000,0.0
1628290932000,0.0
1628290962000,0.0
1628290992000,0.0
1628291022000,0.0006038647342995169
1628291052000,0.0
1628291082000,0.0
1628291112000,0.0
1628291142000,0.0
1628291172000,0.0
1628291202000,0.0006038647342995169
1628291232000,0.0
1628291262000,0.0
1628291292000,0.0
1628291322000,0.0006016847172081829
1628291352000,0.0
1628291382000,0.0
1628291412000,0.0005931198102016608
1628291442000,0.0005977286312014345
1628291472000,0.0
1628291502000,0.0
1628291532000,0.0
1628291562000,0.0
1628291592000,0.0
1628291622000,0.0
1628291652000,0.0
1628291682000,0.0006042296072507553
1628291712000,0.0
1628291742000,0.0
1628291772000,0.0006086427267194157
1628291802000,0.0
1628291832000,0.0
1628291862000,0.0005970149253731342
1628291892000,0.0006165228113440197
1628291922000,0.0006060606060606062
1628291952000,0.0
1628291982000,0.0006060606060606062
1628292012000,0.0
1628292042000,0.0
1628292072000,0.0
1628292102000,0.0
1628292132000,0.0
1628292162000,0.0006157635467980296
1628292192000,0.0005896226415094339
1628292222000,0.0005906674542232723
1628292252000,0.0006056935190793457
1628292282000,0.0
1628292312000,0.0
1628292342000,0.0
1628292372000,0.0005984440454817473
1628292402000,0.0006123698714023269
1628292432000,0.0
1628292462000,0.0
1628292492000,0.0
1628292522000,0.0
1628292552000,0.0
1628292582000,0.0006134969325153375
1628292612000,0.0006049606775559589
1628292642000,0.0006101281269066504
1628292672000,0.0
1628292702000,0.0006105006105006105
1628292732000,0.0005959475566150177
1628292762000,0.0006031363088057902
1628292792000,0.0
1628292822000,0.0
1628292852000,0.0006146281499692684
1628292882000,0.0
1628292912000,0.0006112469437652813
1628292942000,0.0006134969325153375
1628292972000,0.0006067961165048543
1628293002000,0.0
1628293032000,0.0005931198102016608
1628293062000,0.0
1628293092000,0.0
1628293122000,0.0006086427267194157
1628293152000,0.0
1628293182000,0.0
1628293212000,0.0005903187721369539
1628293242000,0.0
1628293272000,0.001223990208078335
1628293302000,0.0
1628293332000,0.0
1628293362000,0.0
1628293392000,0.0006090133982947625
1628293422000,0.0012062726176115801
1628293452000,0.0
1628293482000,0.0
1628293512000,0.0
1628293542000,0.0
1628293572000,0.0
1628293602000,0.0
1628293632000,0.0
1628293662000,0.0
1628293692000,0.0
1628293722000,0.0006053268765133173
1628293752000,0.0006024096385542169
1628293782000,0.0
1628293812000,0.0
1628293842000,0.0006002400960384152
1628293872000,0.0
1628293902000,0.0006146281499692684
1628293932000,0.0012084592145015106
1628293962000,0.0
1628293992000,0.0005984440454817473
1628294022000,0.0
1628294052000,0.0
1628294082000,0.0
1628294112000,0.0
1628294142000,0.0005931198102016608
1628294172000,0.0005980861244019139
1628294202000,0.0
1628294232000,0.0
1628294262000,0.0006108735491753207
1628294292000,0.0005941770647653001
1628294322000,0.0
1628294352000,0.0006203473945409428
1628294382000,0.0
1628294412000,0.0
1628294442000,0.0
1628294472000,0.0006150061500615006
1628294502000,0.0005903187721369539
1628294532000,0.0
1628294562000,0.0
1628294592000,0.0005941770647653001
1628294622000,0.0006108735491753207
1628294652000,0.0005955926146515784
1628294682000,0.0
1628294712000,0.0
1628294742000,0.0
1628294772000,0.0006127450980392157
1628294802000,0.0
1628294832000,0.0
1628294862000,0.0
1628294892000,0.0
1628294922000,0.0006053268765133173
1628294952000,0.0006024096385542169
1628294982000,0.0
1628295012000,0.0005878894767783657
1628295042000,0.0
1628295072000,0.0
1628295102000,0.0
1628295132000,0.0
1628295162000,0.0
1628295192000,0.0006064281382656155
1628295222000,0.0006075334143377885
1628295252000,0.0
1628295282000,0.0005963029218843173
1628295312000,0.0
1628295342000,0.0
1628295372000,0.0
1628295402000,0.0
1628295432000,0.0
1628295462000,0.0
1628295492000,0.0
1628295522000,0.0006067961165048543
1628295552000,0.0
1628295582000,0.0
1628295612000,0.0005966587112171838
1628295642000,0.0
1628295672000,0.0
1628295702000,0.0
1628295732000,0.0006002400960384152
1628295762000,0.0
1628295792000,0.0
1628295822000,0.0
1628295852000,0.0
1628295882000,0.0006142506142506142
1628295912000,0.0
1628295942000,0.0
1628295972000,0.0005952380952380952
1628296002000,0.0
1628296032000,0.0
1628296062000,0.0
1628296092000,0.0
1628296122000,0.0
1628296152000,0.0
1628296182000,0.0005910165484633571
1628296212000,0.0
1628296242000,0.0
1628296272000,0.0005934718100890207
1628296302000,0.0
1628296332000,0.0
1628296362000,0.0006067961165048543
1628296392000,0.0005973715651135006
1628296422000,0.0
1628296452000,0.0005995203836930455
1628296482000,0.0
1628296512000,0.0006064281382656155
1628296542000,0.0
1628296572000,0.0
1628296602000,0.0
1628296632000,0.0
1628296662000,0.0006067961165048543
1628296692000,0.0011730205278592375
1628296722000,0.0
1628296752000,0.0006097560975609756
1628296782000,0.0
1628296812000,0.0
1628296842000,0.0
1628296872000,0.0006188118811881187
1628296902000,0.0
1628296932000,0.0006042296072507553
1628296962000,0.0
1628296992000,0.0
1628297022000,0.0
1628297052000,0.0
1628297082000,0.0
1628297112000,0.0
1628297142000,0.0006075334143377885
1628297172000,0.0006027727546714887
1628297202000,0.0
1628297232000,0.0
1628297262000,0.0
1628297292000,0.0006064281382656155
1628297322000,0.0011933174224343676
1628297352000,0.0006112469437652813
1628297382000,0.0
1628297412000,0.0006056935190793457
1628297442000,0.0
1628297472000,0.0006079027355623102
1628297502000,0.0
1628297532000,0.0
1628297562000,0.0
1628297592000,0.0
1628297622000,0.0
1628297652000,0.0
1628297682000,0.0006119951040391675
1628297712000,0.0
1628297742000,0.0006123698714023269
1628297772000,0.0
1628297802000,0.0006093845216331506
1628297832000,0.0
1628297862000,0.0
1628297892000,0.0
1628297922000,0.0012070006035003018
1628297952000,0.0
1628297982000,0.0
1628298012000,0.0
1628298042000,0.0
1628298072000,0.0
1628298102000,0.0006067961165048543
1628298132000,0.0
1628298162000,0.0
1628298192000,0.0
1628298222000,0.0006002400960384152
1628298252000,0.0
1628298282000,0.0005892751915144372
1628298312000,0.0006067961165048543
1628298342000,0.0
1628298372000,0.0
1628298402000,0.0
1628298432000,0.0006016847172081829
1628298462000,0.0
1628298492000,0.0005889281507656067
1628298522000,0.0006049606775559589
1628298552000,0.0
1628298582000,0.0006056935190793457
1628298612000,0.0
1628298642000,0.0
1628298672000,0.0
1628298702000,0.0006157635467980296
1628298732000,0.0005924170616113746
1628298762000,0.0
1628298792000,0.0
1628298822000,0.0006045949214026603
1628298852000,0.0
1628298882000,0.0
1628298912000,0.0006079027355623102
1628298942000,0.0005906674542232723
1628298972000,0.0006161429451632778
1628299002000,0.0
1628299032000,0.0006002400960384152
1628299062000,0.0
1628299092000,0.0005995203836930455
1628299122000,0.0006042296072507553
1628299152000,0.0006013229104028864
1628299182000,0.0
1628299212000,0.0
1628299242000,0.0
1628299272000,0.0
1628299302000,0.0
1628299332000,0.0
1628299362000,0.0
1628299392000,0.0
1628299422000,0.0006108735491753207
1628299452000,0.0006056935190793457
1628299482000,0.0
1628299512000,0.0
1628299542000,0.0006226650062266501
1628299572000,0.0
1628299602000,0.0006093845216331506
1628299632000,0.0005995203836930455
1628299662000,0.0
1628299692000,0.0
1628299722000,0.0006127450980392157
1628299752000,0.0005906674542232723
1628299782000,0.0
1628299812000,0.0
1628299842000,0.0
1628299872000,0.0
1628299902000,0.0
1628299932000,0.0
1628299962000,0.0
1628299992000,0.0
1628300022000,0.0006006006006006006
1628300052000,0.0
1628300082000,0.0
1628300112000,0.0006153846153846153
1628300142000,0.0
1628300172000,0.0
1628300202000,0.0006031363088057902
1628300232000,0.0006024096385542169
1628300262000,0.0006045949214026603
1628300292000,0.0
1628300322000,0.0
1628300352000,0.0
1628300382000,0.0
1628300412000,0.0005948839976204639
1628300442000,0.0
1628300472000,0.0
1628300502000,0.0
1628300532000,0.0
1628300562000,0.0006101281269066504
1628300592000,0.0006108735491753207
1628300622000,0.0006108735491753207
1628300652000,0.0006013229104028864
1628300682000,0.0006169031462060457
1628300712000,0.0
1628300742000,0.0005977286312014345
1628300772000,0.0
1628300802000,0.0
1628300832000,0.0
1628300862000,0.0
1628300892000,0.0006009615384615385
1628300922000,0.0006127450980392157
1628300952000,0.0006045949214026603
1628300982000,0.0
1628301012000,0.0
1628301042000,0.0
1628301072000,0.0005991611743559018
1628301102000,0.0
1628301132000,0.0
1628301162000,0.0
1628301192000,0.0
1628301222000,0.0006035003017501509
1628301252000,0.0006031363088057902
1628301282000,0.0
1628301312000,0.0
1628301342000,0.0005889281507656067
1628301372000,0.0
1628301402000,0.0
1628301432000,0.0
1628301462000,0.0005892751915144372
1628301492000,0.0006123698714023269
1628301522000,0.0
1628301552000,0.0
1628301582000,0.0
1628301612000,0.0005913660555884093
1628301642000,0.0006067961165048543
1628301672000,0.0
1628301702000,0.0
1628301732000,0.0006108735491753207
1628301762000,0.0006045949214026603
1628301792000,0.0
1628301822000,0.0
1628301852000,0.0
1628301882000,0.0006027727546714887
1628301912000,0.0
1628301942000,0.0
1628301972000,0.0006090133982947625
1628302002000,0.0
1628302032000,0.0006090133982947625
1628302062000,0.0
1628302092000,0.0
1628302122000,0.0
1628302152000,0.0
1628302182000,0.0005988023952095807
1628302212000,0.0
1628302242000,0.0
1628302272000,0.0
1628302302000,0.0
1628302332000,0.0006097560975609756
1628302362000,0.0006067961165048543
1628302392000,0.0
1628302422000,0.0
1628302452000,0.0
1628302482000,0.0
1628302512000,0.0
1628302542000,0.0
1628302572000,0.0
1628302602000,0.0
1628302632000,0.0006093845216331506
1628302662000,0.0
1628302692000,0.0
1628302722000,0.0006045949214026603
1628302752000,0.0
1628302782000,0.0012062726176115801
1628302812000,0.0005970149253731342
1628302842000,0.0
1628302872000,0.0006093845216331506
1628302902000,0.0006027727546714887
1628302932000,0.0
1628302962000,0.0
1628302992000,0.0
1628303022000,0.0
1628303052000,0.0
1628303082000,0.0
1628303112000,0.0005934718100890207
1628303142000,0.0006195786864931846
1628303172000,0.0
1628303202000,0.0
1628303232000,0.0
1628303262000,0.0
1628303292000,0.0006142506142506142
1628303322000,0.0005963029218843173
1628303352000,0.0
1628303382000,0.0006093845216331506
1628303412000,0.0
1628303442000,0.0006134969325153375
1628303472000,0.0
1628303502000,0.0
1628303532000,0.0
1628303562000,0.0
1628303592000,0.0005767012687427913
1628303622000,0.0006090133982947625
1628303652000,0.0
1628303682000,0.0006116207951070336
1628303712000,0.0011968880909634947
1628303742000,0.0
1628303772000,0.0
1628303802000,0.0
1628303832000,0.0
1628303862000,0.0
1628303892000,0.0005988023952095807
1628303922000,0.0
1628303952000,0.0005977286312014345
1628303982000,0.0
1628304012000,0.0
1628304042000,0.0006064281382656155
1628304072000,0.0
1628304102000,0.0
1628304132000,0.0
1628304162000,0.0
1628304192000,0.0
1628304222000,0.0
1628304252000,0.0
1628304282000,0.0
1628304312000,0.0
1628304342000,0.0006031363088057902
1628304372000,0.0006045949214026603
1628304402000,0.0
1628304432000,0.0005952380952380952
1628304462000,0.0005906674542232723
1628304492000,0.0006042296072507553
1628304522000,0.0006226650062266501
1628304552000,0.0005927682276229994
1628304582000,0.0
1628304612000,0.0
1628304642000,0.0
1628304672000,0.0
1628304702000,0.0
1628304732000,0.0
1628304762000,0.0012055455093429774
1628304792000,0.0
1628304822000,0.0
1628304852000,0.0006123698714023269
1628304882000,0.0006016847172081829
1628304912000,0.0
1628304942000,0.0
1628304972000,0.0
1628305002000,0.0
1628305032000,0.0
1628305062000,0.0
1628305092000,0.0
1628305122000,0.0006020469596628537
1628305152000,0.0006042296072507553
1628305182000,0.0005980861244019139
1628305212000,0.0
1628305242000,0.0
1628305272000,0.0
1628305302000,0.0005998800239952009
1628305332000,0.0
1628305362000,0.0
1628305392000,0.0
1628305422000,0.0
1628305452000,0.0006079027355623102
1628305482000,0.0006064281382656155
1628305512000,0.0005984440454817473
1628305542000,0.0
1628305572000,0.0012217470983506415
1628305602000,0.0
1628305632000,0.0
1628305662000,0.0
1628305692000,0.0006090133982947625
1628305722000,0.0005906674542232723
1628305752000,0.0006199628022318662
1628305782000,0.0
1628305812000,0.0
1628305842000,0.0
1628305872000,0.0006218905472636817
1628305902000,0.0
1628305932000,0.0
1628305962000,0.0
1628305992000,0.0006093845216331506
1628306022000,0.0
1628306052000,0.0006180469715698393
1628306082000,0.0006093845216331506
1628306112000,0.0005998800239952009
1628306142000,0.0006042296072507553
1628306172000,0.0
1628306202000,0.0
1628306232000,0.0
1628306262000,0.0
1628306292000,0.0
1628306322000,0.0006053268765133173
1628306352000,0.0006075334143377885
1628306382000,0.0
1628306412000,0.0006024096385542169
1628306442000,0.0005988023952095807
1628306472000,0.0
1628306502000,0.0
1628306532000,0.0
1628306562000,0.0
1628306592000,0.0
1628306622000,0.0
1628306652000,0.0
1628306682000,0.0
1628306712000,0.0
1628306742000,0.0
1628306772000,0.0
1628306802000,0.0
1628306832000,0.0006075334143377885
1628306862000,0.0006053268765133173
1628306892000,0.0
1628306922000,0.0005941770647653001
1628306952000,0.0
1628306982000,0.0
1628307012000,0.0005984440454817473
1628307042000,0.0
1628307072000,0.0
1628307102000,0.0005924170616113746
1628307132000,0.0006079027355623102
1628307162000,0.0
1628307192000,0.0
1628307222000,0.0
1628307252000,0.0
1628307282000,0.0005892751915144372
1628307312000,0.0
1628307342000,0.0
1628307372000,0.0005984440454817473
1628307402000,0.0
1628307432000,0.0006035003017501509
1628307462000,0.0
1628307492000,0.0
1628307522000,0.0
1628307552000,0.0
1628307582000,0.0006024096385542169
1628307612000,0.0
1628307642000,0.0
1628307672000,0.0006138735420503376
1628307702000,0.0
1628307732000,0.0
1628307762000,0.0
1628307792000,0.0006086427267194157
1628307822000,0.0
1628307852000,0.0
1628307882000,0.0
1628307912000,0.0
1628307942000,0.0
1628307972000,0.0
1628308002000,0.0
1628308032000,0.0011911852293031567
1628308062000,0.0006207324643078832
1628308092000,0.0
1628308122000,0.0006119951040391675
1628308152000,0.0006203473945409428
1628308182000,0.0
1628308212000,0.0
1628308242000,0.0
1628308272000,0.0
1628308302000,0.0
1628308332000,0.0
1628308362000,0.0012070006035003018
1628308392000,0.0
1628308422000,0.0
1628308452000,0.0006042296072507553
1628308482000,0.0
1628308512000,0.0006138735420503376
1628308542000,0.0006027727546714887
1628308572000,0.0
1628308602000,0.0005984440454817473
1628308632000,0.0
1628308662000,0.0
1628308692000,0.0
1628308722000,0.0006042296072507553
1628308752000,0.0006082725060827251
1628308782000,0.0
1628308812000,0.0
1628308842000,0.0
1628308872000,0.0
1628308902000,0.0005980861244019139
1628308932000,0.0005984440454817473
1628308962000,0.0006002400960384152
1628308992000,0.0
1628309022000,0.0005984440454817473
1628309052000,0.0006067961165048543
1628309082000,0.0
1628309112000,0.0006082725060827251
1628309142000,0.0
1628309172000,0.0006031363088057902
1628309202000,0.0005970149253731342
1628309232000,0.0
1628309262000,0.0
1628309292000,0.0
1628309322000,0.0
1628309352000,0.0
1628309382000,0.0
1628309412000,0.0
1628309442000,0.0
1628309472000,0.0
1628309502000,0.0
1628309532000,0.0006064281382656155
1628309562000,0.0
1628309592000,0.0
1628309622000,0.0
1628309652000,0.0
1628309682000,0.0
1628309712000,0.0
1628309742000,0.0
1628309772000,0.0
1628309802000,0.0
1628309832000,0.0
1628309862000,0.0
1628309892000,0.0
1628309922000,0.0
1628309952000,0.0
1628309982000,0.0
1628310012000,0.0
1628310042000,0.0
1628310072000,0.0
1628310102000,0.0
1628310132000,0.0
1628310162000,0.0006123698714023269
1628310192000,0.0
1628310222000,0.0
1628310252000,0.0
1628310282000,0.0
1628310312000,0.0005991611743559018
1628310342000,0.0
1628310372000,0.0005934718100890207
1628310402000,0.0
1628310432000,0.0005920663114268798
1628310462000,0.0005959475566150177
1628310492000,0.0006142506142506142
1628310522000,0.0
1628310552000,0.0006153846153846153
1628310582000,0.0
1628310612000,0.0
1628310642000,0.0
1628310672000,0.0006009615384615385
1628310702000,0.0
1628310732000,0.0
1628310762000,0.0
1628310792000,0.0006071645415907711
1628310822000,0.0
1628310852000,0.0
1628310882000,0.0
1628310912000,0.0006138735420503376
1628310942000,0.0
1628310972000,0.0
1628311002000,0.0005927682276229994
1628311032000,0.0
1628311062000,0.0
1628311092000,0.0
1628311122000,0.0005948839976204639
1628311152000,0.0
1628311182000,0.0
1628311212000,0.0
1628311242000,0.0006056935190793457
1628311272000,0.0
1628311302000,0.0
1628311332000,0.0
1628311362000,0.0006146281499692684
1628311392000,0.0
1628311422000,0.0
1628311452000,0.0006042296072507553
1628311482000,0.0006035003017501509
1628311512000,0.0
1628311542000,0.0
1628311572000,0.0
1628311602000,0.0
1628311632000,0.0
1628311662000,0.0
1628311692000,0.0
1628311722000,0.0
1628311752000,0.0005977286312014345
1628311782000,0.0
1628311812000,0.0
1628311842000,0.0
1628311872000,0.0
1628311902000,0.0
1628311932000,0.0
1628311962000,0.0
1628311992000,0.0
1628312022000,0.0
1628312052000,0.0
1628312082000,0.0
1628312112000,0.0006060606060606062
1628312142000,0.0
1628312172000,0.0
1628312202000,0.0
1628312232000,0.0
1628312262000,0.0005970149253731342
1628312292000,0.0
1628312322000,0.0
1628312352000,0.0
1628312382000,0.0006138735420503376
1628312412000,0.0
1628312442000,0.0
1628312472000,0.0006230529595015578
1628312502000,0.0005970149253731342
1628312532000,0.0
1628312562000,0.0
1628312592000,0.0006035003017501509
1628312622000,0.0
1628312652000,0.0
1628312682000,0.0
1628312712000,0.0
1628312742000,0.0
1628312772000,0.0
1628312802000,0.0
1628312832000,0.0
1628312862000,0.0
1628312892000,0.0006123698714023269
1628312922000,0.0
1628312952000,0.0
1628312982000,0.0005973715651135006
1628313012000,0.0
1628313042000,0.0
1628313072000,0.0
1628313102000,0.0
1628313132000,0.0
1628313162000,0.0006027727546714887
1628313192000,0.0012165450121654502
1628313222000,0.0
1628313252000,0.0006006006006006006
1628313282000,0.0
1628313312000,0.0006180469715698393
1628313342000,0.0
1628313372000,0.0
1628313402000,0.0
1628313432000,0.0
1628313462000,0.0
1628313492000,0.0
1628313522000,0.0
1628313552000,0.0006105006105006105
1628313582000,0.0006165228113440197
1628313612000,0.0
1628313642000,0.0
1628313672000,0.0006027727546714887
1628313702000,0.0
1628313732000,0.0
1628313762000,0.0
1628313792000,0.0
1628313822000,0.0
1628313852000,0.0
1628313882000,0.0
1628313912000,0.0
1628313942000,0.001203369434416366
1628313972000,0.0
1628314002000,0.0
1628314032000,0.0
1628314062000,0.0
1628314092000,0.0
1628314122000,0.0
1628314152000,0.0
1628314182000,0.0
1628314212000,0.0
1628314242000,0.0006006006006006006
1628314272000,0.0
1628314302000,0.0
1628314332000,0.0
1628314362000,0.0
1628314392000,0.0006090133982947625
1628314422000,0.0
1628314452000,0.0005952380952380952
1628314482000,0.0
1628314512000,0.0006131207847946045
1628314542000,0.0006049606775559589
1628314572000,0.0
1628314602000,0.0
1628314632000,0.0006060606060606062
1628314662000,0.0
1628314692000,0.0006097560975609756
1628314722000,0.0
1628314752000,0.0
1628314782000,0.0005959475566150177
1628314812000,0.0
1628314842000,0.0
1628314872000,0.0
1628314902000,0.0
1628314932000,0.0006071645415907711
1628314962000,0.0
1628314992000,0.0006002400960384152
1628315022000,0.0006134969325153375
1628315052000,0.0005963029218843173
1628315082000,0.0
1628315112000,0.0006090133982947625
1628315142000,0.0
1628315172000,0.0
1628315202000,0.0
1628315232000,0.0
1628315262000,0.0
1628315292000,0.0006067961165048543
1628315322000,0.0
1628315352000,0.0
1628315382000,0.0
1628315412000,0.0006169031462060457
1628315442000,0.0
1628315472000,0.0
1628315502000,0.0
1628315532000,0.0006016847172081829
1628315562000,0.0
1628315592000,0.0
1628315622000,0.0
1628315652000,0.0
1628315682000,0.0006086427267194157
1628315712000,0.0
1628315742000,0.0
1628315772000,0.0
1628315802000,0.0
1628315832000,0.0
1628315862000,0.0
1628315892000,0.0
1628315922000,0.0
1628315952000,0.0
1628315982000,0.0006086427267194157
1628316012000,0.0
1628316042000,0.0006131207847946045
1628316072000,0.0
1628316102000,0.0
1628316132000,0.0
1628316162000,0.0
1628316192000,0.0
1628316222000,0.0
1628316252000,0.0
1628316282000,0.0
1628316312000,0.0
1628316342000,0.0
1628316372000,0.0
1628316402000,0.0
1628316432000,0.0006146281499692684
1628316462000,0.0
1628316492000,0.0
1628316522000,0.0006090133982947625
1628316552000,0.0
1628316582000,0.0
1628316612000,0.0
1628316642000,0.0
1628316672000,0.0
1628316702000,0.0
1628316732000,0.0006146281499692684
1628316762000,0.0
1628316792000,0.0
1628316822000,0.0
1628316852000,0.0005920663114268798
1628316882000,0.0
1628316912000,0.0
1628316942000,0.0
1628316972000,0.0
1628317002000,0.0
1628317032000,0.0
1628317062000,0.0
1628317092000,0.0
1628317122000,0.0
1628317152000,0.0
1628317182000,0.0
1628317212000,0.0
1628317242000,0.0
1628317272000,0.0
1628317302000,0.0
1628317332000,0.0
1628317362000,0.0
1628317392000,0.0006024096385542169
1628317422000,0.0006020469596628537
1628317452000,0.0
1628317482000,0.0
1628317512000,0.0
1628317542000,0.0
1628317572000,0.0
1628317602000,0.0005980861244019139
1628317632000,0.0
1628317662000,0.0
1628317692000,0.0005945303210463732
1628317722000,0.0005941770647653001
1628317752000,0.0006169031462060457
1628317782000,0.0
1628317812000,0.0006101281269066504
1628317842000,0.0
1628317872000,0.0
1628317902000,0.0
1628317932000,0.0
1628317962000,0.0
1628317992000,0.0005973715651135006
1628318022000,0.0005945303210463732
1628318052000,0.0005955926146515784
1628318082000,0.0
1628318112000,0.0
1628318142000,0.0
1628318172000,0.0
1628318202000,0.0
1628318232000,0.0
1628318262000,0.0006009615384615385
1628318292000,0.0
1628318322000,0.0006056935190793457
1628318352000,0.0
1628318382000,0.0
1628318412000,0.0
1628318442000,0.0
1628318472000,0.0
1628318502000,0.0006006006006006006
1628318532000,0.0
1628318562000,0.0
1628318592000,0.0
1628318622000,0.0006031363088057902
1628318652000,0.0006142506142506142
1628318682000,0.0006195786864931846
1628318712000,0.0006112469437652813
1628318742000,0.0006105006105006105
1628318772000,0.0005896226415094339
1628318802000,0.0006042296072507553
1628318832000,0.0
1628318862000,0.0
1628318892000,0.0005988023952095807
1628318922000,0.0
1628318952000,0.0006038647342995169
1628318982000,0.0006056935190793457
1628319012000,0.0005941770647653001
1628319042000,0.0
1628319072000,0.0
1628319102000,0.0005931198102016608
1628319132000,0.0
1628319162000,0.0005903187721369539
1628319192000,0.0
1628319222000,0.0
1628319252000,0.0006049606775559589
1628319282000,0.0
1628319312000,0.0
1628319342000,0.0
1628319372000,0.0
1628319402000,0.0
1628319432000,0.0005817335660267597
1628319462000,0.0006082725060827251
1628319492000,0.0
1628319522000,0.0
1628319552000,0.0
1628319582000,0.0
1628319612000,0.0
1628319642000,0.0
1628319672000,0.0
1628319702000,0.0
1628319732000,0.0
1628319762000,0.0
1628319792000,0.0
1628319822000,0.0
1628319852000,0.0006127450980392157
1628319882000,0.0
1628319912000,0.0
1628319942000,0.0006116207951070336
1628319972000,0.0
1628320002000,0.0
1628320032000,0.0006246096189881324
1628320062000,0.0
1628320092000,0.0
1628320122000,0.0
1628320152000,0.0
1628320182000,0.0005913660555884093
1628320212000,0.0
1628320242000,0.0
1628320272000,0.0
1628320302000,0.0
1628320332000,0.0
1628320362000,0.0012315270935960591
1628320392000,0.0006027727546714887
1628320422000,0.0
1628320452000,0.0006142506142506142
1628320482000,0.0
1628320512000,0.0
1628320542000,0.0
1628320572000,0.0005889281507656067
1628320602000,0.0
1628320632000,0.0
1628320662000,0.0
1628320692000,0.0006203473945409428
1628320722000,0.0
1628320752000,0.0006199628022318662
1628320782000,0.0006153846153846153
1628320812000,0.0
1628320842000,0.0
1628320872000,0.0
1628320902000,0.0
1628320932000,0.0
1628320962000,0.0
1628320992000,0.0
1628321022000,0.0006060606060606062
1628321052000,0.0
1628321082000,0.0
1628321112000,0.0
1628321142000,0.0
1628321172000,0.001199040767386091
1628321202000,0.0
1628321232000,0.0
1628321262000,0.0
1628321292000,0.0005948839976204639
1628321322000,0.0
1628321352000,0.0005913660555884093
1628321382000,0.0
1628321412000,0.0
1628321442000,0.0
1628321472000,0.0
1628321502000,0.0006013229104028864
1628321532000,0.0
1628321562000,0.0
1628321592000,0.0
1628321622000,0.0005885815185403178
1628321652000,0.0
1628321682000,0.0
1628321712000,0.0
1628321742000,0.0
1628321772000,0.0006150061500615006
1628321802000,0.0
1628321832000,0.0
1628321862000,0.0
1628321892000,0.0
1628321922000,0.0
1628321952000,0.0
1628321982000,0.0
1628322012000,0.0
1628322042000,0.0
1628322072000,0.0006176652254478072
1628322102000,0.0
1628322132000,0.0012055455093429774
1628322162000,0.0005952380952380952
1628322192000,0.0
1628322222000,0.0
1628322252000,0.0
1628322282000,0.0
1628322312000,0.0
1628322342000,0.0006165228113440197
1628322372000,0.0
1628322402000,0.0
1628322432000,0.0
1628322462000,0.0
1628322492000,0.0
1628322522000,0.0
1628322552000,0.0
1628322582000,0.0005896226415094339
1628322612000,0.0
1628322642000,0.0
1628322672000,0.0005847953216374268
1628322702000,0.0006020469596628537
1628322732000,0.0
1628322762000,0.0
1628322792000,0.0006086427267194157
1628322822000,0.0006218905472636817
1628322852000,0.0
1628322882000,0.0
1628322912000,0.0006049606775559589
1628322942000,0.0
1628322972000,0.0
1628323002000,0.0006188118811881187
1628323032000,0.0
1628323062000,0.0006071645415907711
1628323092000,0.0005977286312014345
1628323122000,0.0
1628323152000,0.0005945303210463732
1628323182000,0.0005837711617046117
1628323212000,0.0
1628323242000,0.0
1628323272000,0.0
1628323302000,0.0006067961165048543
1628323332000,0.0
1628323362000,0.0005980861244019139
1628323392000,0.0
1628323422000,0.0005903187721369539
1628323452000,0.0006169031462060457
1628323482000,0.0005945303210463732
1628323512000,0.0
1628323542000,0.0
1628323572000,0.0005966587112171838
1628323602000,0.0
1628323632000,0.0
1628323662000,0.0
1628323692000,0.0
1628323722000,0.0
1628323752000,0.0
1628323782000,0.0005847953216374268
1628323812000,0.0
1628323842000,0.0
1628323872000,0.0006079027355623102
1628323902000,0.0005980861244019139
1628323932000,0.0
1628323962000,0.0006024096385542169
1628323992000,0.0
1628324022000,0.0006053268765133173
1628324052000,0.0
1628324082000,0.0
1628324112000,0.0
1628324142000,0.0
1628324172000,0.0
1628324202000,0.0
1628324232000,0.0006056935190793457
1628324262000,0.0
1628324292000,0.0
1628324322000,0.0
1628324352000,0.0
1628324382000,0.0
1628324412000,0.0
1628324442000,0.0
1628324472000,0.0
1628324502000,0.0
1628324532000,0.0
1628324562000,0.0
1628324592000,0.0006116207951070336
1628324622000,0.0
1628324652000,0.0
1628324682000,0.0
1628324712000,0.0
1628324742000,0.0
1628324772000,0.0
1628324802000,0.0006131207847946045
1628324832000,0.0006079027355623102
1628324862000,0.0
1628324892000,0.0
1628324922000,0.0
1628324952000,0.0
1628324982000,0.0006097560975609756
1628325012000,0.0005977286312014345
1628325042000,0.0
1628325072000,0.0006045949214026603
1628325102000,0.0
1628325132000,0.0
1628325162000,0.0
1628325192000,0.0006093845216331506
1628325222000,0.0
1628325252000,0.0
1628325282000,0.0
1628325312000,0.0
1628325342000,0.0
1628325372000,0.0005970149253731342
1628325402000,0.0
1628325432000,0.0
1628325462000,0.0
1628325492000,0.0
1628325522000,0.0
1628325552000,0.0012247397428046538
1628325582000,0.0006119951040391675
1628325612000,0.0
1628325642000,0.0
1628325672000,0.0
1628325702000,0.0
1628325732000,0.0
1628325762000,0.0
1628325792000,0.0
1628325822000,0.0
1628325852000,0.0006090133982947625
1628325882000,0.0
1628325912000,0.0005980861244019139
1628325942000,0.0
1628325972000,0.0
1628326002000,0.0
1628326032000,0.0
1628326062000,0.0
1628326092000,0.0
1628326122000,0.0
1628326152000,0.0
1628326182000,0.0
1628326212000,0.0
1628326242000,0.0011904761904761904
1628326272000,0.0
1628326302000,0.0006071645415907711
1628326332000,0.0
1628326362000,0.0
1628326392000,0.0
1628326422000,0.0005991611743559018
1628326452000,0.0
1628326482000,0.0011771630370806356
1628326512000,0.0006257822277847308
1628326542000,0.0005934718100890207
1628326572000,0.0
1628326602000,0.0
1628326632000,0.0
1628326662000,0.0
1628326692000,0.0
1628326722000,0.0
1628326752000,0.0
1628326782000,0.0005847953216374268
1628326812000,0.0
1628326842000,0.0
1628326872000,0.0005931198102016608
1628326902000,0.0
1628326932000,0.0006191950464396285
1628326962000,0.0012202562538133007
1628326992000,0.0
1628327022000,0.0006049606775559589
1628327052000,0.0
1628327082000,0.0006027727546714887
1628327112000,0.0
1628327142000,0.0
1628327172000,0.0006067961165048543
1628327202000,0.0
1628327232000,0.0006150061500615006
1628327262000,0.0006067961165048543
1628327292000,0.0
1628327322000,0.0006071645415907711
1628327352000,0.0006191950464396285
1628327382000,0.0
1628327412000,0.0006142506142506142
1628327442000,0.0006082725060827251
1628327472000,0.0
1628327502000,0.0
1628327532000,0.0
1628327562000,0.0
1628327592000,0.0006108735491753207
1628327622000,0.0
1628327652000,0.0
1628327682000,0.0005966587112171838
1628327712000,0.0005977286312014345
1628327742000,0.0006071645415907711
1628327772000,0.0005973715651135006
1628327802000,0.0
1628327832000,0.0
1628327862000,0.0
1628327892000,0.0
1628327922000,0.0006195786864931846
1628327952000,0.0
1628327982000,0.0005892751915144372
1628328012000,0.0005966587112171838
1628328042000,0.0
1628328072000,0.0
1628328102000,0.0006075334143377885
1628328132000,0.0006056935190793457
1628328162000,0.0
1628328192000,0.0
1628328222000,0.0006134969325153375
1628328252000,0.0
1628328282000,0.0006024096385542169
1628328312000,0.0
1628328342000,0.0006101281269066504
1628328372000,0.0
1628328402000,0.0
1628328432000,0.0
1628328462000,0.0006191950464396285
1628328492000,0.0
1628328522000,0.0
1628328552000,0.0006142506142506142
1628328582000,0.0
1628328612000,0.0
1628328642000,0.0
1628328672000,0.0006169031462060457
1628328702000,0.0
1628328732000,0.0
1628328762000,0.0
1628328792000,0.0
1628328822000,0.0
1628328852000,0.0006169031462060457
1628328882000,0.0005892751915144372
1628328912000,0.0
1628328942000,0.0006123698714023269
1628328972000,0.0005910165484633571
1628329002000,0.0
1628329032000,0.0006075334143377885
1628329062000,0.0
1628329092000,0.0005966587112171838
1628329122000,0.0
1628329152000,0.0
1628329182000,0.0
1628329212000,0.0
1628329242000,0.0
1628329272000,0.0006006006006006006
1628329302000,0.0006020469596628537
1628329332000,0.0006075334143377885
1628329362000,0.0005955926146515784
1628329392000,0.0006006006006006006
1628329422000,0.0012106537530266347
1628329452000,0.0006049606775559589
1628329482000,0.0
1628329512000,0.0006006006006006006
1628329542000,0.0
1628329572000,0.0
1628329602000,0.0
1628329632000,0.0006049606775559589
1628329662000,0.0
1628329692000,0.0
1628329722000,0.0
1628329752000,0.0
1628329782000,0.0006067961165048543
1628329812000,0.0
1628329842000,0.0
1628329872000,0.0
1628329902000,0.0005903187721369539
1628329932000,0.0
1628329962000,0.0
1628329992000,0.0005917159763313611
1628330022000,0.0
1628330052000,0.0
1628330082000,0.0006188118811881187
1628330112000,0.0
1628330142000,0.0
1628330172000,0.0
1628330202000,0.0
1628330232000,0.0
1628330262000,0.0006049606775559589
1628330292000,0.0
1628330322000,0.0
1628330352000,0.0
1628330382000,0.0
1628330412000,0.0
1628330442000,0.0
1628330472000,0.0005924170616113746
1628330502000,0.0006024096385542169
1628330532000,0.0
1628330562000,0.0
1628330592000,0.0
1628330622000,0.0
1628330652000,0.0
1628330682000,0.0
1628330712000,0.0006060606060606062
1628330742000,0.0006090133982947625
1628330772000,0.0
1628330802000,0.0006169031462060457
1628330832000,0.0
1628330862000,0.0
1628330892000,0.0
1628330922000,0.0006090133982947625
1628330952000,0.0
1628330982000,0.0006031363088057902
1628331012000,0.0
1628331042000,0.0
1628331072000,0.0006123698714023269
1628331102000,0.0006024096385542169
1628331132000,0.0
1628331162000,0.0
1628331192000,0.0
1628331222000,0.0
1628331252000,0.0005938242280285036
1628331282000,0.0012172854534388314
1628331312000,0.0
1628331342000,0.0
1628331372000,0.0
1628331402000,0.0
1628331432000,0.0005980861244019139
1628331462000,0.0
1628331492000,0.0
1628331522000,0.0
1628331552000,0.0
1628331582000,0.0
1628331612000,0.0
1628331642000,0.0
1628331672000,0.0
1628331702000,0.0
1628331732000,0.0
1628331762000,0.0
1628331792000,0.0
1628331822000,0.0
1628331852000,0.0
1628331882000,0.0
1628331912000,0.0006049606775559589
1628331942000,0.0
1628331972000,0.0
1628332002000,0.0
1628332032000,0.0
1628332062000,0.0
1628332092000,0.0
1628332122000,0.0
1628332152000,0.0
1628332182000,0.0012217470983506415
1628332212000,0.0
1628332242000,0.0
1628332272000,0.0
1628332302000,0.0
1628332332000,0.0
1628332362000,0.0006165228113440197
1628332392000,0.0
1628332422000,0.0006090133982947625
1628332452000,0.0012338062924120911
1628332482000,0.0
1628332512000,0.0006101281269066504
1628332542000,0.0
1628332572000,0.0
1628332602000,0.0005984440454817473
1628332632000,0.0006146281499692684
1628332662000,0.0
1628332692000,0.0005977286312014345
1628332722000,0.0
1628332752000,0.0006038647342995169
1628332782000,0.0006082725060827251
1628332812000,0.0
1628332842000,0.0006123698714023269
1628332872000,0.0
1628332902000,0.0
1628332932000,0.0
1628332962000,0.0
1628332992000,0.0
1628333022000,0.0
1628333052000,0.0
1628333082000,0.0
1628333112000,0.0006090133982947625
1628333142000,0.0
1628333172000,0.0
1628333202000,0.0
1628333232000,0.0
1628333262000,0.0006024096385542169
1628333292000,0.0
1628333322000,0.0
1628333352000,0.0006161429451632778
1628333382000,0.0006075334143377885
1628333412000,0.0
1628333442000,0.0
1628333472000,0.0
1628333502000,0.0
1628333532000,0.0006157635467980296
1628333562000,0.0
1628333592000,0.0006142506142506142
1628333622000,0.0006105006105006105
1628333652000,0.0
1628333682000,0.0
1628333712000,0.0
1628333742000,0.0
1628333772000,0.0
1628333802000,0.0
1628333832000,0.0
1628333862000,0.0006045949214026603
1628333892000,0.0005892751915144372
1628333922000,0.0
1628333952000,0.0006053268765133173
1628333982000,0.0
1628334012000,0.0
1628334042000,0.0006090133982947625
1628334072000,0.0006105006105006105
1628334102000,0.0
1628334132000,0.0006042296072507553
1628334162000,0.0
1628334192000,0.0006119951040391675
1628334222000,0.0
1628334252000,0.0
1628334282000,0.0006215040397762585
1628334312000,0.0005913660555884093
1628334342000,0.0005984440454817473
1628334372000,0.0005984440454817473
1628334402000,0.0
1628334432000,0.0
1628334462000,0.0006161429451632778
1628334492000,0.0
1628334522000,0.0
1628334552000,0.0
1628334582000,0.0
1628334612000,0.0006075334143377885
1628334642000,0.0006101281269066504
1628334672000,0.0
1628334702000,0.0
1628334732000,0.0
1628334762000,0.0
1628334792000,0.0
1628334822000,0.0
1628334852000,0.0
1628334882000,0.0006093845216331506
1628334912000,0.0
1628334942000,0.0
1628334972000,0.0
1628335002000,0.0006024096385542169
1628335032000,0.0
1628335062000,0.0006042296072507553
1628335092000,0.0005892751915144372
1628335122000,0.0006042296072507553
1628335152000,0.0
1628335182000,0.0
1628335212000,0.0006006006006006006
1628335242000,0.0005955926146515784
1628335272000,0.0
1628335302000,0.0
1628335332000,0.0
1628335362000,0.0
1628335392000,0.0
1628335422000,0.0
1628335452000,0.0
1628335482000,0.0
1628335512000,0.0
1628335542000,0.0006027727546714887
1628335572000,0.0005988023952095807
1628335602000,0.0
1628335632000,0.0
1628335662000,0.0006067961165048543
1628335692000,0.0
1628335722000,0.0
1628335752000,0.0006090133982947625
1628335782000,0.0005955926146515784
1628335812000,0.0006045949214026603
1628335842000,0.0006153846153846153
1628335872000,0.0006042296072507553
1628335902000,0.0
1628335932000,0.0
1628335962000,0.0
1628335992000,0.0005980861244019139
1628336022000,0.0
1628336052000,0.0
1628336082000,0.0
1628336112000,0.0
1628336142000,0.0006142506142506142
1628336172000,0.0
1628336202000,0.0
1628336232000,0.0
1628336262000,0.0
1628336292000,0.0005970149253731342
1628336322000,0.0
1628336352000,0.0006108735491753207
1628336382000,0.0
1628336412000,0.0005973715651135006
1628336442000,0.0
1628336472000,0.0012376237623762374
1628336502000,0.0006146281499692684
1628336532000,0.0
1628336562000,0.0006199628022318662
1628336592000,0.0
1628336622000,0.0
1628336652000,0.0
1628336682000,0.0
1628336712000,0.0
1628336742000,0.0
1628336772000,0.0006188118811881187
1628336802000,0.0
1628336832000,0.0006006006006006006
1628336862000,0.0
1628336892000,0.0
1628336922000,0.0
1628336952000,0.0
1628336982000,0.0006079027355623102
1628337012000,0.0
1628337042000,0.0005948839976204639
1628337072000,0.0
1628337102000,0.0006086427267194157
1628337132000,0.0
1628337162000,0.0005941770647653001
1628337192000,0.0
1628337222000,0.0006067961165048543
1628337252000,0.0
1628337282000,0.0
1628337312000,0.0006131207847946045
1628337342000,0.0005920663114268798
1628337372000,0.0
1628337402000,0.0006038647342995169
1628337432000,0.0006013229104028864
1628337462000,0.0
1628337492000,0.0
1628337522000,0.0006079027355623102
1628337552000,0.0006090133982947625
1628337582000,0.0
1628337612000,0.0
1628337642000,0.0006150061500615006
1628337672000,0.0005970149253731342
1628337702000,0.0
1628337732000,0.0006053268765133173
1628337762000,0.0006134969325153375
1628337792000,0.0
1628337822000,0.0
1628337852000,0.0
1628337882000,0.0
1628337912000,0.0
1628337942000,0.0012187690432663009
1628337972000,0.0
1628338002000,0.0006060606060606062
1628338032000,0.0006002400960384152
1628338062000,0.0
1628338092000,0.0
1628338122000,0.0006027727546714887
1628338152000,0.0
1628338182000,0.0
1628338212000,0.0012048192771084338
1628338242000,0.0
1628338272000,0.0006157635467980296
1628338302000,0.0
1628338332000,0.0
1628338362000,0.0006230529595015578
1628338392000,0.0006082725060827251
1628338422000,0.0
1628338452000,0.0006127450980392157
1628338482000,0.0005807200929152149
1628338512000,0.0
1628338542000,0.0
1628338572000,0.0006097560975609756
1628338602000,0.0
1628338632000,0.0005980861244019139
1628338662000,0.0
1628338692000,0.0
1628338722000,0.0005995203836930455
1628338752000,0.0006161429451632778
1628338782000,0.0
1628338812000,0.0
1628338842000,0.0
1628338872000,0.0
1628338902000,0.0
1628338932000,0.0
1628338962000,0.0
1628338992000,0.0
1628339022000,0.0
1628339052000,0.0005998800239952009
1628339082000,0.0
1628339112000,0.0
1628339142000,0.0
1628339172000,0.0
1628339202000,0.0
1628339232000,0.0
1628339262000,0.0
1628339292000,0.0006161429451632778
1628339322000,0.0
1628339352000,0.0
1628339382000,0.0006097560975609756
1628339412000,0.0006119951040391675
1628339442000,0.0005984440454817473
1628339472000,0.0
1628339502000,0.0
1628339532000,0.0006006006006006006
1628339562000,0.0
1628339592000,0.0006045949214026603
1628339622000,0.0
1628339652000,0.0
1628339682000,0.0
1628339712000,0.0
1628339742000,0.0005973715651135006
1628339772000,0.0006042296072507553
1628339802000,0.0
1628339832000,0.0
1628339862000,0.0
1628339892000,0.0
1628339922000,0.0
1628339952000,0.0006134969325153375
1628339982000,0.0
1628340012000,0.0006101281269066504
1628340042000,0.0
1628340072000,0.0
1628340102000,0.0006016847172081829
1628340132000,0.0
1628340162000,0.0
1628340192000,0.0
1628340222000,0.0006009615384615385
1628340252000,0.0
1628340282000,0.0006038647342995169
1628340312000,0.0
1628340342000,0.0
1628340372000,0.0
1628340402000,0.0
1628340432000,0.0
1628340462000,0.0
1628340492000,0.0
1628340522000,0.0
1628340552000,0.0006188118811881187
1628340582000,0.0
1628340612000,0.0006020469596628537
1628340642000,0.0
1628340672000,0.0005948839976204639
1628340702000,0.0011785503830288745
1628340732000,0.0
1628340762000,0.0
1628340792000,0.0
1628340822000,0.0
1628340852000,0.0006016847172081829
1628340882000,0.0
1628340912000,0.0005903187721369539
1628340942000,0.0
1628340972000,0.0005988023952095807
1628341002000,0.0
1628341032000,0.0
1628341062000,0.0
1628341092000,0.0
1628341122000,0.0006108735491753207
1628341152000,0.0
1628341182000,0.0005959475566150177
1628341212000,0.0006116207951070336
1628341242000,0.0005970149253731342
1628341272000,0.0
1628341302000,0.0
1628341332000,0.0
1628341362000,0.0
1628341392000,0.0
1628341422000,0.0
1628341452000,0.0
1628341482000,0.0006009615384615385
1628341512000,0.0012165450121654502
1628341542000,0.0
1628341572000,0.0006045949214026603
1628341602000,0.0006027727546714887
1628341632000,0.0
1628341662000,0.0005991611743559018
1628341692000,0.0006150061500615006
1628341722000,0.0
1628341752000,0.0
1628341782000,0.0006035003017501509
1628341812000,0.0
1628341842000,0.0
1628341872000,0.0
1628341902000,0.0
1628341932000,0.0006009615384615385
1628341962000,0.0
1628341992000,0.0012091898428053206
1628342022000,0.0
1628342052000,0.0006056935190793457
1628342082000,0.0
1628342112000,0.0
1628342142000,0.0006123698714023269
1628342172000,0.0
1628342202000,0.0
1628342232000,0.0
1628342262000,0.0005892751915144372
1628342292000,0.0
1628342322000,0.0006079027355623102
1628342352000,0.0
1628342382000,0.0005998800239952009
1628342412000,0.0
1628342442000,0.0
1628342472000,0.0006172839506172839
1628342502000,0.0
1628342532000,0.0
1628342562000,0.0006093845216331506
1628342592000,0.0
1628342622000,0.0006002400960384152
1628342652000,0.0
1628342682000,0.0
1628342712000,0.0006157635467980296
1628342742000,0.0006009615384615385
1628342772000,0.0006053268765133173
1628342802000,0.0006157635467980296
1628342832000,0.0
1628342862000,0.0
1628342892000,0.0006157635467980296
1628342922000,0.0
1628342952000,0.0
1628342982000,0.0
1628343012000,0.0
1628343042000,0.0006035003017501509
1628343072000,0.0
1628343102000,0.0
1628343132000,0.0
1628343162000,0.0
1628343192000,0.0006035003017501509
1628343222000,0.0
1628343252000,0.0
1628343282000,0.0
1628343312000,0.0
1628343342000,0.0005927682276229994
1628343372000,0.0
1628343402000,0.0006027727546714887
1628343432000,0.0
1628343462000,0.0006119951040391675
1628343492000,0.0
1628343522000,0.0
1628343552000,0.0
1628343582000,0.0
1628343612000,0.0
1628343642000,0.0
1628343672000,0.0
1628343702000,0.0
1628343732000,0.0006067961165048543
1628343762000,0.0006060606060606062
1628343792000,0.0
1628343822000,0.0005973715651135006
1628343852000,0.0
1628343882000,0.0006045949214026603
1628343912000,0.0
1628343942000,0.0
1628343972000,0.0
1628344002000,0.0
1628344032000,0.0
1628344062000,0.0006184291898577612
1628344092000,0.0
1628344122000,0.0
1628344152000,0.0005966587112171838
1628344182000,0.0018248175182481753
1628344212000,0.0006086427267194157
1628344242000,0.0
1628344272000,0.0
1628344302000,0.0006016847172081829
1628344332000,0.0
1628344362000,0.0
1628344392000,0.0
1628344422000,0.0
1628344452000,0.0
1628344482000,0.0
1628344512000,0.0
1628344542000,0.0
1628344572000,0.0
1628344602000,0.0006131207847946045
1628344632000,0.0
1628344662000,0.0
1628344692000,0.0
1628344722000,0.0
1628344752000,0.0006142506142506142
1628344782000,0.0006150061500615006
1628344812000,0.0
1628344842000,0.0005995203836930455
1628344872000,0.0
1628344902000,0.0
1628344932000,0.0
1628344962000,0.0006119951040391675
1628344992000,0.0006027727546714887
1628345022000,0.0
1628345052000,0.0
1628345082000,0.0
1628345112000,0.0
1628345142000,0.0005952380952380952
1628345172000,0.0
1628345202000,0.0
1628345232000,0.0
1628345262000,0.0
1628345292000,0.0005913660555884093
1628345322000,0.0
1628345352000,0.0
1628345382000,0.0006024096385542169
1628345412000,0.0
1628345442000,0.0
1628345472000,0.0
1628345502000,0.0006060606060606062
1628345532000,0.0005966587112171838
1628345562000,0.0005847953216374268
1628345592000,0.0006105006105006105
1628345622000,0.0005931198102016608
1628345652000,0.0
1628345682000,0.0
1628345712000,0.0
1628345742000,0.0
1628345772000,0.0
1628345802000,0.0
1628345832000,0.0
1628345862000,0.0
1628345892000,0.0006108735491753207
1628345922000,0.0006071645415907711
1628345952000,0.0
1628345982000,0.0006119951040391675
1628346012000,0.0
1628346042000,0.0
1628346072000,0.0
1628346102000,0.0006067961165048543
1628346132000,0.0
1628346162000,0.0
1628346192000,0.0
1628346222000,0.0006146281499692684
1628346252000,0.0005924170616113746
1628346282000,0.0012307692307692306
1628346312000,0.0006134969325153375
1628346342000,0.0005998800239952009
1628346372000,0.0
1628346402000,0.0
1628346432000,0.0006045949214026603
1628346462000,0.0006123698714023269
1628346492000,0.0006108735491753207
1628346522000,0.0005913660555884093
1628346552000,0.0
1628346582000,0.0006071645415907711
1628346612000,0.0
1628346642000,0.0
1628346672000,0.0006016847172081829
1628346702000,0.0005920663114268798
1628346732000,0.0006191950464396285
1628346762000,0.0006142506142506142
1628346792000,0.0
1628346822000,0.0
1628346852000,0.0
1628346882000,0.0006123698714023269
1628346912000,0.0
1628346942000,0.0
1628346972000,0.0
1628347002000,0.0
1628347032000,0.0
1628347062000,0.0006045949214026603
1628347092000,0.0
1628347122000,0.0006035003017501509
1628347152000,0.0006176652254478072
1628347182000,0.0
1628347212000,0.0
1628347242000,0.0
1628347272000,0.0
1628347302000,0.0005955926146515784
1628347332000,0.0
1628347362000,0.0005988023952095807
1628347392000,0.0005889281507656067
1628347422000,0.0
1628347452000,0.0
1628347482000,0.0006024096385542169
1628347512000,0.0
1628347542000,0.0006042296072507553
1628347572000,0.0
1628347602000,0.0005988023952095807
1628347632000,0.0006027727546714887
1628347662000,0.0006131207847946045
1628347692000,0.0
1628347722000,0.0
1628347752000,0.0
1628347782000,0.0
1628347812000,0.0
1628347842000,0.0
1628347872000,0.0
1628347902000,0.0
1628347932000,0.0
1628347962000,0.0
1628347992000,0.0006146281499692684
1628348022000,0.0
1628348052000,0.0
1628348082000,0.0
1628348112000,0.0005903187721369539
1628348142000,0.0005899705014749262
1628348172000,0.0
1628348202000,0.0
1628348232000,0.0
1628348262000,0.0
1628348292000,0.0006093845216331506
1628348322000,0.0
1628348352000,0.0006161429451632778
1628348382000,0.0
1628348412000,0.0005998800239952009
1628348442000,0.0
1628348472000,0.0
1628348502000,0.0005998800239952009
1628348532000,0.0
1628348562000,0.0
1628348592000,0.0
1628348622000,0.0
1628348652000,0.0
1628348682000,0.0
1628348712000,0.0
1628348742000,0.0
1628348772000,0.0
1628348802000,0.0
1628348832000,0.0006176652254478072
1628348862000,0.0
1628348892000,0.0
1628348922000,0.0006188118811881187
1628348952000,0.0006082725060827251
1628348982000,0.0
1628349012000,0.0
1628349042000,0.0
1628349072000,0.0
1628349102000,0.0006045949214026603
1628349132000,0.0006042296072507553
1628349162000,0.0
1628349192000,0.0
1628349222000,0.0006112469437652813
1628349252000,0.0
1628349282000,0.0
1628349312000,0.0006067961165048543
1628349342000,0.0
1628349372000,0.0
1628349402000,0.0005903187721369539
1628349432000,0.0
1628349462000,0.0
1628349492000,0.0
1628349522000,0.0
1628349552000,0.0006016847172081829
1628349582000,0.0
1628349612000,0.0
1628349642000,0.0005970149253731342
1628349672000,0.0
1628349702000,0.0
1628349732000,0.0
1628349762000,0.0006184291898577612
1628349792000,0.0
1628349822000,0.0
1628349852000,0.0006191950464396285
1628349882000,0.0006035003017501509
1628349912000,0.0
1628349942000,0.0006064281382656155
1628349972000,0.0
1628350002000,0.0
1628350032000,0.0005934718100890207
1628350062000,0.0
1628350092000,0.0006176652254478072
1628350122000,0.0
1628350152000,0.0005892751915144372
1628350182000,0.0
1628350212000,0.0
1628350242000,0.0006013229104028864
1628350272000,0.0
1628350302000,0.0005980861244019139
1628350332000,0.0
1628350362000,0.0
1628350392000,0.0
1628350422000,0.0
1628350452000,0.0
1628350482000,0.0
1628350512000,0.0005948839976204639
1628350542000,0.0005966587112171838
1628350572000,0.0
1628350602000,0.0006009615384615385
1628350632000,0.0005988023952095807
1628350662000,0.0005910165484633571
1628350692000,0.0
1628350722000,0.0
1628350752000,0.0
1628350782000,0.0
1628350812000,0.0
1628350842000,0.0
1628350872000,0.0005970149253731342
1628350902000,0.0006105006105006105
1628350932000,0.0
1628350962000,0.0006042296072507553
1628350992000,0.0012414649286157664
1628351022000,0.0
1628351052000,0.0
1628351082000,0.0006042296072507553
1628351112000,0.0
1628351142000,0.0
1628351172000,0.0
1628351202000,0.0012048192771084338
1628351232000,0.0
1628351262000,0.0006093845216331506
1628351292000,0.0005995203836930455
1628351322000,0.0
1628351352000,0.0006134969325153375
1628351382000,0.0
1628351412000,0.0
1628351442000,0.0006049606775559589
1628351472000,0.0
1628351502000,0.0005924170616113746
1628351532000,0.0006006006006006006
1628351562000,0.0
1628351592000,0.0005948839976204639
1628351622000,0.0
1628351652000,0.0006031363088057902
1628351682000,0.0006097560975609756
1628351712000,0.0005931198102016608
1628351742000,0.0
1628351772000,0.0
1628351802000,0.0
1628351832000,0.0006112469437652813
1628351862000,0.0
1628351892000,0.0
1628351922000,0.0005770340450086555
1628351952000,0.0
1628351982000,0.0006035003017501509
1628352012000,0.0
1628352042000,0.0
1628352072000,0.0
1628352102000,0.0
1628352132000,0.0006112469437652813
1628352162000,0.0
1628352192000,0.0
1628352222000,0.0005927682276229994
1628352252000,0.0006020469596628537
1628352282000,0.0
1628352312000,0.0
1628352342000,0.0006067961165048543
1628352372000,0.0
1628352402000,0.0
1628352432000,0.0
1628352462000,0.0
1628352492000,0.0
1628352522000,0.0
1628352552000,0.0
1628352582000,0.0
1628352612000,0.0
1628352642000,0.0
1628352672000,0.0
1628352702000,0.0005920663114268798
1628352732000,0.0005966587112171838
1628352762000,0.0
1628352792000,0.0
1628352822000,0.0
1628352852000,0.0
1628352882000,0.0005920663114268798
1628352912000,0.0005917159763313611
1628352942000,0.0
1628352972000,0.0
1628353002000,0.0006108735491753207
1628353032000,0.0
1628353062000,0.0006031363088057902
1628353092000,0.0006027727546714887
1628353122000,0.0
1628353152000,0.0006108735491753207
1628353182000,0.0
1628353212000,0.0006053268765133173
1628353242000,0.0005977286312014345
1628353272000,0.0006127450980392157
1628353302000,0.0006009615384615385
1628353332000,0.0006134969325153375
1628353362000,0.0006031363088057902
1628353392000,0.0
1628353422000,0.0
1628353452000,0.0
1628353482000,0.0012232415902140672
1628353512000,0.0
1628353542000,0.0
1628353572000,0.0005984440454817473
1628353602000,0.0
1628353632000,0.0006180469715698393
1628353662000,0.0005896226415094339
1628353692000,0.0
1628353722000,0.0
1628353752000,0.0006016847172081829
1628353782000,0.0
1628353812000,0.0005991611743559018
1628353842000,0.0
1628353872000,0.0012084592145015106
1628353902000,0.0
1628353932000,0.0
1628353962000,0.0006075334143377885
1628353992000,0.0
1628354022000,0.0
1628354052000,0.0006031363088057902
1628354082000,0.0
1628354112000,0.0006138735420503376
1628354142000,0.0
1628354172000,0.0006105006105006105
1628354202000,0.0
1628354232000,0.0005959475566150177
1628354262000,0.0
1628354292000,0.0
1628354322000,0.0
1628354352000,0.0006097560975609756
1628354382000,0.0
1628354412000,0.0005903187721369539
1628354442000,0.0
1628354472000,0.0005892751915144372
1628354502000,0.0
1628354532000,0.0006101281269066504
1628354562000,0.0
1628354592000,0.0
1628354622000,0.0006157635467980296
1628354652000,0.0
1628354682000,0.0
1628354712000,0.0
1628354742000,0.0006093845216331506
1628354772000,0.0006131207847946045
1628354802000,0.0006079027355623102
1628354832000,0.0
1628354862000,0.0
1628354892000,0.0011827321111768185
1628354922000,0.0
1628354952000,0.0
1628354982000,0.0
1628355012000,0.0006079027355623102
1628355042000,0.0
1628355072000,0.0
1628355102000,0.0
1628355132000,0.0006246096189881324
1628355162000,0.0
1628355192000,0.0
1628355222000,0.0
1628355252000,0.0011997600479904018
1628355282000,0.0
1628355312000,0.0
1628355342000,0.0
1628355372000,0.0
1628355402000,0.0
1628355432000,0.0
1628355462000,0.0
1628355492000,0.0
1628355522000,0.0005885815185403178
1628355552000,0.0
1628355582000,0.0005955926146515784
1628355612000,0.0
1628355642000,0.0
1628355672000,0.0
1628355702000,0.0006056935190793457
1628355732000,0.0005941770647653001
1628355762000,0.0
1628355792000,0.0006064281382656155
1628355822000,0.0
1628355852000,0.0
1628355882000,0.0
1628355912000,0.0
1628355942000,0.0005988023952095807
1628355972000,0.0
1628356002000,0.0006024096385542169
1628356032000,0.0006150061500615006
1628356062000,0.0
1628356092000,0.0
1628356122000,0.0
1628356152000,0.0
1628356182000,0.0005938242280285036
1628356212000,0.0005875440658049354
1628356242000,0.0
1628356272000,0.0
1628356302000,0.0
1628356332000,0.0
1628356362000,0.0
1628356392000,0.0
1628356422000,0.0
1628356452000,0.0
1628356482000,0.0006060606060606062
1628356512000,0.0006165228113440197
1628356542000,0.0006138735420503376
1628356572000,0.0
1628356602000,0.0
1628356632000,0.0005934718100890207
1628356662000,0.0
1628356692000,0.0006157635467980296
1628356722000,0.0006079027355623102
1628356752000,0.0
1628356782000,0.0
1628356812000,0.0
1628356842000,0.0006067961165048543
1628356872000,0.0005948839976204639
1628356902000,0.0
1628356932000,0.0006035003017501509
1628356962000,0.0
1628356992000,0.0
1628357022000,0.0005941770647653001
1628357052000,0.0006067961165048543
1628357082000,0.0
1628357112000,0.0
1628357142000,0.001226993865030675
1628357172000,0.0
1628357202000,0.0
1628357232000,0.0006127450980392157
1628357262000,0.0
1628357292000,0.0006134969325153375
1628357322000,0.0
1628357352000,0.0005963029218843173
1628357382000,0.0005977286312014345
1628357412000,0.0
1628357442000,0.0
1628357472000,0.0
1628357502000,0.0
1628357532000,0.0
1628357562000,0.0
1628357592000,0.0
1628357622000,0.0
1628357652000,0.0
1628357682000,0.0005980861244019139
1628357712000,0.0
1628357742000,0.0
1628357772000,0.0011940298507462687
1628357802000,0.0
1628357832000,0.0
1628357862000,0.0
1628357892000,0.0
1628357922000,0.0005977286312014345
1628357952000,0.0
1628357982000,0.0
1628358012000,0.0
1628358042000,0.0
1628358072000,0.0
1628358102000,0.0006060606060606062
1628358132000,0.0006211180124223603
1628358162000,0.0
1628358192000,0.0
1628358222000,0.0006116207951070336
1628358252000,0.0006097560975609756
1628358282000,0.0
1628358312000,0.0006056935190793457
1628358342000,0.0006127450980392157
1628358372000,0.0
1628358402000,0.0012004801920768304
1628358432000,0.0
1628358462000,0.0006060606060606062
1628358492000,0.0005991611743559018
1628358522000,0.0
1628358552000,0.0
1628358582000,0.0
1628358612000,0.0
1628358642000,0.0
1628358672000,0.0
1628358702000,0.0
1628358732000,0.0
1628358762000,0.0
1628358792000,0.0
1628358822000,0.0006215040397762585
1628358852000,0.0006116207951070336
1628358882000,0.0
1628358912000,0.0
1628358942000,0.0
1628358972000,0.0
1628359002000,0.0
1628359032000,0.0006180469715698393
1628359062000,0.0005963029218843173
1628359092000,0.0
1628359122000,0.0
1628359152000,0.0
1628359182000,0.0
1628359212000,0.0005938242280285036
1628359242000,0.0
1628359272000,0.0
1628359302000,0.0
1628359332000,0.0
1628359362000,0.0
1628359392000,0.0
1628359422000,0.0
1628359452000,0.0005885815185403178
1628359482000,0.0006172839506172839
1628359512000,0.0
1628359542000,0.0
1628359572000,0.0
1628359602000,0.0
1628359632000,0.0005931198102016608
1628359662000,0.0
1628359692000,0.0006097560975609756
1628359722000,0.0
1628359752000,0.0
1628359782000,0.0006165228113440197
1628359812000,0.0
1628359842000,0.0
1628359872000,0.0
1628359902000,0.0005910165484633571
1628359932000,0.0
1628359962000,0.0006038647342995169
1628359992000,0.0
1628360022000,0.0
1628360052000,0.0
1628360082000,0.0
1628360112000,0.0
1628360142000,0.0
1628360172000,0.001180637544273908
1628360202000,0.0
1628360232000,0.0006090133982947625
1628360262000,0.0
1628360292000,0.0
1628360322000,0.0006075334143377885
1628360352000,0.0005934718100890207
1628360382000,0.0006020469596628537
1628360412000,0.0
1628360442000,0.0
1628360472000,0.0006090133982947625
1628360502000,0.0
1628360532000,0.0
1628360562000,0.0
1628360592000,0.0006161429451632778
1628360622000,0.0
1628360652000,0.0
1628360682000,0.0
1628360712000,0.0
1628360742000,0.0006150061500615006
1628360772000,0.0006157635467980296
1628360802000,0.0
1628360832000,0.0
1628360862000,0.0006013229104028864
1628360892000,0.0006064281382656155
1628360922000,0.0
1628360952000,0.0005810575246949448
1628360982000,0.0
1628361012000,0.0
1628361042000,0.0006108735491753207
1628361072000,0.0006067961165048543
1628361102000,0.0006060606060606062
1628361132000,0.001212121212121212
1628361162000,0.0
1628361192000,0.0005998800239952009
1628361222000,0.0006180469715698393
1628361252000,0.0
1628361282000,0.0
1628361312000,0.0006180469715698393
1628361342000,0.0
1628361372000,0.0
1628361402000,0.0005955926146515784
1628361432000,0.0006123698714023269
1628361462000,0.0
1628361492000,0.0
1628361522000,0.0
1628361552000,0.0
1628361582000,0.0
1628361612000,0.0
1628361642000,0.0
1628361672000,0.0
1628361702000,0.0
1628361732000,0.0006112469437652813
1628361762000,0.0
1628361792000,0.0006134969325153375
1628361822000,0.0
1628361852000,0.0
1628361882000,0.0
1628361912000,0.0
1628361942000,0.0
1628361972000,0.0
1628362002000,0.0
1628362032000,0.0
1628362062000,0.0
1628362092000,0.0005899705014749262
1628362122000,0.0
1628362152000,0.0
1628362182000,0.0
1628362212000,0.0
1628362242000,0.0
1628362272000,0.0006075334143377885
1628362302000,0.0
1628362332000,0.0
1628362362000,0.0005924170616113746
1628362392000,0.0
1628362422000,0.0
1628362452000,0.0
1628362482000,0.0
1628362512000,0.0006119951040391675
1628362542000,0.0
1628362572000,0.0
1628362602000,0.0006105006105006105
1628362632000,0.0
1628362662000,0.0006180469715698393
1628362692000,0.0
1628362722000,0.0
1628362752000,0.0
1628362782000,0.0
1628362812000,0.0
1628362842000,0.0
1628362872000,0.0005991611743559018
1628362902000,0.0006027727546714887
1628362932000,0.0
1628362962000,0.0
1628362992000,0.0006150061500615006
1628363022000,0.0
1628363052000,0.0005988023952095807
1628363082000,0.0
1628363112000,0.0
1628363142000,0.0
1628363172000,0.0
1628363202000,0.000585480093676815
1628363232000,0.0006134969325153375
1628363262000,0.0006131207847946045
1628363292000,0.0
1628363322000,0.0005966587112171838
1628363352000,0.0
1628363382000,0.0
1628363412000,0.0006116207951070336
1628363442000,0.0005973715651135006
1628363472000,0.0
1628363502000,0.0
1628363532000,0.0
1628363562000,0.0006101281269066504
1628363592000,0.0012084592145015106
1628363622000,0.0
1628363652000,0.0
1628363682000,0.0
1628363712000,0.0005730659025787965
1628363742000,0.0
1628363772000,0.0006067961165048543
1628363802000,0.0
1628363832000,0.0005952380952380952
1628363862000,0.0006071645415907711
1628363892000,0.0
1628363922000,0.0
1628363952000,0.0005892751915144372
1628363982000,0.0006105006105006105
1628364012000,0.0
1628364042000,0.0
1628364072000,0.0005970149253731342
1628364102000,0.0
1628364132000,0.0
1628364162000,0.0
1628364192000,0.0
1628364222000,0.0005948839976204639
1628364252000,0.0
1628364282000,0.0
1628364312000,0.0
1628364342000,0.0
1628364372000,0.0
1628364402000,0.0
1628364432000,0.0
1628364462000,0.0005977286312014345
1628364492000,0.0
1628364522000,0.0
1628364552000,0.0
1628364582000,0.0005906674542232723
1628364612000,0.0006146281499692684
1628364642000,0.0
1628364672000,0.0005998800239952009
1628364702000,0.0
1628364732000,0.0
1628364762000,0.0
1628364792000,0.0
1628364822000,0.0006188118811881187
1628364852000,0.0
1628364882000,0.0
1628364912000,0.0
1628364942000,0.0
1628364972000,0.0
1628365002000,0.0006067961165048543
1628365032000,0.0
1628365062000,0.0
1628365092000,0.0006090133982947625
1628365122000,0.0006161429451632778
1628365152000,0.0
1628365182000,0.0
1628365212000,0.0
1628365242000,0.0
1628365272000,0.0005963029218843173
1628365302000,0.0
1628365332000,0.0
1628365362000,0.0
1628365392000,0.0
1628365422000,0.0006038647342995169
1628365452000,0.0006009615384615385
1628365482000,0.0
1628365512000,0.0
1628365542000,0.0
1628365572000,0.0
1628365602000,0.0
1628365632000,0.0
1628365662000,0.0006169031462060457
1628365692000,0.0005966587112171838
1628365722000,0.0
1628365752000,0.0
1628365782000,0.0
1628365812000,0.0005847953216374268
1628365842000,0.0
1628365872000,0.0
1628365902000,0.0006108735491753207
1628365932000,0.0
1628365962000,0.0006053268765133173
1628365992000,0.0
1628366022000,0.0
1628366052000,0.0005917159763313611
1628366082000,0.0005885815185403178
1628366112000,0.0006006006006006006
1628366142000,0.0
1628366172000,0.0
1628366202000,0.0
1628366232000,0.0
1628366262000,0.0005980861244019139
1628366292000,0.0
1628366322000,0.0
1628366352000,0.0
1628366382000,0.0
1628366412000,0.0005998800239952009
1628366442000,0.0
1628366472000,0.0006053268765133173
1628366502000,0.0006157635467980296
1628366532000,0.0006045949214026603
1628366562000,0.0
1628366592000,0.0006049606775559589
1628366622000,0.0
1628366652000,0.0
1628366682000,0.0006031363088057902
1628366712000,0.0
1628366742000,0.0
1628366772000,0.0006176652254478072
1628366802000,0.0
1628366832000,0.0
1628366862000,0.0
1628366892000,0.0
1628366922000,0.0006020469596628537
1628366952000,0.0
1628366982000,0.0
1628367012000,0.0006172839506172839
1628367042000,0.0
1628367072000,0.0
1628367102000,0.0
1628367132000,0.0005878894767783657
1628367162000,0.0006071645415907711
1628367192000,0.0
1628367222000,0.0006134969325153375
1628367252000,0.0
1628367282000,0.0
1628367312000,0.0
1628367342000,0.0
1628367372000,0.0
1628367402000,0.0006234413965087283
1628367432000,0.0
1628367462000,0.0
1628367492000,0.0
1628367522000,0.0
1628367552000,0.0
1628367582000,0.0006207324643078832
1628367612000,0.0
1628367642000,0.0
1628367672000,0.0006049606775559589
1628367702000,0.0
1628367732000,0.0006123698714023269
1628367762000,0.0
1628367792000,0.0
1628367822000,0.0005973715651135006
1628367852000,0.0006045949214026603
1628367882000,0.0012202562538133007
1628367912000,0.0006101281269066504
1628367942000,0.0
1628367972000,0.0
1628368002000,0.0006079027355623102
1628368032000,0.0005941770647653001
1628368062000,0.0
1628368092000,0.0
1628368122000,0.0
1628368152000,0.0
1628368182000,0.0
1628368212000,0.0
1628368242000,0.0
1628368272000,0.0006071645415907711
1628368302000,0.0
1628368332000,0.0
1628368362000,0.0005934718100890207
1628368392000,0.0
1628368422000,0.0
1628368452000,0.0
1628368482000,0.0
1628368512000,0.0006002400960384152
1628368542000,0.0
1628368572000,0.0
1628368602000,0.0
1628368632000,0.0
1628368662000,0.0
1628368692000,0.0006082725060827251
1628368722000,0.0006049606775559589
1628368752000,0.0
1628368782000,0.0
1628368812000,0.0
1628368842000,0.0
1628368872000,0.0006123698714023269
1628368902000,0.0
1628368932000,0.0
1628368962000,0.0
1628368992000,0.0006024096385542169
1628369022000,0.0
1628369052000,0.0
1628369082000,0.000625
1628369112000,0.0006157635467980296
1628369142000,0.0
1628369172000,0.0006090133982947625
1628369202000,0.0
1628369232000,0.0
1628369262000,0.0006079027355623102
1628369292000,0.0
1628369322000,0.0006009615384615385
1628369352000,0.0
1628369382000,0.0006195786864931846
1628369412000,0.0005955926146515784
1628369442000,0.0
1628369472000,0.0
1628369502000,0.0006169031462060457
1628369532000,0.0
1628369562000,0.0
1628369592000,0.0
1628369622000,0.0
1628369652000,0.0006105006105006105
1628369682000,0.0006020469596628537
1628369712000,0.0006006006006006006
1628369742000,0.0
1628369772000,0.0
1628369802000,0.0006049606775559589
1628369832000,0.0
1628369862000,0.0006031363088057902
1628369892000,0.0
1628369922000,0.0
1628369952000,0.0
1628369982000,0.0
1628370012000,0.0
1628370042000,0.0
1628370072000,0.0005820721769499418
1628370102000,0.0
1628370132000,0.0
1628370162000,0.0
1628370192000,0.0
1628370222000,0.0
1628370252000,0.0
1628370282000,0.0
1628370312000,0.0
1628370342000,0.0006038647342995169
1628370372000,0.0
1628370402000,0.0
1628370432000,0.0
1628370462000,0.0
1628370492000,0.0
1628370522000,0.0
1628370552000,0.0005938242280285036
1628370582000,0.0
1628370612000,0.0005899705014749262
1628370642000,0.0011933174224343676
1628370672000,0.0
1628370702000,0.0006053268765133173
1628370732000,0.0
1628370762000,0.0
1628370792000,0.0
1628370822000,0.0006016847172081829
1628370852000,0.0
1628370882000,0.0006031363088057902
1628370912000,0.0
1628370942000,0.0
1628370972000,0.0006134969325153375
1628371002000,0.0
1628371032000,0.0006165228113440197
1628371062000,0.0
1628371092000,0.0005871990604815032
1628371122000,0.0
1628371152000,0.0006067961165048543
1628371182000,0.0
1628371212000,0.0005938242280285036
1628371242000,0.0
1628371272000,0.0
1628371302000,0.0006127450980392157
1628371332000,0.0
1628371362000,0.0
1628371392000,0.0
1628371422000,0.0
1628371452000,0.0006142506142506142
1628371482000,0.0
1628371512000,0.0
1628371542000,0.0
1628371572000,0.0006006006006006006
1628371602000,0.0006112469437652813
1628371632000,0.0006071645415907711
1628371662000,0.0
1628371692000,0.0
1628371722000,0.0
1628371752000,0.0
1628371782000,0.0
1628371812000,0.0006176652254478072
1628371842000,0.0
1628371872000,0.0
1628371902000,0.0006020469596628537
1628371932000,0.0006038647342995169
1628371962000,0.0006067961165048543
1628371992000,0.0006064281382656155
1628372022000,0.0006042296072507553
1628372052000,0.0
1628372082000,0.0006016847172081829
1628372112000,0.0
1628372142000,0.0006060606060606062
1628372172000,0.0006016847172081829
1628372202000,0.001203369434416366
1628372232000,0.0006138735420503376
1628372262000,0.0
1628372292000,0.0005844535359438924
1628372322000,0.0006079027355623102
1628372352000,0.0
1628372382000,0.0
1628372412000,0.0005941770647653001
1628372442000,0.0006086427267194157
1628372472000,0.0006038647342995169
1628372502000,0.0005878894767783657
1628372532000,0.0006119951040391675
1628372562000,0.0006038647342995169
1628372592000,0.0
1628372622000,0.0
1628372652000,0.0
1628372682000,0.0
1628372712000,0.0
1628372742000,0.0
1628372772000,0.0
1628372802000,0.0006031363088057902
1628372832000,0.0005966587112171838
1628372862000,0.0006013229104028864
1628372892000,0.0
1628372922000,0.0005955926146515784
1628372952000,0.0
1628372982000,0.0
1628373012000,0.0
1628373042000,0.0005834305717619603
1628373072000,0.001212121212121212
1628373102000,0.0
1628373132000,0.0
1628373162000,0.0
1628373192000,0.0
1628373222000,0.0
1628373252000,0.0
1628373282000,0.0005991611743559018
1628373312000,0.0
1628373342000,0.0
1628373372000,0.0
1628373402000,0.0005963029218843173
1628373432000,0.0
1628373462000,0.0006060606060606062
1628373492000,0.0005998800239952009
1628373522000,0.0006067961165048543
1628373552000,0.0006090133982947625
1628373582000,0.0006123698714023269
1628373612000,0.0
1628373642000,0.0
1628373672000,0.0005830903790087462
1628373702000,0.0006002400960384152
1628373732000,0.0006027727546714887
1628373762000,0.0
1628373792000,0.0
1628373822000,0.0
1628373852000,0.0
1628373882000,0.0006016847172081829
1628373912000,0.0
1628373942000,0.0
1628373972000,0.0
1628374002000,0.0006079027355623102
1628374032000,0.0
1628374062000,0.0
1628374092000,0.0
1628374122000,0.0
1628374152000,0.0005927682276229994
1628374182000,0.0006112469437652813
1628374212000,0.0
1628374242000,0.0
1628374272000,0.0
1628374302000,0.0
1628374332000,0.0
1628374362000,0.0
1628374392000,0.0
1628374422000,0.0
1628374452000,0.0006027727546714887
1628374482000,0.0
1628374512000,0.0
1628374542000,0.0
1628374572000,0.0
1628374602000,0.0
1628374632000,0.0
1628374662000,0.0005878894767783657
1628374692000,0.0
1628374722000,0.0005955926146515784
1628374752000,0.0006142506142506142
1628374782000,0.0
1628374812000,0.0
1628374842000,0.0
1628374872000,0.0
1628374902000,0.0
1628374932000,0.0005938242280285036
1628374962000,0.0006060606060606062
1628374992000,0.0
1628375022000,0.0006086427267194157
1628375052000,0.0
1628375082000,0.0
1628375112000,0.0005995203836930455
1628375142000,0.0
1628375172000,0.0005920663114268798
1628375202000,0.0
1628375232000,0.0
1628375262000,0.0006180469715698393
1628375292000,0.0
1628375322000,0.0
1628375352000,0.0
1628375382000,0.0005959475566150177
1628375412000,0.0
1628375442000,0.0006188118811881187
1628375472000,0.0
1628375502000,0.0
1628375532000,0.0
1628375562000,0.0005980861244019139
1628375592000,0.0006042296072507553
1628375622000,0.0
1628375652000,0.0
1628375682000,0.0006105006105006105
1628375712000,0.0005970149253731342
1628375742000,0.0
1628375772000,0.0
1628375802000,0.0006184291898577612
1628375832000,0.0011862396204033216
1628375862000,0.0
1628375892000,0.0
1628375922000,0.0012004801920768304
1628375952000,0.0
1628375982000,0.0005959475566150177
1628376012000,0.0
1628376042000,0.0006215040397762585
1628376072000,0.0
1628376102000,0.0005896226415094339
1628376132000,0.0005991611743559018
1628376162000,0.0006169031462060457
1628376192000,0.0
1628376222000,0.0
1628376252000,0.0
1628376282000,0.0
1628376312000,0.0
1628376342000,0.0
1628376372000,0.0006146281499692684
1628376402000,0.0
1628376432000,0.0
1628376462000,0.0005878894767783657
1628376492000,0.0
1628376522000,0.0
1628376552000,0.0
1628376582000,0.0005955926146515784
1628376612000,0.0
1628376642000,0.0
1628376672000,0.0
1628376702000,0.0
1628376732000,0.0
1628376762000,0.0
1628376792000,0.0005875440658049354
1628376822000,0.0
1628376852000,0.0
1628376882000,0.0
1628376912000,0.0006071645415907711
1628376942000,0.0
1628376972000,0.0
1628377002000,0.0005906674542232723
1628377032000,0.0005995203836930455
1628377062000,0.0
1628377092000,0.0
1628377122000,0.0
1628377152000,0.0
1628377182000,0.0006042296072507553
1628377212000,0.0
1628377242000,0.0
1628377272000,0.0
1628377302000,0.0006199628022318662
1628377332000,0.0
1628377362000,0.0
1628377392000,0.0
1628377422000,0.0
1628377452000,0.0
1628377482000,0.0
1628377512000,0.0006038647342995169
1628377542000,0.0
1628377572000,0.0005875440658049354
1628377602000,0.0
1628377632000,0.0005970149253731342
1628377662000,0.0
1628377692000,0.0005988023952095807
1628377722000,0.0006071645415907711
1628377752000,0.0
1628377782000,0.0
1628377812000,0.0
1628377842000,0.0
1628377872000,0.0006101281269066504
1628377902000,0.0
1628377932000,0.0005977286312014345
1628377962000,0.0
1628377992000,0.0
1628378022000,0.0005984440454817473
1628378052000,0.0
1628378082000,0.0
1628378112000,0.0
1628378142000,0.0
1628378172000,0.0006071645415907711
1628378202000,0.0005955926146515784
1628378232000,0.0
1628378262000,0.0
1628378292000,0.0
1628378322000,0.0
1628378352000,0.0005966587112171838
1628378382000,0.0005931198102016608
1628378412000,0.0
1628378442000,0.0
1628378472000,0.0005988023952095807
1628378502000,0.0005952380952380952
1628378532000,0.0005941770647653001
1628378562000,0.0
1628378592000,0.0006108735491753207
1628378622000,0.0
1628378652000,0.0006093845216331506
1628378682000,0.0006075334143377885
1628378712000,0.0006053268765133173
1628378742000,0.0
1628378772000,0.0
1628378802000,0.0
1628378832000,0.0006116207951070336
1628378862000,0.0
1628378892000,0.0
1628378922000,0.0
1628378952000,0.0
1628378982000,0.0005988023952095807
1628379012000,0.0006060606060606062
1628379042000,0.0
1628379072000,0.0
1628379102000,0.0005977286312014345
1628379132000,0.0
1628379162000,0.0006199628022318662
1628379192000,0.0
1628379222000,0.0005966587112171838
1628379252000,0.0005995203836930455
1628379282000,0.0
1628379312000,0.0006079027355623102
1628379342000,0.0
1628379372000,0.0006020469596628537
1628379402000,0.0006138735420503376
1628379432000,0.0
1628379462000,0.0
1628379492000,0.0
1628379522000,0.0
1628379552000,0.0006060606060606062
1628379582000,0.0005984440454817473
1628379612000,0.0006134969325153375
1628379642000,0.0006064281382656155
1628379672000,0.0
1628379702000,0.0006075334143377885
1628379732000,0.0
1628379762000,0.0
1628379792000,0.0
1628379822000,0.0005931198102016608
1628379852000,0.0006045949214026603
1628379882000,0.0005924170616113746
1628379912000,0.0
1628379942000,0.000585480093676815
1628379972000,0.0006002400960384152
1628380002000,0.0005991611743559018
1628380032000,0.0
1628380062000,0.0006199628022318662
1628380092000,0.0
1628380122000,0.0
1628380152000,0.0
1628380182000,0.0
1628380212000,0.0006060606060606062
1628380242000,0.0005995203836930455
1628380272000,0.0005980861244019139
1628380302000,0.0006119951040391675
1628380332000,0.0005966587112171838
1628380362000,0.0
1628380392000,0.0
1628380422000,0.0006188118811881187
1628380452000,0.0
1628380482000,0.0006020469596628537
1628380512000,0.0
1628380542000,0.0
1628380572000,0.0
1628380602000,0.0
1628380632000,0.0
1628380662000,0.0
1628380692000,0.0006038647342995169
1628380722000,0.0005984440454817473
1628380752000,0.0
1628380782000,0.0
1628380812000,0.0
1628380842000,0.0006079027355623102
1628380872000,0.0
1628380902000,0.0
1628380932000,0.0
1628380962000,0.0
1628380992000,0.0
1628381022000,0.0
1628381052000,0.0
1628381082000,0.0
1628381112000,0.0
1628381142000,0.0
1628381172000,0.0
1628381202000,0.0006042296072507553
1628381232000,0.0
1628381262000,0.0006211180124223603
1628381292000,0.0
1628381322000,0.0006134969325153375
1628381352000,0.0
1628381382000,0.0
1628381412000,0.0
1628381442000,0.0
1628381472000,0.0
1628381502000,0.0
1628381532000,0.0
1628381562000,0.0
1628381592000,0.0
1628381622000,0.0
1628381652000,0.0005885815185403178
1628381682000,0.0
1628381712000,0.0
1628381742000,0.0
1628381772000,0.0
1628381802000,0.0005948839976204639
1628381832000,0.0006049606775559589
1628381862000,0.0005952380952380952
1628381892000,0.0005998800239952009
1628381922000,0.0
1628381952000,0.0006075334143377885
1628381982000,0.0006067961165048543
1628382012000,0.0
1628382042000,0.0
1628382072000,0.0005970149253731342
1628382102000,0.0006049606775559589
1628382132000,0.0
1628382192000,0.0006138735420503376
1628382162000,0.0005927682276229994
1628382312000,0.0
1628382282000,0.0
1628382222000,0.0005970149253731342
1628382252000,0.0
1628382432000,0.0
1628382402000,0.0
1628382372000,0.0006009615384615385
1628382342000,0.0
1628382462000,0.0005948839976204639
1628382492000,0.0005917159763313611
1628382522000,0.0
1628382642000,0.0
1628382552000,0.0006079027355623102
1628382582000,0.0
1628382462000,0.0005948839976204639
1628382612000,0.0006053268765133173
1628382492000,0.0005917159763313611
1628382522000,0.0
1628382582000,0.0
1628382552000,0.0006079027355623102
1628382642000,0.0
1628382612000,0.0006053268765133173
1628382672000,0.0006153846153846153
1628382702000,0.0
1628382462000,0.0005948839976204639
1628382492000,0.0005917159763313611
1628382552000,0.0006079027355623102
1628382672000,0.0006153846153846153
1628382702000,0.0
1628382642000,0.0
1628382582000,0.0
1628382522000,0.0
1628382612000,0.0006053268765133173
1628382492000,0.0005917159763313611
1628382672000,0.0006153846153846153
1628382702000,0.0
1628382462000,0.0005948839976204639
1628382642000,0.0
1628382492000,0.0005917159763313611
1628382582000,0.0
1628382612000,0.0006053268765133173
1628382552000,0.0006079027355623102
1628382462000,0.0005948839976204639
1628382522000,0.0
1628382672000,0.0006153846153846153
1628382702000,0.0
1628382642000,0.0
1628382582000,0.0
1628382552000,0.0006079027355623102
1628382612000,0.0006053268765133173
1628382522000,0.0
1628382672000,0.0006153846153846153
1628382702000,0.0
1628382642000,0.0
1628382492000,0.0005917159763313611
1628382462000,0.0005948839976204639
1628382552000,0.0006079027355623102
1628382732000,0.0
1628382762000,0.0
1628382792000,0.0
1628382522000,0.0
1628382582000,0.0
1628382612000,0.0006053268765133173
1628382822000,0.0
1628382882000,0.0
1628382852000,0.0006024096385542169
1628382912000,0.0006049606775559589
1628382552000,0.0006079027355623102
1628382942000,0.0006108735491753207
1628382462000,0.0005948839976204639
1628382912000,0.0006049606775559589
1628382882000,0.0
1628382852000,0.0006024096385542169
1628382492000,0.0005917159763313611
1628382642000,0.0
1628382942000,0.0006108735491753207
1628382882000,0.0
1628382912000,0.0006049606775559589
1628382942000,0.0006108735491753207
1628382852000,0.0006024096385542169
1628382972000,0.0006060606060606062
1628382882000,0.0
1628382852000,0.0006024096385542169
1628383002000,0.0005973715651135006
1628383032000,0.0006024096385542169
1628382912000,0.0006049606775559589
1628383062000,0.0
1628383092000,0.0
1628382552000,0.0006079027355623102
1628383122000,0.0006049606775559589
1628383152000,0.0011668611435239206
1628383182000,0.0
1628383122000,0.0006049606775559589
1628383212000,0.0006131207847946045
1628382462000,0.0005948839976204639
1628383242000,0.0005970149253731342
1628382642000,0.0
1628382492000,0.0005917159763313611
1628382912000,0.0006049606775559589
1628383212000,0.0006131207847946045
1628383122000,0.0006049606775559589
1628383242000,0.0005970149253731342
1628383212000,0.0006131207847946045
1628383122000,0.0006049606775559589
1628383242000,0.0005970149253731342
1628382552000,0.0006079027355623102
1628383272000,0.0006199628022318662
1628383302000,0.0
1628382912000,0.0006049606775559589
1628383332000,0.0005995203836930455
1628383242000,0.0005970149253731342
1628383362000,0.0
1628383392000,0.0
1628383422000,0.0
1628383332000,0.0005995203836930455
1628382642000,0.0
1628383362000,0.0
1628383452000,0.0006002400960384152
1628382492000,0.0005917159763313611
1628383482000,0.0
1628382462000,0.0005948839976204639
1628383242000,0.0005970149253731342
1628383332000,0.0005995203836930455
1628383512000,0.0006101281269066504
1628382912000,0.0006049606775559589
1628383482000,0.0
1628382552000,0.0006079027355623102
1628383512000,0.0006101281269066504
1628383332000,0.0005995203836930455
1628383482000,0.0
1628383542000,0.0006035003017501509
1628383572000,0.0
1628383602000,0.0006090133982947625
1628383242000,0.0005970149253731342
1628383632000,0.0
1628383602000,0.0006090133982947625
1628382492000,0.0005917159763313611
1628383662000,0.0006184291898577612
1628382912000,0.0006049606775559589
1628382552000,0.0006079027355623102
1628382462000,0.0005948839976204639
1628383602000,0.0006090133982947625
1628383692000,0.0
1628382642000,0.0
1628383662000,0.0006184291898577612
1628383242000,0.0005970149253731342
1628383692000,0.0
1628383602000,0.0006090133982947625
1628383662000,0.0006184291898577612
1628383722000,0.0
1628383752000,0.0
1628383782000,0.0
1628383812000,0.0
1628383752000,0.0
1628383782000,0.0
1628383842000,0.0
1628383872000,0.0005931198102016608
1628382912000,0.0006049606775559589
1628383242000,0.0005970149253731342
1628383902000,0.0
1628382462000,0.0005948839976204639
1628383932000,0.0005973715651135006
1628382552000,0.0006079027355623102
1628382492000,0.0005917159763313611
1628383902000,0.0
1628383932000,0.0005973715651135006
1628382642000,0.0
1628383902000,0.0
1628383932000,0.0005973715651135006
1628383962000,0.0006165228113440197
1628383902000,0.0
1628383992000,0.0006086427267194157
1628384022000,0.0
1628384052000,0.0006131207847946045
1628382492000,0.0005917159763313611
1628384082000,0.0006086427267194157
1628382552000,0.0006079027355623102
1628384052000,0.0006131207847946045
1628384112000,0.0
1628383242000,0.0005970149253731342
1628383902000,0.0
1628382462000,0.0005948839976204639
1628384112000,0.0
1628384052000,0.0006131207847946045
1628382642000,0.0
1628384112000,0.0
1628384052000,0.0006131207847946045
1628384142000,0.0
1628384172000,0.0
1628383902000,0.0
1628384112000,0.0
1628384142000,0.0
1628384172000,0.0
1628384202000,0.0
1628384202000,0.0
1628384052000,0.0006131207847946045
1628384142000,0.0
1628383242000,0.0005970149253731342
1628384172000,0.0
1628384112000,0.0
1628384232000,0.0
1628382462000,0.0005948839976204639
1628383902000,0.0
1628384232000,0.0
1628384112000,0.0
1628384232000,0.0
1628384262000,0.0
1628384232000,0.0
1628384292000,0.0006020469596628537
1628384322000,0.0005998800239952009
1628384352000,0.0005980861244019139
1628384382000,0.0
1628382462000,0.0005948839976204639
1628384412000,0.0
1628384352000,0.0005980861244019139
1628384112000,0.0
1628384382000,0.0
1628383902000,0.0
1628384442000,0.0005955926146515784
1628384412000,0.0
1628384352000,0.0005980861244019139
1628384382000,0.0
1628384442000,0.0005955926146515784
1628384412000,0.0
1628384352000,0.0005980861244019139
1628384472000,0.0
1628384442000,0.0005955926146515784
1628384382000,0.0
1628384502000,0.0005991611743559018
1628384592000,0.0
1628384532000,0.0
1628384112000,0.0
1628384562000,0.0
1628384622000,0.0
1628384532000,0.0
1628384562000,0.0
1628384622000,0.0
1628382462000,0.0005948839976204639
1628383902000,0.0
1628384562000,0.0
1628384532000,0.0
1628384622000,0.0
1628384652000,0.0
1628384112000,0.0
1628384532000,0.0
1628384562000,0.0
1628384622000,0.0
1628384682000,0.0
1628384712000,0.0006169031462060457
1628384742000,0.0
1628384772000,0.0005889281507656067
1628384712000,0.0006169031462060457
1628384742000,0.0
1628384802000,0.0
1628384562000,0.0
1628384622000,0.0
1628384532000,0.0
1628384832000,0.0006035003017501509
1628384862000,0.0
1628384892000,0.0
1628384832000,0.0006035003017501509
1628382462000,0.0005948839976204639
1628384862000,0.0
1628476092000,0.0005934718100890207
1628476122000,0.0
1628476152000,0.0
1628476182000,0.0005970149253731342
1628476212000,0.0006199628022318662
1628476242000,0.0006013229104028864
1628476076000,0.0
1628383902000,0.0
1628476272000,0.0
1628476302000,0.0
1628384562000,0.0
1628476332000,0.0012143290831815425
1628476362000,0.0
1628384622000,0.0
1628476392000,0.0
1628476422000,0.0
1628476452000,0.0
1628384532000,0.0
1628476092000,0.0005934718100890207
1628476122000,0.0
1628476272000,0.0
1628476302000,0.0
1628476212000,0.0006199628022318662
1628476242000,0.0006013229104028864
1628476332000,0.0012143290831815425
1628476362000,0.0
1628476076000,0.0
1628476482000,0.0006071645415907711
1628476392000,0.0
1628476422000,0.0
1628476452000,0.0
1628476092000,0.0005934718100890207
1628476122000,0.0
1628476076000,0.0
1628384622000,0.0
1628384562000,0.0
1628383902000,0.0
1628476512000,0.0
1628384532000,0.0
1628476542000,0.0005955926146515784
1628476572000,0.0
1628476602000,0.0
1628476632000,0.0
1628476662000,0.0
1628476692000,0.0
1628476722000,0.0005988023952095807
1628476752000,0.0
1628476782000,0.0
1628476812000,0.0
1628476842000,0.0006188118811881187
1628476872000,0.0006086427267194157
1628476902000,0.0005841121495327102
1628476932000,0.0
1628476962000,0.0006064281382656155
1628476992000,0.0
1628477022000,0.0
1628477052000,0.0006042296072507553
1628477082000,0.0
1628477112000,0.0
1628477142000,0.0
1628477172000,0.0
1628477202000,0.0005948839976204639
1628477232000,0.0006105006105006105
1628477262000,0.0
1628477292000,0.0
1628477322000,0.0
1628477352000,0.0006053268765133173
1628477382000,0.0005924170616113746
1628477412000,0.0
1628477442000,0.0
1628477472000,0.0
1628477502000,0.0006112469437652813
1628477532000,0.0
1628477562000,0.0006075334143377885
1628477592000,0.0
1628477622000,0.0
1628477652000,0.0
1628477682000,0.0
1628477712000,0.0
1628477742000,0.0
1628477772000,0.0
1628477802000,0.0
1628477832000,0.0
1628477862000,0.0
1628477892000,0.0006064281382656155
1628477922000,0.0
1628477952000,0.0005948839976204639
1628477982000,0.0
1628478012000,0.0
1628478042000,0.0006203473945409428
1628478072000,0.0
1628478102000,0.0005984440454817473
1628478132000,0.0006105006105006105
1628478162000,0.0
1628478192000,0.0
1628478222000,0.0
1628478252000,0.0
1628478282000,0.0006138735420503376
1628478312000,0.0
1628478342000,0.0
1628478372000,0.0
1628478402000,0.0
1628478432000,0.0005896226415094339
1628478462000,0.0006079027355623102
1628478492000,0.0
1628478522000,0.0
1628478552000,0.0
1628478582000,0.0006027727546714887
1628478612000,0.0
1628478642000,0.0
1628478672000,0.0006013229104028864
1628478702000,0.0
1628478732000,0.0
1628478762000,0.0
1628478792000,0.0005995203836930455
1628478822000,0.0005991611743559018
1628478852000,0.0005995203836930455
1628478882000,0.0
1628478912000,0.0
1628478942000,0.0
1628478972000,0.0006097560975609756
1628479002000,0.0
1628479032000,0.0
1628479062000,0.0
1628479092000,0.0
1628479122000,0.0005910165484633571
1628479152000,0.0006064281382656155
1628479182000,0.0
1628479212000,0.0006035003017501509
1628479242000,0.0005807200929152149
1628479272000,0.0005991611743559018
1628479302000,0.0
1628479332000,0.0
1628479362000,0.0
1628479392000,0.0
1628479422000,0.0012217470983506415
1628479452000,0.0006112469437652813
1628479482000,0.0
1628479512000,0.0006035003017501509
1628479542000,0.0006079027355623102
1628479572000,0.0
1628479602000,0.0
1628479632000,0.0
1628479662000,0.0
1628479692000,0.0005988023952095807
1628479722000,0.0006060606060606062
1628479752000,0.0
1628479782000,0.0
1628479812000,0.0
1628479842000,0.0
1628479872000,0.0
1628479902000,0.0
1628479932000,0.0006123698714023269
1628479962000,0.0
1628479992000,0.0
1628480022000,0.0
1628480052000,0.0005878894767783657
1628480082000,0.0
1628480112000,0.0
1628480142000,0.0005868544600938967
1628480172000,0.0
1628480202000,0.0
1628480232000,0.0005927682276229994
1628480262000,0.0005952380952380952
1628480292000,0.0006097560975609756
1628480322000,0.0
1628480352000,0.0
1628480382000,0.0006016847172081829
1628480412000,0.0006112469437652813
1628480442000,0.0
1628480472000,0.0
1628480502000,0.0
1628480532000,0.0
1628480562000,0.0006009615384615385
1628480592000,0.0006053268765133173
1628480622000,0.0
1628480652000,0.0006082725060827251
1628480682000,0.0006169031462060457
1628480712000,0.0
1628480742000,0.0
1628480772000,0.0
1628480802000,0.0
1628480832000,0.0
1628480862000,0.0
1628480892000,0.0005889281507656067
1628480922000,0.0
1628480952000,0.0005910165484633571
1628480982000,0.0
1628481012000,0.0006131207847946045
1628481042000,0.0
1628481072000,0.0006169031462060457
1628481102000,0.0
1628481132000,0.0
1628481162000,0.0
1628481192000,0.0006093845216331506
1628481222000,0.0
1628481252000,0.0
1628481282000,0.0
1628481312000,0.0
1628481342000,0.0
1628481372000,0.0
1628481402000,0.0
1628481432000,0.0006075334143377885
1628481462000,0.0
1628481492000,0.0006024096385542169
1628481522000,0.0
1628481552000,0.0
1628481582000,0.0006006006006006006
1628481612000,0.0
1628481642000,0.0006056935190793457
1628481672000,0.0
1628481702000,0.0005998800239952009
1628481732000,0.0005959475566150177
1628481762000,0.0
1628481792000,0.0
1628481822000,0.0
1628481852000,0.0
1628481882000,0.0
1628481912000,0.0
1628481942000,0.0
1628481972000,0.0
1628482002000,0.0
1628482032000,0.0
1628482062000,0.0
1628482092000,0.0
1628482122000,0.0
1628482152000,0.0006067961165048543
1628482182000,0.0
1628482212000,0.0
1628482242000,0.0
1628482272000,0.0
1628482302000,0.0
1628482332000,0.0006067961165048543
1628482362000,0.0
1628482392000,0.0
1628482422000,0.0
1628482452000,0.0
1628482482000,0.0
1628482512000,0.0
1628482542000,0.0
1628482572000,0.0
1628482602000,0.0
1628482632000,0.0
1628482662000,0.0
1628482692000,0.0
1628482722000,0.0
1628482752000,0.0
1628482782000,0.0
1628482812000,0.0
1628482842000,0.0
1628482872000,0.0
1628482902000,0.0
1628482932000,0.0
1628482962000,0.0
1628482992000,0.0006006006006006006
1628483022000,0.0005924170616113746
1628483052000,0.0
1628483082000,0.0
1628483112000,0.0
1628483142000,0.0
1628483172000,0.0
1628483202000,0.0
1628483232000,0.0
1628483262000,0.0
1628483292000,0.0
1628483322000,0.0
1628483352000,0.0
1628483382000,0.0
1628483412000,0.0
1628483442000,0.0
1628483472000,0.0
1628483502000,0.0
1628483532000,0.0006024096385542169
1628483562000,0.0
1628483592000,0.0
1628483622000,0.0
1628483652000,0.0
1628483682000,0.0
1628483712000,0.0
1628483742000,0.0
1628483772000,0.0
1628483802000,0.0
1628483832000,0.0
1628483862000,0.0
1628483892000,0.0
1628483922000,0.0
1628483952000,0.0
1628483982000,0.0005945303210463732
1628484012000,0.0006127450980392157
1628484042000,0.0
1628484072000,0.0
1628484102000,0.0006146281499692684
1628484132000,0.0
1628484162000,0.0
1628484192000,0.0
1628484222000,0.0005977286312014345
1628484252000,0.0
1628484282000,0.0006105006105006105
1628484312000,0.0
1628484342000,0.0006176652254478072
1628484372000,0.0
1628484402000,0.0
1628484432000,0.0
1628484462000,0.0
1628484492000,0.0
1628484522000,0.0
1628484552000,0.0006101281269066504
1628484582000,0.0
1628484612000,0.0
1628484642000,0.0
1628484672000,0.0
1628484702000,0.0
1628484732000,0.0
1628484762000,0.0
1628484792000,0.0
1628484822000,0.0006060606060606062
1628484852000,0.0
1628484882000,0.0
1628484912000,0.0
1628484942000,0.0006112469437652813
1628484972000,0.0
1628485002000,0.0
1628485032000,0.0005861664712778429
1628485062000,0.0
1628485092000,0.0
1628485122000,0.0
1628485152000,0.0
1628485182000,0.0
1628485212000,0.0006075334143377885
1628485242000,0.0
1628485272000,0.0005896226415094339
1628485302000,0.0
1628485332000,0.0
1628485362000,0.0
1628485392000,0.0
1628485422000,0.0005970149253731342
1628485452000,0.0006131207847946045
1628485482000,0.0006153846153846153
1628485512000,0.0
1628485542000,0.0
1628485572000,0.0
1628485602000,0.0
1628485632000,0.0
1628485662000,0.0
1628485692000,0.0
1628485722000,0.0
1628485752000,0.0
1628485782000,0.0
1628485812000,0.0
1628485842000,0.0
1628485872000,0.0
1628485902000,0.0
1628485932000,0.0
1628485962000,0.0005998800239952009
1628485992000,0.0
1628486022000,0.0
1628486052000,0.0
1628486082000,0.0
1628486112000,0.0
1628486142000,0.0
1628486172000,0.0006131207847946045
1628486202000,0.0
1628486232000,0.0
1628486262000,0.0
1628486292000,0.0
1628486322000,0.0
1628486352000,0.0
1628486382000,0.0
1628486412000,0.0
1628486442000,0.0
1628486472000,0.0
1628486502000,0.0
1628486532000,0.0
1628486562000,0.0
1628486592000,0.0
1628486622000,0.0
1628486652000,0.0
1628486682000,0.0
1628486712000,0.0
1628486742000,0.0
1628486772000,0.0
1628486802000,0.0
1628486832000,0.0
1628486862000,0.0
1628486892000,0.0
1628486922000,0.0
1628486952000,0.0
1628486982000,0.0
1628487012000,0.0
1628487042000,0.0
1628487072000,0.0
1628487102000,0.0
1628487132000,0.0
1628487162000,0.0
1628487192000,0.0006067961165048543
1628487222000,0.0
1628487252000,0.0
1628487282000,0.0
1628487312000,0.0
1628487342000,0.0
1628487372000,0.0
1628487402000,0.0
1628487432000,0.0
1628487462000,0.0
1628487492000,0.0
1628487522000,0.0
1628487552000,0.0
1628487582000,0.0
1628487612000,0.0006013229104028864
1628487642000,0.0006006006006006006
1628487672000,0.0
1628487702000,0.0
1628487732000,0.0
1628487762000,0.0
1628487792000,0.0006101281269066504
1628487822000,0.0006020469596628537
1628487852000,0.0
1628487882000,0.0
1628487912000,0.0
1628487942000,0.0
1628487972000,0.0
1628488002000,0.0
1628488032000,0.0
1628488062000,0.0005927682276229994
1628488092000,0.0
1628488122000,0.0
1628488152000,0.0006064281382656155
1628488182000,0.0
1628488212000,0.0
1628488242000,0.0
1628488272000,0.0
1628488302000,0.0
1628488332000,0.0
1628488362000,0.0
1628488392000,0.0
1628488422000,0.0
1628488452000,0.0
1628488482000,0.0
1628488512000,0.0
1628488542000,0.0
1628488572000,0.0
1628488602000,0.0
1628488632000,0.0
1628488662000,0.0
1628488692000,0.0
1628488722000,0.0
1628488752000,0.0
1628488782000,0.0
1628488812000,0.0
1628488842000,0.0
1628488872000,0.0
1628488902000,0.0006112469437652813
1628488932000,0.0006180469715698393
1628488962000,0.0
1628488992000,0.0
1628489022000,0.0
1628489052000,0.0
1628489082000,0.0005952380952380952
1628489112000,0.0
1628489142000,0.0
1628489172000,0.0
1628489202000,0.0005977286312014345
1628489232000,0.0006045949214026603
1628489262000,0.0
1628489292000,0.0
1628489322000,0.0006180469715698393
1628489352000,0.0
1628489382000,0.0
1628489412000,0.0
1628489442000,0.0
1628489472000,0.0
1628489502000,0.0
1628489532000,0.0
1628489562000,0.0006042296072507553
1628489592000,0.0
1628489622000,0.0
1628489652000,0.0
1628489682000,0.0005998800239952009
1628489712000,0.0
1628489742000,0.0
1628489772000,0.0
1628489802000,0.0
1628489832000,0.0
1628489862000,0.0005952380952380952
1628489892000,0.0
1628489922000,0.0
1628489952000,0.0
1628489982000,0.0006067961165048543
1628490012000,0.0
1628490042000,0.0005984440454817473
1628490072000,0.0
1628490102000,0.0
1628490132000,0.0
1628490162000,0.0
1628490192000,0.0
1628490222000,0.0006180469715698393
1628490252000,0.0006105006105006105
1628490282000,0.0
1628490312000,0.0
1628490342000,0.0
1628490372000,0.0
1628490402000,0.0
1628490432000,0.0
1628490462000,0.0006045949214026603
1628490492000,0.0006067961165048543
1628490522000,0.0
1628490552000,0.0012368583797155227
1628490582000,0.0
1628490612000,0.0005875440658049354
1628490642000,0.0
1628490672000,0.0
1628490702000,0.0
1628490732000,0.0005875440658049354
1628490762000,0.0006082725060827251
1628490792000,0.0
1628490822000,0.0
1628490852000,0.0
1628490882000,0.0
1628490912000,0.0
1628490942000,0.0
1628490972000,0.0
1628491002000,0.0
1628491032000,0.0
1628491062000,0.0
1628491092000,0.0
1628491122000,0.0
1628491152000,0.001221001221001221
1628491182000,0.0005903187721369539
1628491212000,0.0
1628491242000,0.0
1628491272000,0.0005952380952380952
1628491302000,0.0005984440454817473
1628491332000,0.0006027727546714887
1628491362000,0.0
1628491392000,0.0006090133982947625
1628491422000,0.0
1628491452000,0.0
1628491482000,0.0
1628491512000,0.0
1628491542000,0.0
1628491572000,0.0005995203836930455
1628491602000,0.0012113870381586915
1628491632000,0.0
1628491662000,0.0
1628491692000,0.0
1628491722000,0.0
1628491752000,0.0005959475566150177
1628491782000,0.0
1628491812000,0.0
1628491842000,0.0
1628491872000,0.0
1628491902000,0.0006067961165048543
1628491932000,0.0005966587112171838
1628491962000,0.0
1628491992000,0.0
1628492022000,0.0
1628492052000,0.0
1628492082000,0.0006067961165048543
1628492112000,0.0
1628492142000,0.0006101281269066504
1628492172000,0.0
1628492202000,0.0
1628492232000,0.0
1628492262000,0.0
1628492292000,0.0
1628492322000,0.0
1628492352000,0.0005966587112171838
1628492382000,0.0
1628492412000,0.0
1628492442000,0.0
1628492472000,0.0
1628492502000,0.0
1628492532000,0.0
1628492562000,0.0006042296072507553
1628492592000,0.0
1628492622000,0.0006165228113440197
1628492652000,0.0006093845216331506
1628492682000,0.0005966587112171838
1628492712000,0.0006075334143377885
1628492742000,0.0
1628492772000,0.0
1628492802000,0.0006116207951070336
1628492832000,0.0
1628492862000,0.0
1628492892000,0.0
1628492922000,0.0012285012285012285
1628492952000,0.0
1628492982000,0.0
1628493012000,0.0006172839506172839
1628493042000,0.0
1628493072000,0.0
1628493102000,0.0
1628493132000,0.0
1628493162000,0.0
1628493192000,0.0006138735420503376
1628493222000,0.0
1628493252000,0.0
1628493282000,0.0006101281269066504
1628493312000,0.0
1628493342000,0.0006146281499692684
1628493372000,0.0
1628493402000,0.0
1628493432000,0.0
1628493462000,0.0
1628493492000,0.0006071645415907711
1628493522000,0.0
1628493552000,0.0
1628493582000,0.0
1628493612000,0.0
1628493642000,0.0
1628493672000,0.0
1628493702000,0.0
1628493732000,0.0
1628493762000,0.0
1628493792000,0.0
1628493822000,0.0
1628493852000,0.0
1628493882000,0.0
1628493912000,0.0
1628493942000,0.0
1628493972000,0.0
1628494002000,0.0
1628494032000,0.0006031363088057902
1628494062000,0.0
1628494092000,0.0
1628494122000,0.0
1628494152000,0.0006226650062266501
1628494182000,0.0
1628494212000,0.0
1628494242000,0.0
1628494272000,0.0
1628494302000,0.0
1628494332000,0.0
1628494362000,0.0006188118811881187
1628494392000,0.0
1628494422000,0.0
1628494452000,0.0
1628494482000,0.0
1628494512000,0.0
1628494542000,0.0
1628494572000,0.0
1628494602000,0.0
1628494632000,0.0
1628494662000,0.0
1628494692000,0.0006086427267194157
1628494722000,0.0
1628494752000,0.0
1628494782000,0.0005941770647653001
1628494812000,0.0006002400960384152
1628494842000,0.0
1628494872000,0.0
1628494902000,0.0
1628494932000,0.0
1628494962000,0.0
1628494992000,0.0005868544600938967
1628495022000,0.0
1628495052000,0.0
1628495082000,0.0
1628495112000,0.0
1628495142000,0.0
1628495172000,0.0
1628495202000,0.0
1628495232000,0.0
1628495262000,0.0006067961165048543
1628495292000,0.0
1628495322000,0.0
1628495352000,0.0
1628495382000,0.0006101281269066504
1628495412000,0.0
1628495442000,0.0
1628495472000,0.0
1628495502000,0.0
1628495532000,0.0006067961165048543
1628495562000,0.0006020469596628537
1628495592000,0.0
1628495622000,0.0
1628495652000,0.0
1628495682000,0.0
1628495712000,0.0005941770647653001
1628495742000,0.0
1628495772000,0.0
1628495802000,0.0
1628495832000,0.0006230529595015578
1628495862000,0.0
1628495892000,0.0006038647342995169
1628495922000,0.0
1628495952000,0.0012012012012012011
1628495982000,0.0
1628496012000,0.0005899705014749262
1628496042000,0.0
1628496072000,0.0006127450980392157
1628496102000,0.0
1628496132000,0.0
1628496162000,0.0
1628496192000,0.0012026458208057728
1628496222000,0.0
1628496252000,0.0
1628496282000,0.0005980861244019139
1628496312000,0.0
1628496342000,0.0
1628496372000,0.0
1628496402000,0.0
1628496432000,0.0006035003017501509
1628496462000,0.0
1628496492000,0.0006105006105006105
1628496522000,0.0
1628496552000,0.0
1628496582000,0.0
1628496612000,0.0006053268765133173
1628496642000,0.0
1628496672000,0.0
1628496702000,0.0
1628496732000,0.0005966587112171838
1628496762000,0.0006064281382656155
1628496792000,0.0
1628496822000,0.0
1628496852000,0.0
1628496882000,0.0006016847172081829
1628496912000,0.0006016847172081829
1628496942000,0.0
1628496972000,0.0
1628497002000,0.0012202562538133007
1628497032000,0.0
1628497062000,0.0
1628497092000,0.0
1628497122000,0.0
1628497152000,0.0
1628497182000,0.0006165228113440197
1628497212000,0.0
1628497242000,0.0
1628497272000,0.0
1628497302000,0.0006020469596628537
1628497332000,0.0
1628497362000,0.0
1628497392000,0.0
1628497422000,0.0006093845216331506
1628497452000,0.0
1628497482000,0.0006097560975609756
1628497512000,0.0
1628497542000,0.0006056935190793457
1628497572000,0.0
1628497602000,0.0006153846153846153
1628497632000,0.0
1628497662000,0.0
1628497692000,0.0
1628497722000,0.0
1628497752000,0.0006075334143377885
1628497782000,0.0
1628497812000,0.0
1628497842000,0.0
1628497872000,0.0
1628497902000,0.0006049606775559589
1628497932000,0.0
1628497962000,0.0
1628497992000,0.0
1628498022000,0.0
1628498052000,0.0006024096385542169
1628498082000,0.0
1628498112000,0.0
1628498142000,0.0
1628498172000,0.0
1628498202000,0.0006108735491753207
1628498232000,0.0
1628498262000,0.0
1628498292000,0.0
1628498322000,0.0
1628498352000,0.0006079027355623102
1628498382000,0.0006142506142506142
1628498412000,0.0
1628498442000,0.0006060606060606062
1628498472000,0.0011834319526627221
1628498502000,0.0
1628498532000,0.0006067961165048543
1628498562000,0.0
1628498592000,0.0
1628498622000,0.0006064281382656155
1628498652000,0.0
1628498682000,0.0
1628498712000,0.0006002400960384152
1628498742000,0.0005927682276229994
1628498772000,0.0012084592145015106
1628498802000,0.0006101281269066504
1628498832000,0.0006009615384615385
1628498862000,0.0
1628498892000,0.0
1628498922000,0.0
1628498952000,0.0
1628498982000,0.0
1628499012000,0.0
1628499042000,0.0006116207951070336
1628499072000,0.0
1628499102000,0.0006188118811881187
1628499132000,0.0
1628499162000,0.0
1628499192000,0.0005910165484633571
1628499222000,0.0
1628499252000,0.0006009615384615385
1628499282000,0.0005927682276229994
1628499312000,0.0
1628499342000,0.0
1628499372000,0.0
1628499402000,0.0
1628499432000,0.0
1628499462000,0.0005977286312014345
1628499492000,0.0005934718100890207
1628499522000,0.0
1628499552000,0.0006016847172081829
1628499582000,0.0006067961165048543
1628499612000,0.0
1628499642000,0.0
1628499672000,0.0005948839976204639
1628499702000,0.0
1628499732000,0.0006105006105006105
1628499762000,0.0006172839506172839
1628499792000,0.0
1628499822000,0.0
1628499852000,0.0006016847172081829
1628499882000,0.0
1628499912000,0.0
1628499942000,0.0
1628499972000,0.0
1628500002000,0.0
1628500032000,0.0006016847172081829
1628500062000,0.0
1628500092000,0.0
1628500122000,0.0
1628500152000,0.0006020469596628537
1628500182000,0.0
1628500212000,0.0
1628500242000,0.0
1628500272000,0.0006009615384615385
1628500302000,0.0
1628500332000,0.0
1628500362000,0.0
1628500392000,0.0
1628500422000,0.0
1628500452000,0.0006064281382656155
1628500482000,0.0
1628500512000,0.0
1628500542000,0.0
1628500572000,0.0
1628500602000,0.0005913660555884093
1628500632000,0.0005948839976204639
1628500662000,0.0
1628500692000,0.0006031363088057902
1628500722000,0.0006169031462060457
1628500752000,0.0
1628500782000,0.0
1628500812000,0.0
1628500842000,0.0006079027355623102
1628500872000,0.0005988023952095807
1628500902000,0.0005973715651135006
1628500932000,0.0006119951040391675
1628500962000,0.0
1628500992000,0.0
1628501022000,0.0
1628501052000,0.0
1628501082000,0.0
1628501112000,0.0005966587112171838
1628501142000,0.0006002400960384152
1628501172000,0.0
1628501202000,0.0006112469437652813
1628501232000,0.0005875440658049354
1628501262000,0.0
1628501292000,0.0
1628501322000,0.0
1628501352000,0.0
1628501382000,0.0005917159763313611
1628501412000,0.0006035003017501509
1628501442000,0.0
1628501472000,0.0
1628501502000,0.0
1628501532000,0.0
1628501562000,0.0005931198102016608
1628501592000,0.0006153846153846153
1628501622000,0.0
1628501652000,0.0
1628501682000,0.0
1628501712000,0.0
1628501742000,0.0
1628501772000,0.0
1628501802000,0.0005955926146515784
1628501832000,0.0
1628501862000,0.0
1628501892000,0.0
1628501922000,0.0006101281269066504
1628501952000,0.0
1628501982000,0.0
1628502012000,0.0
1628502042000,0.0
1628502072000,0.0
1628502102000,0.0
1628502132000,0.0006016847172081829
1628502162000,0.0006108735491753207
1628502192000,0.0
1628502222000,0.0
1628502252000,0.0
1628502282000,0.0
1628502312000,0.0
1628502342000,0.0
1628502372000,0.0
1628502402000,0.0
1628502432000,0.0
1628502462000,0.0
1628502492000,0.0
1628502522000,0.001203369434416366
1628502552000,0.0
1628502582000,0.0
1628502612000,0.0006045949214026603
1628502642000,0.0
1628502672000,0.0
1628502702000,0.0
1628502732000,0.0
1628502762000,0.0
1628502792000,0.0006079027355623102
1628502822000,0.0006176652254478072
1628502852000,0.0
1628502882000,0.0
1628502912000,0.0
1628502942000,0.0006127450980392157
1628502972000,0.0006157635467980296
1628503002000,0.0006075334143377885
1628503032000,0.0
1628503062000,0.0
1628503092000,0.0
1628503122000,0.0006097560975609756
1628503152000,0.0006049606775559589
1628503182000,0.0
1628503212000,0.0
1628503242000,0.0
1628503272000,0.0
1628503302000,0.0
1628503332000,0.0
1628503362000,0.0006067961165048543
1628503392000,0.0005803830528148577
1628503422000,0.0
1628503452000,0.0005963029218843173
1628503482000,0.0
1628503512000,0.0005875440658049354
1628503542000,0.0005938242280285036
1628503572000,0.0
1628503602000,0.0006009615384615385
1628503632000,0.0
1628503662000,0.0
1628503692000,0.0
1628503722000,0.0
1628503752000,0.0006097560975609756
1628503782000,0.0005910165484633571
1628503812000,0.0006045949214026603
1628503842000,0.0005945303210463732
1628503872000,0.0
1628503902000,0.0006049606775559589
1628503932000,0.0
1628503962000,0.0
1628503992000,0.0
1628504022000,0.0
1628504052000,0.0
1628504082000,0.0
1628504112000,0.0
1628504142000,0.0
1628504172000,0.0
1628504202000,0.0006045949214026603
1628504232000,0.0006024096385542169
1628504262000,0.0
1628504292000,0.0006042296072507553
1628504322000,0.0
1628504352000,0.0
1628504382000,0.0
1628504412000,0.0
1628504442000,0.0006056935190793457
1628504472000,0.0
1628504502000,0.0
1628504532000,0.0
1628504562000,0.0
1628504592000,0.0
1628504622000,0.0006116207951070336
1628504652000,0.0
1628504682000,0.0
1628504712000,0.0006038647342995169
1628504742000,0.0006101281269066504
1628504772000,0.0006031363088057902
1628504802000,0.0
1628504832000,0.0006097560975609756
1628504862000,0.0
1628504892000,0.0005959475566150177
1628504922000,0.0
1628504952000,0.0
1628504982000,0.0
1628505012000,0.0006184291898577612
1628505042000,0.0
1628505072000,0.0006090133982947625
1628505102000,0.0006119951040391675
1628505132000,0.0
1628505162000,0.0005970149253731342
1628505192000,0.0
1628505222000,0.0005963029218843173
1628505252000,0.0
1628505282000,0.0006101281269066504
1628505312000,0.0
1628505342000,0.0005977286312014345
1628505372000,0.0006123698714023269
1628505402000,0.0
1628505432000,0.0
1628505462000,0.0005963029218843173
1628505492000,0.0
1628505522000,0.0
1628505552000,0.0
1628505582000,0.0
1628505612000,0.0
1628505642000,0.0
1628505672000,0.0005998800239952009
1628505702000,0.0
1628505732000,0.0
1628505762000,0.0
1628505792000,0.0
1628505822000,0.0
1628505852000,0.0006116207951070336
1628505882000,0.0
1628505912000,0.0
1628505942000,0.0005858230814294082
1628505972000,0.0005995203836930455
1628506002000,0.0
1628506032000,0.0
1628506062000,0.0005910165484633571
1628506092000,0.0006049606775559589
1628506122000,0.0005899705014749262
1628506152000,0.0005896226415094339
1628506182000,0.0
1628506212000,0.0006053268765133173
1628506242000,0.0006006006006006006
1628506272000,0.0
1628506302000,0.0006075334143377885
1628506332000,0.0
1628506362000,0.0006045949214026603
1628506392000,0.0
1628506422000,0.0006006006006006006
1628506452000,0.0
1628506482000,0.0005977286312014345
1628506512000,0.0006203473945409428
1628506542000,0.0006020469596628537
1628506572000,0.0
1628506602000,0.0005963029218843173
1628506632000,0.0
1628506662000,0.0
1628506692000,0.0
1628506722000,0.0006064281382656155
1628506752000,0.0006056935190793457
1628506782000,0.0006020469596628537
1628506812000,0.0
1628506842000,0.0006180469715698393
1628506872000,0.0
1628506902000,0.0006024096385542169
1628506932000,0.0
1628506962000,0.0
1628506992000,0.0
1628507022000,0.0
1628507052000,0.001203369434416366
1628507082000,0.0
1628507112000,0.0
1628507142000,0.0006119951040391675
1628507172000,0.0
1628507202000,0.0
1628507232000,0.0
1628507262000,0.0
1628507292000,0.0011961722488038275
1628507322000,0.0
1628507352000,0.0
1628507382000,0.0
1628507412000,0.0006060606060606062
1628507442000,0.0006184291898577612
1628507472000,0.0
1628507502000,0.0005955926146515784
1628507532000,0.0
1628507562000,0.0
1628507592000,0.0006086427267194157
1628507622000,0.0006150061500615006
1628507652000,0.0006060606060606062
1628507682000,0.0005858230814294082
1628507712000,0.0
1628507742000,0.0011897679952409279
1628507772000,0.0
1628507802000,0.0
1628507832000,0.0011723329425556855
1628507862000,0.0
1628507892000,0.0
1628507922000,0.0012135922330097086
1628507952000,0.0005927682276229994
1628507982000,0.0
1628508012000,0.0
1628508042000,0.0006146281499692684
1628508072000,0.0
1628508102000,0.0006101281269066504
1628508132000,0.0012247397428046538
1628508162000,0.0
1628508192000,0.0
1628508222000,0.0006035003017501509
1628508252000,0.0006116207951070336
1628508282000,0.0
1628508312000,0.0006064281382656155
1628508342000,0.0
1628508372000,0.0
1628508402000,0.0
1628508432000,0.0
1628508462000,0.0
1628508492000,0.0012099213551119178
1628508522000,0.0
1628508552000,0.0
1628508582000,0.0
1628508612000,0.0
1628508642000,0.0006045949214026603
1628508672000,0.0005988023952095807
1628508702000,0.0
1628508732000,0.0006079027355623102
1628508762000,0.0
1628508792000,0.0
1628508822000,0.0006116207951070336
1628508852000,0.0012338062924120911
1628508882000,0.0005917159763313611
1628508912000,0.0005984440454817473
1628508942000,0.0
1628508972000,0.0006082725060827251
1628509002000,0.0
1628509032000,0.0
1628509062000,0.0
1628509092000,0.0
1628509122000,0.0
1628509152000,0.0
1628509182000,0.0006086427267194157
1628509212000,0.0005959475566150177
1628509242000,0.0
1628509272000,0.0
1628509302000,0.0
1628509332000,0.0
1628509362000,0.0
1628509392000,0.0005995203836930455
1628509422000,0.0
1628509452000,0.0
1628509482000,0.0
1628509512000,0.0005924170616113746
1628509542000,0.0
1628509572000,0.0
1628509602000,0.0005938242280285036
1628509632000,0.0
1628509662000,0.0006180469715698393
1628509692000,0.0
1628509722000,0.0005924170616113746
1628509752000,0.0
1628509782000,0.0
1628509812000,0.0005984440454817473
1628509842000,0.0
1628509872000,0.0
1628509902000,0.0
1628509932000,0.0
1628509962000,0.0
1628509992000,0.0
1628510022000,0.0
1628510052000,0.0
1628510082000,0.0005934718100890207
1628510112000,0.0005917159763313611
1628510142000,0.0
1628510172000,0.0005906674542232723
1628510202000,0.0006079027355623102
1628510232000,0.0
1628510262000,0.0011848341232227491
1628510292000,0.0
1628510322000,0.0
1628510352000,0.0
1628510382000,0.0
1628510412000,0.0
1628510442000,0.0005977286312014345
1628510472000,0.0
1628510502000,0.0
1628510532000,0.0
1628510562000,0.0005955926146515784
1628510592000,0.0
1628510622000,0.0
1628510652000,0.0
1628510682000,0.0006002400960384152
1628510712000,0.0
1628510742000,0.0005955926146515784
1628510772000,0.0
1628510802000,0.0
1628510832000,0.0006009615384615385
1628510862000,0.0006035003017501509
1628510892000,0.0
1628510922000,0.0
1628510952000,0.0
1628510982000,0.0
1628511012000,0.0006157635467980296
1628511042000,0.0005924170616113746
1628511072000,0.0
1628511102000,0.0006215040397762585
1628511132000,0.0
1628511162000,0.0
1628511192000,0.0
1628511222000,0.0
1628511252000,0.0006031363088057902
1628511282000,0.0
1628511312000,0.0
1628511342000,0.0
1628511372000,0.0012113870381586915
1628511402000,0.0006157635467980296
1628511432000,0.0006134969325153375
1628511462000,0.0006045949214026603
1628511492000,0.0006215040397762585
1628511522000,0.0006184291898577612
1628511552000,0.0
1628511582000,0.0005966587112171838
1628511612000,0.0
1628511642000,0.0006064281382656155
1628511672000,0.0
1628511702000,0.0
1628511732000,0.0
1628511762000,0.0
1628511792000,0.0
1628511822000,0.0
1628511852000,0.0005945303210463732
1628511882000,0.0005920663114268798
1628511912000,0.0006035003017501509
1628511942000,0.0
1628511972000,0.0
1628512002000,0.0
1628512032000,0.0
1628512062000,0.0
1628512092000,0.0
1628512122000,0.0
1628512152000,0.0
1628512182000,0.0005963029218843173
1628512212000,0.0
1628512242000,0.0
1628512272000,0.0
1628512302000,0.0
1628512332000,0.0
1628512362000,0.0006150061500615006
1628512392000,0.0006134969325153375
1628512422000,0.0005955926146515784
1628512452000,0.0012091898428053206
1628512482000,0.0
1628512512000,0.0
1628512542000,0.0
1628512572000,0.0
1628512602000,0.0
1628512632000,0.0
1628512662000,0.0
1628512692000,0.0006127450980392157
1628512722000,0.0
1628512752000,0.0006024096385542169
1628512782000,0.0
1628512812000,0.0
1628512842000,0.0
1628512872000,0.0006082725060827251
1628512902000,0.0
1628512932000,0.0005991611743559018
1628512962000,0.0
1628512992000,0.0
1628513022000,0.0
1628513052000,0.0006002400960384152
1628513082000,0.0
1628513112000,0.0006075334143377885
1628513142000,0.0
1628513172000,0.0
1628513202000,0.0005858230814294082
1628513232000,0.0006027727546714887
1628513262000,0.0005948839976204639
1628513292000,0.0
1628513322000,0.0
1628513352000,0.0
1628513382000,0.0006101281269066504
1628513412000,0.0
1628513442000,0.0
1628513472000,0.0006123698714023269
1628513502000,0.0
1628513532000,0.0
1628513562000,0.0005924170616113746
1628513592000,0.0
1628513622000,0.0
1628513652000,0.0
1628513682000,0.0
1628513712000,0.0
1628513742000,0.0
1628513772000,0.0006116207951070336
1628513802000,0.0006024096385542169
1628513832000,0.0
1628513862000,0.0
1628513892000,0.0
1628513922000,0.0006082725060827251
1628513952000,0.0
1628513982000,0.0
1628514012000,0.0
1628514042000,0.0
1628514072000,0.0006127450980392157
1628514102000,0.0
1628514132000,0.0006116207951070336
1628514162000,0.0006060606060606062
1628514192000,0.0006082725060827251
1628514222000,0.0
1628514252000,0.0006006006006006006
1628514282000,0.0
1628514312000,0.0
1628514342000,0.000585480093676815
1628514372000,0.0
1628514402000,0.0006067961165048543
1628514432000,0.0
1628514462000,0.0006020469596628537
1628514492000,0.0
1628514522000,0.0
1628514552000,0.0
1628514582000,0.0012143290831815425
1628514612000,0.0
1628514642000,0.0006031363088057902
1628514672000,0.0
1628514702000,0.0006016847172081829
1628514732000,0.0
1628514762000,0.0005984440454817473
1628514792000,0.0006086427267194157
1628514822000,0.0
1628514852000,0.0
1628514882000,0.0006060606060606062
1628514912000,0.0
1628514942000,0.0006079027355623102
1628514972000,0.0012338062924120911
1628515002000,0.0
1628515032000,0.0
1628515062000,0.0005984440454817473
1628515092000,0.0
1628515122000,0.0006075334143377885
1628515152000,0.0
1628515182000,0.0
1628515212000,0.0
1628515242000,0.0005941770647653001
1628515272000,0.0
1628515302000,0.0
1628515332000,0.0006045949214026603
1628515362000,0.0
1628515392000,0.0006184291898577612
1628515422000,0.0006093845216331506
1628515452000,0.0
1628515482000,0.0
1628515512000,0.0006097560975609756
1628515542000,0.0006188118811881187
1628515572000,0.0006101281269066504
1628515602000,0.0006013229104028864
1628515632000,0.0
1628515662000,0.0
1628515692000,0.0
1628515722000,0.0006127450980392157
1628515752000,0.0006131207847946045
1628515782000,0.0005910165484633571
1628515812000,0.0
1628515842000,0.0
1628515872000,0.0
1628515902000,0.0
1628515932000,0.0
1628515962000,0.0
1628515992000,0.0
1628516022000,0.001212121212121212
1628516052000,0.0006045949214026603
1628516082000,0.0005851375073142189
1628516112000,0.0
1628516142000,0.0
1628516172000,0.0
1628516202000,0.0005980861244019139
1628516232000,0.0
1628516262000,0.0006123698714023269
1628516292000,0.0
1628516322000,0.0006064281382656155
1628516352000,0.0
1628516382000,0.0
1628516412000,0.0012247397428046538
1628516442000,0.0
1628516472000,0.0
1628516502000,0.0
1628516532000,0.0
1628516562000,0.0
1628516592000,0.0006038647342995169
1628516622000,0.0
1628516652000,0.0006013229104028864
1628516682000,0.0
1628516712000,0.0
1628516742000,0.0
1628516772000,0.0005858230814294082
1628516802000,0.0
1628516832000,0.0006086427267194157
1628516862000,0.0
1628516892000,0.0
1628516922000,0.0006116207951070336
1628516952000,0.0005931198102016608
1628516982000,0.0006006006006006006
1628517012000,0.0005980861244019139
1628517042000,0.0
1628517072000,0.0
1628517102000,0.0005927682276229994
1628517132000,0.0006108735491753207
1628517162000,0.0005970149253731342
1628517192000,0.0
1628517222000,0.0
1628517252000,0.0
1628517282000,0.0
1628517312000,0.0006150061500615006
1628517342000,0.0
1628517372000,0.0
1628517402000,0.0
1628517432000,0.0
1628517462000,0.0006056935190793457
1628517492000,0.0
1628517522000,0.0
1628517552000,0.0006211180124223603
1628517582000,0.0
1628517612000,0.0
1628517642000,0.0
1628517672000,0.0
1628517702000,0.0006112469437652813
1628517732000,0.0
1628517762000,0.0
1628517792000,0.0
1628517822000,0.0
1628517852000,0.0006082725060827251
1628517882000,0.0005896226415094339
1628517912000,0.0
1628517942000,0.0006146281499692684
1628517972000,0.0
1628518002000,0.0
1628518032000,0.0005927682276229994
1628518062000,0.0
1628518092000,0.0005927682276229994
1628518122000,0.0
1628518152000,0.0
1628518182000,0.0006006006006006006
1628518212000,0.0
1628518242000,0.0
1628518272000,0.0
1628518302000,0.0
1628518332000,0.0
1628518362000,0.0
1628518392000,0.0
1628518422000,0.0
1628518452000,0.0006031363088057902
1628518482000,0.0
1628518512000,0.0005913660555884093
1628518542000,0.0
1628518572000,0.0005970149253731342
1628518602000,0.0
1628518632000,0.0006009615384615385
1628518662000,0.0
1628518692000,0.0
1628518722000,0.0
1628518752000,0.0
1628518782000,0.0006119951040391675
1628518812000,0.0005834305717619603
1628518842000,0.0
1628518872000,0.0
1628518902000,0.0006056935190793457
1628518932000,0.0
1628518962000,0.0
1628518992000,0.0
1628519022000,0.0
1628519052000,0.0006056935190793457
1628519082000,0.0005941770647653001
1628519112000,0.0
1628519142000,0.0006134969325153375
1628519172000,0.0
1628519202000,0.0
1628519232000,0.0
1628519262000,0.0006006006006006006
1628519292000,0.0006071645415907711
1628519322000,0.0
1628519352000,0.0006006006006006006
1628519382000,0.0
1628519412000,0.0
1628519442000,0.0
1628519472000,0.0006153846153846153
1628519502000,0.0006086427267194157
1628519532000,0.0006090133982947625
1628519562000,0.0
1628519592000,0.0
1628519622000,0.0
1628519652000,0.0006056935190793457
1628519682000,0.0
1628519712000,0.0
1628519742000,0.0
1628519772000,0.0006086427267194157
1628519802000,0.0
1628519832000,0.0
1628519862000,0.0
1628519892000,0.0
1628519922000,0.0
1628519952000,0.0
1628519982000,0.0
1628520012000,0.0006082725060827251
1628520042000,0.0
1628520072000,0.0
1628520102000,0.0006105006105006105
1628520132000,0.0
1628520162000,0.0
1628520192000,0.0
1628520222000,0.0005941770647653001
1628520252000,0.0
1628520282000,0.0005878894767783657
1628520312000,0.0
1628520342000,0.0005931198102016608
1628520372000,0.0
1628520402000,0.0006049606775559589
1628520432000,0.0
1628520462000,0.0005927682276229994
1628520492000,0.0
1628520522000,0.0
1628520552000,0.0
1628520582000,0.0006049606775559589
1628520612000,0.0
1628520642000,0.0006002400960384152
1628520672000,0.0005955926146515784
1628520702000,0.0
1628520732000,0.0
1628520762000,0.001212856276531231
1628520792000,0.0
1628520822000,0.0006067961165048543
1628520852000,0.0
1628520882000,0.0005927682276229994
1628520912000,0.0
1628520942000,0.0
1628520972000,0.000585480093676815
1628521002000,0.0006101281269066504
1628521032000,0.0012026458208057728
1628521062000,0.0
1628521092000,0.0006049606775559589
1628521122000,0.0
1628521152000,0.0
1628521182000,0.0
1628521212000,0.0
1628521242000,0.0006086427267194157
1628521272000,0.0
1628521302000,0.0006119951040391675
1628521332000,0.0
1628521362000,0.0006038647342995169
1628521392000,0.0
1628521422000,0.0006053268765133173
1628521452000,0.0012391573729863693
1628521482000,0.0005889281507656067
1628521512000,0.0006031363088057902
1628521542000,0.0006184291898577612
1628521572000,0.0006064281382656155
1628521602000,0.0
1628521632000,0.0006093845216331506
1628521662000,0.0
1628521692000,0.0
1628521722000,0.0
1628521752000,0.0006131207847946045
1628521782000,0.0005934718100890207
1628521812000,0.0006142506142506142
1628521842000,0.0
1628521872000,0.0006127450980392157
1628521902000,0.0006082725060827251
1628521932000,0.0
1628521962000,0.0
1628521992000,0.0
1628522022000,0.0
1628522052000,0.0006042296072507553
1628522082000,0.0
1628522112000,0.0
1628522142000,0.0
1628522172000,0.0
1628522202000,0.0006093845216331506
1628522232000,0.0006119951040391675
1628522262000,0.0005984440454817473
1628522292000,0.0006157635467980296
1628522322000,0.0
1628522352000,0.0006064281382656155
1628522382000,0.0
1628522412000,0.0
1628522442000,0.0
1628522472000,0.0005934718100890207
1628522502000,0.0
1628522532000,0.0
1628522562000,0.0
1628522592000,0.0
1628522622000,0.0
1628522652000,0.0
1628522682000,0.0006016847172081829
1628522712000,0.0
1628522742000,0.0
1628522772000,0.0
1628522802000,0.0006006006006006006
1628522832000,0.0
1628522862000,0.0
1628522892000,0.0
1628522922000,0.0
1628522952000,0.0
1628522982000,0.0
1628523012000,0.0
1628523042000,0.0
1628523072000,0.0006045949214026603
1628523102000,0.0006093845216331506
1628523132000,0.0
1628523162000,0.0
1628523192000,0.0
1628523222000,0.0
1628523252000,0.0
1628523282000,0.0
1628523312000,0.0005906674542232723
1628523342000,0.0
1628523372000,0.0
1628523402000,0.0
1628523432000,0.0005952380952380952
1628523462000,0.0
1628523492000,0.0
1628523522000,0.0006027727546714887
1628523552000,0.0
1628523582000,0.0
1628523612000,0.0
1628523642000,0.0
1628523672000,0.0
1628523702000,0.0005998800239952009
1628523732000,0.0
1628523762000,0.0
1628523792000,0.0
1628523822000,0.0
1628523852000,0.0
1628523882000,0.0
1628523912000,0.0
1628523942000,0.0
1628523972000,0.0
1628524002000,0.0
1628524032000,0.001203369434416366
1628524062000,0.0
1628524092000,0.0
1628524122000,0.0
1628524152000,0.0006053268765133173
1628524182000,0.0
1628524212000,0.0
1628524242000,0.0006101281269066504
1628524272000,0.0
1628524302000,0.0
1628524332000,0.0006086427267194157
1628524362000,0.0006075334143377885
1628524392000,0.0
1628524422000,0.0006222775357809582
1628524452000,0.0012048192771084338
1628524482000,0.0
1628524512000,0.0005963029218843173
1628524542000,0.0
1628524572000,0.0006071645415907711
1628524602000,0.0
1628524632000,0.0
1628524662000,0.0
1628524692000,0.0
1628524722000,0.0
1628524752000,0.0005977286312014345
1628524782000,0.0
1628524812000,0.0
1628524842000,0.0012165450121654502
1628524872000,0.0
1628524902000,0.0
1628524932000,0.0
1628524962000,0.0
1628524992000,0.0006134969325153375
1628525022000,0.0
1628525052000,0.0005973715651135006
1628525082000,0.0
1628525112000,0.0011968880909634947
1628525142000,0.0006035003017501509
1628525172000,0.0
1628525202000,0.0006093845216331506
1628525232000,0.0
1628525262000,0.0005995203836930455
1628525292000,0.0
1628525322000,0.0
1628525352000,0.0
1628525382000,0.0
1628525412000,0.0
1628525442000,0.0
1628525472000,0.0
1628525502000,0.0006020469596628537
1628525532000,0.0005938242280285036
1628525562000,0.0
1628525592000,0.0
1628525622000,0.0
1628525652000,0.0
1628525682000,0.0005899705014749262
1628525712000,0.0
1628525742000,0.0006153846153846153
1628525772000,0.0006082725060827251
1628525802000,0.0
1628525832000,0.0005959475566150177
1628525862000,0.0
1628525892000,0.0
1628525922000,0.0006042296072507553
1628525952000,0.0006031363088057902
1628525982000,0.0006002400960384152
1628526012000,0.0006013229104028864
1628526042000,0.0006105006105006105
1628526072000,0.0006035003017501509
1628526102000,0.0
1628526132000,0.0
1628526162000,0.0
1628526192000,0.0
1628526222000,0.0
1628526252000,0.0
1628526282000,0.0
1628526312000,0.0
1628526342000,0.0
1628526372000,0.0
1628526402000,0.0
1628526432000,0.0
1628526462000,0.0005998800239952009
1628526492000,0.0
1628526522000,0.0
1628526552000,0.0
1628526582000,0.0005924170616113746
1628526612000,0.0
1628526642000,0.0
1628526672000,0.0
1628526702000,0.0
1628526732000,0.0006101281269066504
1628526762000,0.0005885815185403178
1628526792000,0.0
1628526822000,0.0006035003017501509
1628526852000,0.0006127450980392157
1628526882000,0.0
1628526912000,0.0
1628526942000,0.0
1628526972000,0.0006079027355623102
1628527002000,0.0
1628527032000,0.0006127450980392157
1628527062000,0.0
1628527092000,0.0
1628527122000,0.0006101281269066504
1628527152000,0.0
1628527182000,0.0
1628527212000,0.0
1628527242000,0.0006138735420503376
1628527272000,0.0
1628527302000,0.0005906674542232723
1628527332000,0.0
1628527362000,0.0
1628527392000,0.0
1628527422000,0.0006161429451632778
1628527452000,0.0
1628527482000,0.0
1628527512000,0.0005963029218843173
1628527542000,0.0005934718100890207
1628527572000,0.0
1628527602000,0.0
1628527632000,0.0
1628527662000,0.0
1628527692000,0.0
1628527722000,0.0
1628527752000,0.0012202562538133007
1628527782000,0.0006203473945409428
1628527812000,0.0
1628527842000,0.0005906674542232723
1628527872000,0.0
1628527902000,0.0006131207847946045
1628527932000,0.0
1628527962000,0.0006027727546714887
1628527992000,0.0006176652254478072
1628528022000,0.0006006006006006006
1628528052000,0.0006042296072507553
1628528082000,0.0
1628528112000,0.0
1628528142000,0.0
1628528172000,0.0
1628528202000,0.0006112469437652813
1628528232000,0.0
1628528262000,0.0
1628528292000,0.0
1628528322000,0.0006042296072507553
1628528352000,0.0006238303181534623
1628528382000,0.0005913660555884093
1628528412000,0.0006042296072507553
1628528442000,0.0
1628528472000,0.0
1628528502000,0.0006146281499692684
1628528532000,0.0
1628528562000,0.0
1628528592000,0.0
1628528622000,0.0
1628528652000,0.0
1628528682000,0.0
1628528712000,0.0
1628528742000,0.0
1628528772000,0.0005963029218843173
1628528802000,0.0
1628528832000,0.0006211180124223603
1628528862000,0.0
1628528892000,0.0006150061500615006
1628528922000,0.0
1628528952000,0.0
1628528982000,0.0005924170616113746
1628529012000,0.0006031363088057902
1628529042000,0.0
1628529072000,0.0
1628529102000,0.0
1628529132000,0.0006153846153846153
1628529162000,0.0
1628529192000,0.0
1628529222000,0.0
1628529252000,0.0005991611743559018
1628529282000,0.0
1628529312000,0.0
1628529342000,0.0
1628529372000,0.0
1628529402000,0.0
1628529432000,0.0
1628529462000,0.0006075334143377885
1628529492000,0.0005973715651135006
1628529522000,0.0
1628529552000,0.0
1628529582000,0.0
1628529612000,0.0
1628529642000,0.0
1628529672000,0.0006180469715698393
1628529702000,0.0
1628529732000,0.0
1628529762000,0.0005959475566150177
1628529792000,0.0
1628529822000,0.0006112469437652813
1628529852000,0.0006153846153846153
1628529882000,0.0
1628529912000,0.0005970149253731342
1628529942000,0.0
1628529972000,0.0
1628530002000,0.0
1628530032000,0.0006242197253433209
1628530062000,0.0
1628530092000,0.0005955926146515784
1628530122000,0.0
1628530152000,0.0
1628530182000,0.0
1628530212000,0.0006108735491753207
1628530242000,0.0
1628530272000,0.0
1628530302000,0.0005980861244019139
1628530332000,0.0006067961165048543
1628530362000,0.0
1628530392000,0.0006090133982947625
1628530422000,0.0
1628530452000,0.0005980861244019139
1628530482000,0.0
1628530512000,0.0
1628530542000,0.0
1628530572000,0.0005952380952380952
1628530602000,0.0
1628530632000,0.0
1628530662000,0.0
1628530692000,0.0
1628530722000,0.0005924170616113746
1628530752000,0.0
1628530782000,0.0006127450980392157
1628530812000,0.0
1628530842000,0.0006013229104028864
1628530872000,0.0
1628530902000,0.001180637544273908
1628530932000,0.0
1628530962000,0.0006016847172081829
1628530992000,0.0
1628531022000,0.0
1628531052000,0.0
1628531082000,0.0006013229104028864
1628531112000,0.0
1628531142000,0.0
1628531172000,0.0
1628531202000,0.0005988023952095807
1628531232000,0.0
1628531262000,0.0
1628531292000,0.0
1628531322000,0.0
1628531352000,0.0006035003017501509
1628531382000,0.0011855364552459987
1628531412000,0.0
1628531442000,0.0
1628531472000,0.0
1628531502000,0.0006112469437652813
1628531532000,0.0006045949214026603
1628531562000,0.0
1628531592000,0.0
1628531622000,0.0
1628531652000,0.0006142506142506142
1628531682000,0.0
1628531712000,0.0
1628531742000,0.0
1628531772000,0.0006101281269066504
1628531802000,0.0
1628531832000,0.0006013229104028864
1628531862000,0.0
1628531892000,0.0005952380952380952
1628531922000,0.0
1628531952000,0.0
1628531982000,0.0006009615384615385
1628532012000,0.0
1628532042000,0.0
1628532072000,0.0006161429451632778
1628532102000,0.0006060606060606062
1628532132000,0.0
1628532162000,0.0
1628532192000,0.0
1628532222000,0.0012106537530266347
1628532252000,0.0
1628532282000,0.0
1628532312000,0.0
1628532342000,0.0
1628532372000,0.0011799410029498525
1628532402000,0.0005995203836930455
1628532432000,0.0
1628532462000,0.0
1628532492000,0.0
1628532522000,0.0
1628532552000,0.0
1628532582000,0.0
1628532612000,0.0
1628532642000,0.0006042296072507553
1628532672000,0.0
1628532702000,0.0006027727546714887
1628532732000,0.0
1628532762000,0.0
1628532792000,0.0
1628532822000,0.0
1628532852000,0.0
1628532882000,0.000625
1628532912000,0.0
1628532942000,0.0
1628532972000,0.0005889281507656067
1628533002000,0.0
1628533032000,0.0006049606775559589
1628533062000,0.0
1628533092000,0.0
1628533122000,0.0
1628533152000,0.0006134969325153375
1628533182000,0.0
1628533212000,0.0
1628533242000,0.0
1628533272000,0.0
1628533302000,0.0006075334143377885
1628533332000,0.0
1628533362000,0.0
1628533392000,0.0
1628533422000,0.0006127450980392157
1628533452000,0.0
1628533482000,0.0
1628533512000,0.0006199628022318662
1628533542000,0.0
1628533572000,0.0006101281269066504
1628533602000,0.0012172854534388314
1628533632000,0.0
1628533662000,0.0
1628533692000,0.0
1628533722000,0.0
1628533752000,0.0
1628533782000,0.0
1628533812000,0.0
1628533842000,0.0006038647342995169
1628533872000,0.0
1628533902000,0.0
1628533932000,0.0
1628533962000,0.001768867924528302
1628533992000,0.0
1628534022000,0.0
1628534052000,0.0006116207951070336
1628534082000,0.0
1628534112000,0.0005988023952095807
1628534142000,0.0
1628534172000,0.0012254901960784314
1628534202000,0.0
1628534232000,0.0
1628534262000,0.0
1628534292000,0.0
1628534322000,0.0
1628534352000,0.0006082725060827251
1628534382000,0.0
1628534412000,0.0
1628534442000,0.0005977286312014345
1628534472000,0.0006123698714023269
1628534502000,0.0006031363088057902
1628534532000,0.0
1628534562000,0.0
1628534592000,0.0006049606775559589
1628534622000,0.0
1628534652000,0.0011876484560570072
1628534682000,0.0
1628534712000,0.0006060606060606062
1628534742000,0.0
1628534772000,0.0
1628534802000,0.0
1628534832000,0.0006108735491753207
1628534862000,0.0
1628534892000,0.0006199628022318662
1628534922000,0.0006172839506172839
1628534952000,0.0
1628534982000,0.0006056935190793457
1628535012000,0.0
1628535042000,0.0005980861244019139
1628535072000,0.0
1628535102000,0.0
1628535132000,0.001203369434416366
1628535162000,0.0011841326228537595
1628535192000,0.0006157635467980296
1628535222000,0.0005924170616113746
1628535252000,0.0
1628535282000,0.0006090133982947625
1628535312000,0.0
1628535342000,0.0006020469596628537
1628535372000,0.0006042296072507553
1628535402000,0.0
1628535432000,0.0
1628535462000,0.0006067961165048543
1628535492000,0.0
1628535522000,0.0
1628535552000,0.0006119951040391675
1628535582000,0.0
1628535612000,0.0
1628535642000,0.0
1628535672000,0.0006045949214026603
1628535702000,0.0012165450121654502
1628535732000,0.0
1628535762000,0.0
1628535792000,0.0
1628535822000,0.0005871990604815032
1628535852000,0.0006082725060827251
1628535882000,0.0
1628535912000,0.0
1628535942000,0.0
1628535972000,0.0
1628536002000,0.0
1628536032000,0.0
1628536062000,0.0006060606060606062
1628536092000,0.0005991611743559018
1628536122000,0.0006042296072507553
1628536152000,0.0
1628536182000,0.0
1628536212000,0.0
1628536242000,0.0
1628536272000,0.0005955926146515784
1628536302000,0.0
1628536332000,0.0005959475566150177
1628536362000,0.0
1628536392000,0.0
1628536422000,0.0
1628536452000,0.0
1628536482000,0.0006038647342995169
1628536512000,0.0
1628536542000,0.0
1628536572000,0.0005988023952095807
1628536602000,0.0005941770647653001
1628536632000,0.0
1628536662000,0.0
1628536692000,0.0
1628536722000,0.0005973715651135006
1628536752000,0.0
1628536782000,0.0006097560975609756
1628536812000,0.0005913660555884093
1628536842000,0.0
1628536872000,0.0
1628536902000,0.0
1628536932000,0.0
1628536962000,0.0
1628536992000,0.0
1628537022000,0.0006075334143377885
1628537052000,0.0
1628537082000,0.0
1628537112000,0.0
1628537142000,0.0006165228113440197
1628537172000,0.0006116207951070336
1628537202000,0.0
1628537232000,0.0
1628537262000,0.0
1628537292000,0.0
1628537322000,0.001195457262402869
1628537352000,0.0
1628537382000,0.0
1628537412000,0.0
1628537442000,0.0
1628537472000,0.0
1628537502000,0.0012300123001230013
1628537532000,0.0
1628537562000,0.0
1628537592000,0.0
1628537622000,0.0
1628537652000,0.0
1628537682000,0.0
1628537712000,0.0005871990604815032
1628537742000,0.001177856301531213
1628537772000,0.0
1628537802000,0.0
1628537832000,0.0
1628537862000,0.0
1628537892000,0.0006009615384615385
1628537922000,0.0
1628537952000,0.0005980861244019139
1628537982000,0.0
1628538012000,0.0
1628538042000,0.0
1628538072000,0.0
1628538102000,0.0006056935190793457
1628538132000,0.0
1628538162000,0.0
1628538192000,0.0006097560975609756
1628538222000,0.0
1628538252000,0.0012322858903265556
1628538282000,0.0
1628538312000,0.0006013229104028864
1628538342000,0.0
1628538372000,0.0
1628538402000,0.0
1628538432000,0.0
1628538462000,0.0
1628538492000,0.0
1628538522000,0.0
1628538552000,0.0
1628538582000,0.0
1628538612000,0.0
1628538642000,0.0
1628538672000,0.0
1628538702000,0.0
1628538732000,0.0006060606060606062
1628538762000,0.0006086427267194157
1628538792000,0.0
1628538822000,0.0
1628538852000,0.0
1628538882000,0.0
1628538912000,0.0
1628538942000,0.0
1628538972000,0.0005941770647653001
1628539002000,0.0
1628539032000,0.0
1628539062000,0.0
1628539092000,0.0
1628539122000,0.0
1628539152000,0.0006176652254478072
1628539182000,0.0
1628539212000,0.0
1628539242000,0.0
1628539272000,0.0006123698714023269
1628539302000,0.0
1628539332000,0.0
1628539362000,0.0
1628539392000,0.0
1628539422000,0.0
1628539452000,0.0
1628539482000,0.0012315270935960591
1628539512000,0.0
1628539542000,0.0006101281269066504
1628539572000,0.0012315270935960591
1628539602000,0.0
1628539632000,0.0
1628539662000,0.0
1628539692000,0.0005938242280285036
1628539722000,0.0
1628539752000,0.0006049606775559589
1628539782000,0.0006016847172081829
1628539812000,0.0
1628539842000,0.0
1628539872000,0.0
1628539902000,0.0
1628539932000,0.0006056935190793457
1628539962000,0.0
1628539992000,0.0
1628540022000,0.0006056935190793457
1628540052000,0.0
1628540082000,0.0
1628540112000,0.0
1628540142000,0.0
1628540172000,0.0
1628540202000,0.0005955926146515784
1628540232000,0.0
1628540262000,0.0
1628540292000,0.0
1628540322000,0.0006093845216331506
1628540352000,0.0
1628540382000,0.0006101281269066504
1628540412000,0.0
1628540442000,0.0
1628540472000,0.0
1628540502000,0.0005991611743559018
1628540532000,0.0
1628540562000,0.0006020469596628537
1628540592000,0.0
1628540622000,0.0
1628540652000,0.0
1628540682000,0.0
1628540712000,0.0006150061500615006
1628540742000,0.0005924170616113746
1628540772000,0.0005858230814294082
1628540802000,0.0
1628540832000,0.0
1628540862000,0.0006215040397762585
1628540892000,0.0
1628540922000,0.0
1628540952000,0.0
1628540982000,0.0
1628541012000,0.0005924170616113746
1628541042000,0.0005973715651135006
1628541072000,0.0005995203836930455
1628541102000,0.0006038647342995169
1628541132000,0.0
1628541162000,0.0
1628541192000,0.0006060606060606062
1628541222000,0.0
1628541252000,0.0
1628541282000,0.0006027727546714887
1628541312000,0.0006035003017501509
1628541342000,0.0
1628541372000,0.0006049606775559589
1628541402000,0.0
1628541432000,0.0
1628541462000,0.0
1628541492000,0.0
1628541522000,0.0
1628541552000,0.0
1628541582000,0.0006199628022318662
1628541612000,0.0
1628541642000,0.0
1628541672000,0.0006112469437652813
1628541702000,0.0006067961165048543
1628541732000,0.0005931198102016608
1628541762000,0.0
1628541792000,0.0
1628541822000,0.0
1628541852000,0.0
1628541882000,0.0
1628541912000,0.0012187690432663009
1628541942000,0.0
1628541972000,0.0
1628542002000,0.0006031363088057902
1628542032000,0.0
1628542062000,0.0
1628542092000,0.001215066828675577
1628542122000,0.001238390092879257
1628542152000,0.0006086427267194157
1628542182000,0.0
1628542212000,0.0
1628542242000,0.0
1628542272000,0.0
1628542302000,0.0006038647342995169
1628542332000,0.0
1628542362000,0.0
1628542392000,0.0005966587112171838
1628542422000,0.0005980861244019139
1628542452000,0.0006157635467980296
1628542482000,0.0006123698714023269
1628542512000,0.0
1628542542000,0.0
1628542572000,0.0006056935190793457
1628542602000,0.0
1628542632000,0.0
1628542662000,0.0006246096189881324
1628542692000,0.0
1628542722000,0.0006116207951070336
1628542752000,0.0005931198102016608
1628542782000,0.0005959475566150177
1628542812000,0.0
1628542842000,0.0
1628542872000,0.0
1628542902000,0.0
1628542932000,0.0
1628542962000,0.0
1628542992000,0.0
1628543022000,0.0
1628543052000,0.0
1628543082000,0.0006180469715698393
1628543112000,0.0
1628543142000,0.0
1628543172000,0.0
1628543202000,0.0
1628543232000,0.0
1628543262000,0.0
1628543292000,0.0
1628543322000,0.0006020469596628537
1628543352000,0.0
1628543382000,0.0
1628543412000,0.0
1628543442000,0.0006086427267194157
1628543472000,0.0
1628543502000,0.0
1628543532000,0.0
1628543562000,0.0006049606775559589
1628543592000,0.0
1628543622000,0.0006142506142506142
1628543652000,0.0005952380952380952
1628543682000,0.0
1628543712000,0.0
1628543742000,0.0
1628543772000,0.0006142506142506142
1628543802000,0.0
1628543832000,0.0
1628543862000,0.0
1628543892000,0.0
1628543922000,0.0
1628543952000,0.0006060606060606062
1628543982000,0.0
1628544012000,0.0005945303210463732
1628544042000,0.0
1628544072000,0.0
1628544102000,0.0
1628544132000,0.0
1628544162000,0.0
1628544192000,0.0
1628544222000,0.0
1628544252000,0.0006176652254478072
1628544282000,0.0006112469437652813
1628544312000,0.0
1628544342000,0.0
1628544372000,0.0
1628544402000,0.0011855364552459987
1628544432000,0.0
1628544462000,0.0006075334143377885
1628544492000,0.0005917159763313611
1628544522000,0.000588235294117647
1628544552000,0.0
1628544582000,0.0
1628544612000,0.0
1628544642000,0.0005924170616113746
1628544672000,0.0005998800239952009
1628544702000,0.0
1628544732000,0.0
1628544762000,0.0011976047904191614
1628544792000,0.0
1628544822000,0.0
1628544852000,0.0
1628544882000,0.0006127450980392157
1628544912000,0.0005920663114268798
1628544942000,0.0006161429451632778
1628544972000,0.0
1628545002000,0.0006138735420503376
1628545032000,0.0
1628545062000,0.0
1628545092000,0.0006045949214026603
1628545122000,0.0006180469715698393
1628545152000,0.0
1628545182000,0.0
1628545212000,0.0
1628545242000,0.0
1628545272000,0.0
1628545302000,0.0
1628545332000,0.0
1628545362000,0.0
1628545392000,0.0
1628545422000,0.0
1628545452000,0.0
1628545482000,0.0
1628545512000,0.0
1628545542000,0.0
1628545572000,0.0
1628545602000,0.0
1628545632000,0.0
1628545662000,0.0
1628545692000,0.0
1628545722000,0.0006056935190793457
1628545752000,0.0006027727546714887
1628545782000,0.0
1628545812000,0.0
1628545842000,0.0006067961165048543
1628545872000,0.0
1628545902000,0.0
1628545932000,0.0006119951040391675
1628545962000,0.0006157635467980296
1628545992000,0.0005977286312014345
1628546022000,0.0005896226415094339
1628546052000,0.0
1628546082000,0.0006150061500615006
1628546112000,0.0
1628546142000,0.0006060606060606062
1628546172000,0.0006086427267194157
1628546202000,0.0
1628546232000,0.0
1628546262000,0.0
1628546292000,0.0006053268765133173
1628546322000,0.0
1628546352000,0.0006060606060606062
1628546382000,0.0
1628546412000,0.0
1628546442000,0.0
1628546472000,0.0
1628546502000,0.0
1628546532000,0.0
1628546562000,0.0006013229104028864
1628546592000,0.0
1628546622000,0.0
1628546652000,0.0
1628546682000,0.0006056935190793457
1628546712000,0.0
1628546742000,0.0
1628546772000,0.0006045949214026603
1628546802000,0.0
1628546832000,0.0
1628546862000,0.0
1628546892000,0.0
1628546922000,0.0
1628546952000,0.0005871990604815032
1628546982000,0.0006006006006006006
1628547012000,0.0006112469437652813
1628547042000,0.0006153846153846153
1628547072000,0.0006049606775559589
1628547102000,0.0
1628547132000,0.0
1628547162000,0.0
1628547192000,0.0
1628547222000,0.0
1628547252000,0.0
1628547282000,0.0005948839976204639
1628547312000,0.0
1628547342000,0.0012084592145015106
1628547372000,0.0006031363088057902
1628547402000,0.0
1628547432000,0.0006112469437652813
1628547462000,0.0
1628547492000,0.0
1628547522000,0.0
1628547552000,0.0
1628547582000,0.0
1628547612000,0.0006097560975609756
1628547642000,0.0
1628547672000,0.0
1628547702000,0.0
1628547732000,0.0
1628547762000,0.0
1628547792000,0.0006075334143377885
1628547822000,0.0005988023952095807
1628547852000,0.0005995203836930455
1628547882000,0.0
1628547912000,0.0
1628547942000,0.0005941770647653001
1628547972000,0.0006075334143377885
1628548002000,0.0
1628548032000,0.0005952380952380952
1628548062000,0.0006027727546714887
1628548092000,0.0
1628548122000,0.0
1628548152000,0.0
1628548182000,0.0
1628548212000,0.0
1628548242000,0.000585480093676815
1628548272000,0.0005948839976204639
1628548302000,0.0
1628548332000,0.0006112469437652813
1628548362000,0.0006093845216331506
1628548392000,0.0012217470983506415
1628548422000,0.0
1628548452000,0.0
1628548482000,0.0
1628548512000,0.0
1628548542000,0.0
1628548572000,0.0006090133982947625
1628548602000,0.0
1628548632000,0.0005998800239952009
1628548662000,0.0005988023952095807
1628548692000,0.0
1628548722000,0.0
1628548752000,0.0
1628548782000,0.0
1628548812000,0.0
1628548842000,0.0006067961165048543
1628548872000,0.0
1628548902000,0.0005995203836930455
1628548932000,0.0
1628548962000,0.0005955926146515784
1628548992000,0.0
1628549022000,0.0
1628549052000,0.0
1628549082000,0.0
1628549112000,0.0006027727546714887
1628549142000,0.0
1628549172000,0.0006071645415907711
1628549202000,0.0006060606060606062
1628549232000,0.0006079027355623102
1628549262000,0.0006119951040391675
1628549292000,0.0
1628549322000,0.0
1628549352000,0.0
1628549382000,0.0
1628549412000,0.0
1628549442000,0.0005988023952095807
1628549472000,0.0
1628549502000,0.0
1628549532000,0.0
1628549562000,0.0006127450980392157
1628549592000,0.0
1628549622000,0.0005920663114268798
1628549652000,0.0006108735491753207
1628549682000,0.0006060606060606062
1628549712000,0.0006053268765133173
1628549742000,0.0
1628549772000,0.0
1628549802000,0.0
1628549832000,0.0006116207951070336
1628549862000,0.0
1628549892000,0.0
1628549922000,0.0006123698714023269
1628549952000,0.0006060606060606062
1628549982000,0.0006142506142506142
1628550012000,0.0006138735420503376
1628550042000,0.0
1628550072000,0.0
1628550102000,0.0006053268765133173
1628550132000,0.0
1628550162000,0.0006013229104028864
1628550192000,0.0
1628550222000,0.0006184291898577612
1628550252000,0.0006038647342995169
1628550282000,0.0005948839976204639
1628550312000,0.0
1628550342000,0.0
1628550372000,0.0
1628550402000,0.0006064281382656155
1628550432000,0.0
1628550462000,0.0006215040397762585
1628550492000,0.0
1628550522000,0.0
1628550552000,0.0
1628550582000,0.0006045949214026603
1628550612000,0.0
1628550642000,0.0
1628550672000,0.0
1628550702000,0.0
1628550732000,0.0
1628550762000,0.0
1628550792000,0.0
1628550822000,0.0005948839976204639
1628550852000,0.0011904761904761904
1628550882000,0.0
1628550912000,0.0
1628550942000,0.0
1628550972000,0.0
1628551002000,0.0
1628551032000,0.0005945303210463732
1628551062000,0.0005963029218843173
1628551092000,0.0
1628551122000,0.0
1628551152000,0.0
1628551182000,0.0
1628551212000,0.0006035003017501509
1628551242000,0.0
1628551272000,0.0
1628551302000,0.0
1628551332000,0.0
1628551362000,0.0
1628551392000,0.0006056935190793457
1628551422000,0.0
1628551452000,0.0006031363088057902
1628551482000,0.0
1628551512000,0.0005952380952380952
1628551542000,0.0
1628551572000,0.0
1628551602000,0.0
1628551632000,0.0
1628551662000,0.0
1628551692000,0.0
1628551722000,0.0006053268765133173
1628551752000,0.0
1628551782000,0.0
1628551812000,0.0006134969325153375
1628551842000,0.0
1628551872000,0.0
1628551902000,0.0006009615384615385
1628551932000,0.001221001221001221
1628551962000,0.0
1628551992000,0.0
1628552022000,0.0
1628552052000,0.0
1628552082000,0.0
1628552112000,0.0
1628552142000,0.0
1628552172000,0.0
1628552202000,0.0006006006006006006
1628552232000,0.0
1628552262000,0.0011848341232227491
1628552292000,0.0
1628552322000,0.0006053268765133173
1628552352000,0.0
1628552382000,0.0
1628552412000,0.0
1628552442000,0.0005913660555884093
1628552472000,0.0005931198102016608
1628552502000,0.0005998800239952009
1628552532000,0.0006038647342995169
1628552562000,0.0
1628552592000,0.0006064281382656155
1628552622000,0.0
1628552652000,0.0
1628552682000,0.0
1628552712000,0.0006169031462060457
1628552742000,0.0012353304508956149
1628552772000,0.0
1628552802000,0.0
1628552832000,0.0005959475566150177
1628552862000,0.0005920663114268798
1628552892000,0.0
1628552922000,0.0006108735491753207
1628552952000,0.0006211180124223603
1628552982000,0.0006053268765133173
1628553012000,0.0006035003017501509
1628553042000,0.0
1628553072000,0.0
1628553102000,0.0
1628553132000,0.0
1628553162000,0.0
1628553192000,0.0005988023952095807
1628553222000,0.0
1628553252000,0.0006031363088057902
1628553282000,0.0
1628553312000,0.0006116207951070336
1628553342000,0.0
1628553372000,0.0
1628553402000,0.0
1628553432000,0.0
1628553462000,0.0
1628553492000,0.0
1628553522000,0.0
1628553552000,0.0
1628553582000,0.0006123698714023269
1628553612000,0.0
1628553642000,0.0
1628553672000,0.0
1628553702000,0.0
1628553732000,0.0006119951040391675
1628553762000,0.0
1628553792000,0.0
1628553822000,0.0
1628553852000,0.0006165228113440197
1628553882000,0.0
1628553912000,0.0006042296072507553
1628553942000,0.0006013229104028864
1628553972000,0.0005906674542232723
1628554002000,0.0
1628554032000,0.0006013229104028864
1628554062000,0.0
1628554092000,0.0
1628554122000,0.0
1628554152000,0.0006064281382656155
1628554182000,0.0005955926146515784
1628554212000,0.0
1628554242000,0.0
1628554272000,0.0005991611743559018
1628554302000,0.0
1628554332000,0.0005851375073142189
1628554362000,0.0006071645415907711
1628554392000,0.0
1628554422000,0.0005945303210463732
1628554452000,0.0006112469437652813
1628554482000,0.0006038647342995169
1628554512000,0.0
1628554542000,0.0
1628554572000,0.0
1628554602000,0.0
1628554632000,0.0006203473945409428
1628554662000,0.0
1628554692000,0.0005955926146515784
1628554722000,0.0006064281382656155
1628554752000,0.0006013229104028864
1628554782000,0.0
1628554812000,0.0006199628022318662
1628554842000,0.0
1628554872000,0.0005924170616113746
1628554902000,0.0
1628554932000,0.0
1628554962000,0.0
1628554992000,0.0006006006006006006
1628555022000,0.0012217470983506415
1628555052000,0.0
1628555082000,0.0005955926146515784
1628555112000,0.0
1628555142000,0.0
1628555172000,0.0
1628555202000,0.0005963029218843173
1628555232000,0.0006112469437652813
1628555262000,0.0
1628555292000,0.0006067961165048543
1628555322000,0.0
1628555352000,0.0
1628555382000,0.0
1628555412000,0.0
1628555442000,0.0006119951040391675
1628555472000,0.0006027727546714887
1628555502000,0.0
1628555532000,0.0
1628555562000,0.0006064281382656155
1628555592000,0.0006045949214026603
1628555622000,0.0005924170616113746
1628555652000,0.0
1628555682000,0.0
1628555712000,0.0
1628555742000,0.0
1628555772000,0.0006031363088057902
1628555802000,0.0005995203836930455
1628555832000,0.0
1628555862000,0.0
1628555892000,0.0
1628555922000,0.0
1628555952000,0.0006067961165048543
1628555982000,0.0
1628556012000,0.0
1628556042000,0.0006101281269066504
1628556072000,0.0
1628556102000,0.0
1628556132000,0.0
1628556162000,0.0
1628556192000,0.0006105006105006105
1628556222000,0.0005980861244019139
1628556252000,0.0
1628556282000,0.0
1628556312000,0.0005991611743559018
1628556342000,0.0
1628556372000,0.0
1628556402000,0.0
1628556432000,0.0
1628556462000,0.0
1628556492000,0.0
1628556522000,0.0
1628556552000,0.0006188118811881187
1628556582000,0.0
1628556612000,0.0
1628556642000,0.0005995203836930455
1628556672000,0.0
1628556702000,0.0
1628556732000,0.0
1628556762000,0.0
1628556792000,0.0
1628556822000,0.0012292562999385369
1628556852000,0.0006064281382656155
1628556882000,0.0
1628556912000,0.0
1628556942000,0.0
1628556972000,0.0
1628557002000,0.0006176652254478072
1628557032000,0.0005945303210463732
1628557062000,0.0
1628557092000,0.0
1628557122000,0.0
1628557152000,0.0005924170616113746
1628557182000,0.0006056935190793457
1628557212000,0.0
1628557242000,0.0
1628557272000,0.0
1628557302000,0.0006045949214026603
1628557332000,0.0006157635467980296
1628557362000,0.0006006006006006006
1628557392000,0.0006082725060827251
1628557422000,0.0
1628557452000,0.0
1628557482000,0.0006064281382656155
1628557512000,0.0
1628557542000,0.0
1628557572000,0.0
1628557602000,0.0
1628557632000,0.0
1628557662000,0.0
1628557692000,0.0
1628557722000,0.0005948839976204639
1628557752000,0.0
1628557782000,0.0
1628557812000,0.0
1628557842000,0.0006226650062266501
1628557872000,0.0
1628557902000,0.0
1628557932000,0.0
1628557962000,0.0006053268765133173
1628557992000,0.0006112469437652813
1628558022000,0.0006184291898577612
1628558052000,0.0006049606775559589
1628558082000,0.0
1628558112000,0.0
1628558142000,0.0
1628558172000,0.0
1628558202000,0.0
1628558232000,0.0005952380952380952
1628558262000,0.0
1628558292000,0.0005906674542232723
1628558322000,0.0
1628558352000,0.0
1628558382000,0.0006053268765133173
1628558412000,0.0
1628558442000,0.0
1628558472000,0.0006142506142506142
1628558502000,0.0
1628558532000,0.0
1628558562000,0.0
1628558592000,0.0
1628558622000,0.0
1628558652000,0.0
1628558682000,0.0
1628558712000,0.0
1628558742000,0.0
1628558772000,0.0
1628558802000,0.0006116207951070336
1628558832000,0.0
1628558862000,0.0
1628558892000,0.0006067961165048543
1628558922000,0.0
1628558952000,0.0
1628558982000,0.0
1628559012000,0.0005991611743559018
1628559042000,0.0006071645415907711
1628559072000,0.0
1628559102000,0.0
1628559132000,0.0006006006006006006
1628559162000,0.0
1628559192000,0.0
1628559222000,0.0006009615384615385
1628559252000,0.0005998800239952009
1628559282000,0.0
1628559312000,0.0006090133982947625
1628559342000,0.0
1628559372000,0.0
1628559402000,0.0006031363088057902
1628559432000,0.0
1628559462000,0.0
1628559492000,0.0006031363088057902
1628559522000,0.0
1628559552000,0.0
1628559582000,0.0
1628559612000,0.0
1628559642000,0.0
1628559672000,0.0
1628559702000,0.0006131207847946045
1628559732000,0.0
1628559762000,0.0
1628559792000,0.0006049606775559589
1628559822000,0.0
1628559852000,0.0
1628559882000,0.0
1628559912000,0.0006042296072507553
1628559942000,0.0
1628559972000,0.0
1628560002000,0.0
1628560032000,0.0
1628560062000,0.0
1628560092000,0.0006119951040391675
1628560122000,0.0
1628560152000,0.0
1628560182000,0.0
1628560212000,0.0
1628560242000,0.0
1628560272000,0.0
1628560302000,0.0
1628560332000,0.0006006006006006006
1628560362000,0.0
1628560392000,0.0
1628560422000,0.0
1628560452000,0.0006116207951070336
1628560482000,0.0006031363088057902
1628560512000,0.0
1628560542000,0.0
1628560572000,0.0
1628560602000,0.0
1628560632000,0.0
1628560662000,0.0
1628560692000,0.0006064281382656155
1628560722000,0.0
1628560752000,0.0
1628560782000,0.0
1628560812000,0.0
1628560842000,0.0
1628560872000,0.0
1628560902000,0.0006184291898577612
1628560932000,0.0
1628560962000,0.0
1628560992000,0.0
1628561022000,0.0
1628561052000,0.0
1628561082000,0.0
1628561112000,0.0
1628561142000,0.0006134969325153375
1628561172000,0.0
1628561202000,0.0
1628561232000,0.0
1628561262000,0.0006067961165048543
1628561292000,0.0006093845216331506
1628561322000,0.0
1628561352000,0.0
1628561382000,0.0
1628561412000,0.0006112469437652813
1628561442000,0.0
1628561472000,0.0006042296072507553
1628561502000,0.0006119951040391675
1628561532000,0.0006116207951070336
1628561562000,0.0006191950464396285
1628561592000,0.0
1628561622000,0.0
1628561652000,0.0
1628561682000,0.0
1628561712000,0.0
1628561742000,0.0
1628561772000,0.0
1628561802000,0.0
1628561832000,0.0
1628561862000,0.0006049606775559589
1628561892000,0.0
1628561922000,0.0
1628561952000,0.0
1628561982000,0.0006035003017501509
1628562012000,0.0
1628562042000,0.0
1628562072000,0.0
1628562102000,0.0
1628562132000,0.0
1628562162000,0.0
1628562192000,0.0
1628562222000,0.0
1628562252000,0.0
1628562282000,0.0
1628562312000,0.0
1628562342000,0.0
1628562372000,0.0
1628562402000,0.0
1628562432000,0.0
1628562462000,0.0
1628562492000,0.0
1628562522000,0.0
1628562552000,0.0
1628562582000,0.0
1628562612000,0.0
1628562642000,0.0
1628562672000,0.0005973715651135006
1628562702000,0.0
1628562732000,0.0
1628562762000,0.001226993865030675
1628562792000,0.0
1628562822000,0.0012135922330097086
1628562852000,0.0
1628562882000,0.0
1628562912000,0.0
1628562942000,0.0
1628562972000,0.0
1628563002000,0.0005973715651135006
1628563032000,0.0
1628563062000,0.0006082725060827251
1628563092000,0.0
1628563122000,0.0
1628563152000,0.0006056935190793457
1628563182000,0.0
1628563212000,0.0005998800239952009
1628563242000,0.0
1628563272000,0.0
1628563302000,0.0
1628563332000,0.0006119951040391675
1628563362000,0.0
1628563392000,0.0006108735491753207
1628563422000,0.0
1628563452000,0.0006060606060606062
1628563482000,0.0
1628563512000,0.0
1628563542000,0.0
1628563572000,0.0
1628563602000,0.0
1628563632000,0.0006031363088057902
1628563662000,0.0
1628563692000,0.0
1628563722000,0.0
1628563752000,0.0
1628563782000,0.0
1628563812000,0.0006172839506172839
1628563842000,0.0006042296072507553
1628563872000,0.0006150061500615006
1628563902000,0.0
1628563932000,0.0
1628563962000,0.0
1628563992000,0.0
1628564022000,0.0
1628564052000,0.0
1628564082000,0.0
1628564112000,0.0
1628564142000,0.0
1628564172000,0.0006024096385542169
1628564202000,0.0
1628564232000,0.0006067961165048543
1628564262000,0.0
1628564292000,0.0005959475566150177
1628564322000,0.0005952380952380952
1628564352000,0.0
1628564382000,0.0005963029218843173
1628564412000,0.0
1628564442000,0.0005952380952380952
1628564472000,0.0006169031462060457
1628564502000,0.0006064281382656155
1628564532000,0.0005834305717619603
1628564562000,0.0005977286312014345
1628564592000,0.0
1628564622000,0.0005955926146515784
1628564652000,0.0006013229104028864
1628564682000,0.0006016847172081829
1628564712000,0.0
1628564742000,0.0
1628564772000,0.0012232415902140672
1628564802000,0.0011911852293031567
1628564832000,0.0
1628564862000,0.0
1628564892000,0.0
1628564922000,0.0
1628564952000,0.0006138735420503376
1628564982000,0.0
1628565012000,0.0
1628565042000,0.0005980861244019139
1628565072000,0.0
1628565102000,0.0
1628565132000,0.0
1628565162000,0.0006101281269066504
1628565192000,0.0
1628565222000,0.0
1628565252000,0.0006067961165048543
1628565282000,0.0005980861244019139
1628565312000,0.0
1628565342000,0.0006071645415907711
1628565372000,0.0
1628565402000,0.0
1628565432000,0.0
1628565462000,0.0
1628565492000,0.0006067961165048543
1628565522000,0.0
1628565552000,0.0
1628565582000,0.0006108735491753207
1628565612000,0.0
1628565642000,0.0005952380952380952
1628565672000,0.0005991611743559018
1628565702000,0.0
1628565732000,0.0
1628565762000,0.0
1628565792000,0.0
1628565822000,0.0006134969325153375
1628565852000,0.0
1628565882000,0.0
1628565912000,0.0
1628565942000,0.0
1628565972000,0.0
1628566002000,0.0006016847172081829
1628566032000,0.0
1628566062000,0.0
1628566092000,0.0
1628566122000,0.0
1628566152000,0.0
1628566182000,0.0
1628566212000,0.0
1628566242000,0.0005934718100890207
1628566272000,0.0006116207951070336
1628566302000,0.0
1628566332000,0.0006020469596628537
1628566362000,0.0006090133982947625
1628566392000,0.0
1628566422000,0.0
1628566452000,0.0
1628566482000,0.0
1628566512000,0.0006207324643078832
1628566542000,0.0
1628566572000,0.0
1628566602000,0.0
1628566632000,0.0
1628566662000,0.0006060606060606062
1628566692000,0.0
1628566722000,0.0
1628566752000,0.0
1628566782000,0.0
1628566812000,0.0
1628566842000,0.0
1628566872000,0.0
1628566902000,0.0
1628566932000,0.0
1628566962000,0.0
1628566992000,0.0
1628567022000,0.0
1628567052000,0.0
1628567082000,0.0
1628567112000,0.0011827321111768185
1628567142000,0.0006035003017501509
1628567172000,0.0005955926146515784
1628567202000,0.0005998800239952009
1628567232000,0.0006045949214026603
1628567262000,0.0
1628567292000,0.0
1628567322000,0.0
1628567352000,0.0006079027355623102
1628567382000,0.0
1628567412000,0.0005934718100890207
1628567442000,0.0006016847172081829
1628567472000,0.0006199628022318662
1628567502000,0.0
1628567532000,0.0
1628567562000,0.0
1628567592000,0.0
1628567622000,0.0
1628567652000,0.0
1628567682000,0.0
1628567712000,0.0
1628567742000,0.0
1628567772000,0.0
1628567802000,0.0006097560975609756
1628567832000,0.0
1628567862000,0.0
1628567892000,0.0
1628567922000,0.0
1628567952000,0.0
1628567982000,0.0
1628568012000,0.0
1628568042000,0.0
1628568072000,0.0
1628568102000,0.0005948839976204639
1628568132000,0.0005878894767783657
1628568162000,0.0
1628568192000,0.0
1628568222000,0.0
1628568252000,0.0006006006006006006
1628568282000,0.0006172839506172839
1628568312000,0.0005834305717619603
1628568342000,0.0
1628568372000,0.0
1628568402000,0.0005851375073142189
1628568432000,0.0
1628568462000,0.0006035003017501509
1628568492000,0.0
1628568522000,0.0005998800239952009
1628568552000,0.0005970149253731342
1628568582000,0.0
1628568612000,0.0006188118811881187
1628568642000,0.0005871990604815032
1628568672000,0.0
1628568702000,0.0
1628568732000,0.0
1628568762000,0.0005963029218843173
1628568792000,0.0006108735491753207
1628568822000,0.0
1628568852000,0.0006031363088057902
1628568882000,0.0
1628568912000,0.0006112469437652813
1628568942000,0.0006105006105006105
1628568972000,0.0
1628569002000,0.0
1628569032000,0.0
1628569062000,0.0006049606775559589
1628569092000,0.0
1628569122000,0.0
1628569152000,0.0
1628569182000,0.0
1628569212000,0.0006090133982947625
1628569242000,0.0006090133982947625
1628569272000,0.0
1628569302000,0.0
1628569332000,0.0
1628569362000,0.0
1628569392000,0.0012353304508956149
1628569422000,0.0006064281382656155
1628569452000,0.0
1628569482000,0.0
1628569512000,0.0
1628569542000,0.0006038647342995169
1628569572000,0.0
1628569602000,0.0006049606775559589
1628569632000,0.0005991611743559018
1628569662000,0.0
1628569692000,0.0006042296072507553
1628569722000,0.0
1628569752000,0.0005988023952095807
1628569782000,0.0
1628569812000,0.0005959475566150177
1628569842000,0.0
1628569872000,0.0
1628569902000,0.0
1628569932000,0.0
1628569962000,0.0
1628569992000,0.0
1628570022000,0.0
1628570052000,0.0
1628570082000,0.0
1628570112000,0.0
1628570142000,0.0
1628570172000,0.0
1628570202000,0.0005984440454817473
1628570232000,0.0
1628570262000,0.0005959475566150177
1628570292000,0.0005963029218843173
1628570322000,0.0
1628570352000,0.0
1628570382000,0.0
1628570412000,0.0
1628570442000,0.0
1628570472000,0.0006191950464396285
1628570502000,0.0006093845216331506
1628570532000,0.0006123698714023269
1628570562000,0.0
1628570592000,0.0
1628570622000,0.0
1628570652000,0.0006153846153846153
1628570682000,0.0005959475566150177
1628570712000,0.0
1628570742000,0.0006176652254478072
1628570772000,0.0006105006105006105
1628570802000,0.0
1628570832000,0.0
1628570862000,0.0
1628570892000,0.0
1628570922000,0.0006131207847946045
1628570952000,0.0005988023952095807
1628570982000,0.0006038647342995169
1628571012000,0.0
1628571042000,0.0
1628571072000,0.0
1628571102000,0.0006042296072507553
1628571132000,0.0
1628571162000,0.0
1628571192000,0.0006138735420503376
1628571222000,0.0
1628571252000,0.0
1628571282000,0.0
1628571312000,0.0
1628571342000,0.0011961722488038275
1628571372000,0.0006060606060606062
1628571402000,0.0
1628571432000,0.0005973715651135006
1628571462000,0.0
1628571492000,0.0
1628571522000,0.0006119951040391675
1628571552000,0.0
1628571582000,0.0005963029218843173
1628571612000,0.0
1628571642000,0.0006002400960384152
1628571672000,0.0
1628571702000,0.0
1628571732000,0.0006056935190793457
1628571762000,0.0
1628571792000,0.0006064281382656155
1628571822000,0.0
1628571852000,0.0
1628571882000,0.0
1628571912000,0.0
1628571942000,0.0
1628571972000,0.0
1628572002000,0.0005966587112171838
1628572032000,0.0
1628572062000,0.0006013229104028864
1628572092000,0.0005906674542232723
1628572122000,0.0
1628572152000,0.0
1628572182000,0.0
1628572212000,0.0
1628572242000,0.0
1628572272000,0.0
1628572302000,0.0
1628572332000,0.0006035003017501509
1628572362000,0.0
1628572392000,0.0
1628572422000,0.0006112469437652813
1628572452000,0.0
1628572482000,0.0
1628572512000,0.0
1628572542000,0.0
1628572572000,0.0
1628572602000,0.0006134969325153375
1628572632000,0.0006097560975609756
1628572662000,0.0
1628572692000,0.0
1628572722000,0.0006064281382656155
1628572752000,0.0
1628572782000,0.0006112469437652813
1628572812000,0.0
1628572842000,0.0
1628572872000,0.0
1628572902000,0.0
1628572932000,0.0006038647342995169
1628572962000,0.0
1628572992000,0.0
1628573022000,0.0
1628573052000,0.0
1628573082000,0.0
1628573112000,0.0
1628573142000,0.0006013229104028864
1628573172000,0.0
1628573202000,0.0
1628573232000,0.0005931198102016608
1628573262000,0.0
1628573292000,0.0
1628573322000,0.0006002400960384152
1628573352000,0.0
1628573382000,0.0
1628573412000,0.0
1628573442000,0.0
1628573472000,0.0006079027355623102
1628573502000,0.0
1628573532000,0.0
1628573562000,0.0005945303210463732
1628573592000,0.0006112469437652813
1628573622000,0.0
1628573652000,0.0006060606060606062
1628573682000,0.0
1628573712000,0.0006131207847946045
1628573742000,0.0006112469437652813
1628573772000,0.0
1628573802000,0.0
1628573832000,0.0
1628573862000,0.0006009615384615385
1628573892000,0.0006020469596628537
1628573922000,0.0
1628573952000,0.0006086427267194157
1628573982000,0.0
1628574012000,0.0
1628574042000,0.0
1628574072000,0.0
1628574102000,0.0
1628574132000,0.0
1628574162000,0.0006006006006006006
1628574192000,0.0006101281269066504
1628574222000,0.0
1628574252000,0.0
1628574282000,0.0
1628574312000,0.0
1628574342000,0.0
1628574372000,0.0
1628574402000,0.0
1628574432000,0.0
1628574462000,0.0
1628574492000,0.0
1628574522000,0.0
1628574552000,0.0
1628574582000,0.0
1628574612000,0.0
1628574642000,0.0
1628574672000,0.0
1628574702000,0.0
1628574732000,0.0
1628574762000,0.0
1628574792000,0.0
1628574822000,0.0
1628574852000,0.0
1628574882000,0.0
1628574912000,0.0
1628574942000,0.0006053268765133173
1628574972000,0.0
1628575002000,0.0006138735420503376
1628575032000,0.0
1628575062000,0.0
1628575092000,0.0
1628575122000,0.0
1628575152000,0.0
1628575182000,0.0
1628575212000,0.0005963029218843173
1628575242000,0.0
1628575272000,0.0
1628575302000,0.0
1628575332000,0.0
1628575362000,0.0
1628575392000,0.0005959475566150177
1628575422000,0.0
1628575452000,0.0
1628575482000,0.0005927682276229994
1628575512000,0.0005938242280285036
1628575542000,0.0
1628575572000,0.0006150061500615006
1628575602000,0.0
1628575632000,0.0
1628575662000,0.0006161429451632778
1628575692000,0.0006211180124223603
1628575722000,0.0006116207951070336
1628575752000,0.0
1628575782000,0.0006053268765133173
1628575812000,0.0
1628575842000,0.0
1628575872000,0.0006060606060606062
1628575902000,0.0
1628575932000,0.0
1628575962000,0.0
1628575992000,0.0
1628576022000,0.0006086427267194157
1628576052000,0.0
1628576082000,0.0
1628576112000,0.0
1628576142000,0.0006056935190793457
1628576172000,0.0
1628576202000,0.0
1628576232000,0.0
1628576262000,0.0
1628576292000,0.0
1628576322000,0.0
1628576352000,0.0
1628576382000,0.0006093845216331506
1628576412000,0.0
1628576442000,0.0005973715651135006
1628576472000,0.0
1628576502000,0.0
1628576532000,0.0
1628576562000,0.0006064281382656155
1628576592000,0.0
1628576622000,0.0
1628576652000,0.0
1628576682000,0.0
1628576712000,0.0012187690432663009
1628576742000,0.0
1628576772000,0.0006165228113440197
1628576802000,0.0
1628576832000,0.0
1628576862000,0.0005892751915144372
1628576892000,0.0
1628576922000,0.0
1628576952000,0.0006045949214026603
1628576982000,0.0
1628577012000,0.0
1628577042000,0.0
1628577072000,0.0
1628577102000,0.0012292562999385369
1628577132000,0.0
1628577162000,0.0005952380952380952
1628577192000,0.0006105006105006105
1628577222000,0.0
1628577252000,0.0
1628577282000,0.0
1628577312000,0.0
1628577342000,0.0
1628577372000,0.0
1628577402000,0.0006097560975609756
1628577432000,0.0
1628577462000,0.0011983223487118035
1628577492000,0.0
1628577522000,0.0
1628577552000,0.0
1628577582000,0.0
1628577612000,0.0006064281382656155
1628577642000,0.0
1628577672000,0.0006002400960384152
1628577702000,0.0
1628577732000,0.0006016847172081829
1628577762000,0.0
1628577792000,0.0
1628577822000,0.0011904761904761904
1628577852000,0.0
1628577882000,0.0
1628577912000,0.0
1628577942000,0.0006053268765133173
1628577972000,0.0
1628578002000,0.0012254901960784314
1628578032000,0.0
1628578062000,0.0006016847172081829
1628578092000,0.0006064281382656155
1628578122000,0.0006150061500615006
1628578152000,0.0006038647342995169
1628578182000,0.0006006006006006006
1628578212000,0.0
1628578242000,0.0005865102639296188
1628578272000,0.0006009615384615385
1628578302000,0.0006071645415907711
1628578332000,0.0
1628578362000,0.0
1628578392000,0.0
1628578422000,0.0006180469715698393
1628578452000,0.0
1628578482000,0.0
1628578512000,0.0
1628578542000,0.0
1628578572000,0.0
1628578602000,0.0006105006105006105
1628578632000,0.0
1628578662000,0.0
1628578692000,0.0005948839976204639
1628578722000,0.0
1628578752000,0.0
1628578782000,0.0006157635467980296
1628578812000,0.0
1628578842000,0.0
1628578872000,0.0
1628578902000,0.0
1628578932000,0.0
1628578962000,0.0006067961165048543
1628578992000,0.0
1628579022000,0.0
1628579052000,0.0
1628579082000,0.0
1628579112000,0.0006013229104028864
1628579142000,0.0006016847172081829
1628579172000,0.0
1628579202000,0.0
1628579232000,0.0
1628579262000,0.0
1628579292000,0.0
1628579322000,0.0006108735491753207
1628579352000,0.0
1628579382000,0.0005896226415094339
1628579412000,0.0
1628579442000,0.0005920663114268798
1628579472000,0.0
1628579502000,0.0
1628579532000,0.0006105006105006105
1628579562000,0.0
1628579592000,0.0
1628579622000,0.0
1628579652000,0.0
1628579682000,0.0005991611743559018
1628579712000,0.0
1628579742000,0.0
1628579772000,0.0006049606775559589
1628579802000,0.0
1628579832000,0.0
1628579862000,0.0
1628579892000,0.0
1628579922000,0.0006067961165048543
1628579952000,0.0
1628579982000,0.0
1628580012000,0.0
1628580042000,0.0012338062924120911
1628580072000,0.0006013229104028864
1628580102000,0.0
1628580132000,0.0
1628580162000,0.0006199628022318662
1628580192000,0.0
1628580222000,0.0
1628580252000,0.0006020469596628537
1628580282000,0.0
1628580312000,0.0
1628580342000,0.0
1628580372000,0.0
1628580402000,0.0
1628580432000,0.0
1628580462000,0.0
1628580492000,0.0
1628580522000,0.0
1628580552000,0.0
1628580582000,0.0
1628580612000,0.0
1628580642000,0.0
1628580672000,0.0006161429451632778
1628580702000,0.0
1628580732000,0.0
1628580762000,0.0
1628580792000,0.0006108735491753207
1628580822000,0.0
1628580852000,0.0
1628580882000,0.0
1628580912000,0.0
1628580942000,0.0
1628580972000,0.0
1628581002000,0.0006031363088057902
1628581032000,0.0
1628581062000,0.0
1628581092000,0.0
1628581122000,0.0006079027355623102
1628581152000,0.0
1628581182000,0.0
1628581212000,0.0
1628581242000,0.0
1628581272000,0.0011926058437686346
1628581302000,0.0
1628581332000,0.0006112469437652813
1628581362000,0.0005927682276229994
1628581392000,0.0
1628581422000,0.0
1628581452000,0.0
1628581482000,0.0
1628581512000,0.0
1628581542000,0.0
1628581572000,0.0
1628581602000,0.0006150061500615006
1628581632000,0.0
1628581662000,0.0
1628581692000,0.0
1628581722000,0.0006176652254478072
1628581752000,0.0
1628581782000,0.0005906674542232723
1628581812000,0.0005938242280285036
1628581842000,0.0006093845216331506
1628581872000,0.0
1628581902000,0.0
1628581932000,0.0
1628581962000,0.0
1628581992000,0.0
1628582022000,0.0
1628582052000,0.0
1628582082000,0.0006009615384615385
1628582112000,0.0006086427267194157
1628582142000,0.0
1628582172000,0.001215066828675577
1628582202000,0.0
1628582232000,0.0006035003017501509
1628582262000,0.0
1628582292000,0.0006016847172081829
1628582322000,0.0
1628582352000,0.0006060606060606062
1628582382000,0.0006101281269066504
1628582412000,0.0
1628582442000,0.0
1628582472000,0.0
1628582502000,0.0
1628582532000,0.0
1628582562000,0.0
1628582592000,0.0006215040397762585
1628582622000,0.0
1628582652000,0.0005917159763313611
1628582682000,0.0
1628582712000,0.0006035003017501509
1628582742000,0.0
1628582772000,0.0005913660555884093
1628582802000,0.0005980861244019139
1628582832000,0.0
1628582862000,0.0
1628582892000,0.0
1628582922000,0.0
1628582952000,0.0006101281269066504
1628582982000,0.0
1628583012000,0.0
1628583042000,0.0006184291898577612
1628583072000,0.0
1628583102000,0.0
1628583132000,0.0012135922330097086
1628583162000,0.0
1628583192000,0.0006142506142506142
1628583222000,0.0
1628583252000,0.0
1628583282000,0.0
1628583312000,0.0006020469596628537
1628583342000,0.0
1628583372000,0.0
1628583402000,0.0
1628583432000,0.0
1628583462000,0.0
1628583492000,0.0005955926146515784
1628583522000,0.0
1628583552000,0.0
1628583582000,0.0
1628583612000,0.0005988023952095807
1628583642000,0.0
1628583672000,0.0005948839976204639
1628583702000,0.0
1628583732000,0.0
1628583762000,0.0
1628583792000,0.0
1628583822000,0.0
1628583852000,0.0
1628583882000,0.0
1628583912000,0.0005871990604815032
1628583942000,0.0
1628583972000,0.0
1628584002000,0.0
1628584032000,0.0005948839976204639
1628584062000,0.0
1628584092000,0.0
1628584122000,0.0
1628584152000,0.0
1628584182000,0.0
1628584212000,0.0005858230814294082
1628584242000,0.0
1628584272000,0.0
1628584302000,0.0006108735491753207
1628584332000,0.0
1628584362000,0.0005920663114268798
1628584392000,0.0
1628584422000,0.0
1628584452000,0.0
1628584482000,0.0
1628584512000,0.0
1628584542000,0.0
1628584572000,0.0
1628584602000,0.0
1628584632000,0.0
1628584662000,0.0
1628584692000,0.0006053268765133173
1628584722000,0.0
1628584752000,0.0
1628584782000,0.0
1628584812000,0.0
1628584842000,0.0005995203836930455
1628584872000,0.0
1628584902000,0.0006082725060827251
1628584932000,0.0006086427267194157
1628584962000,0.0006035003017501509
1628584992000,0.0
1628585022000,0.0
1628585052000,0.0
1628585082000,0.0
1628585112000,0.0
1628585142000,0.0006123698714023269
1628585172000,0.0
1628585202000,0.0
1628585232000,0.0
1628585262000,0.001218026796589525
1628585292000,0.0
1628585322000,0.0
1628585352000,0.0
1628585382000,0.0
1628585412000,0.0
1628585442000,0.0
1628585472000,0.0
1628585502000,0.0
1628585532000,0.0006165228113440197
1628585562000,0.0
1628585592000,0.0006082725060827251
1628585622000,0.0
1628585652000,0.0
1628585682000,0.0
1628585712000,0.0
1628585742000,0.0
1628585772000,0.0
1628585802000,0.0
1628585832000,0.0006169031462060457
1628585862000,0.0
1628585892000,0.0006024096385542169
1628585922000,0.0
1628585952000,0.0
1628585982000,0.0006024096385542169
1628586012000,0.0006016847172081829
1628586042000,0.0
1628586072000,0.0006199628022318662
1628586102000,0.0006131207847946045
1628586132000,0.0
1628586162000,0.0005931198102016608
1628586192000,0.0005970149253731342
1628586222000,0.0
1628586252000,0.0
1628586282000,0.0
1628586312000,0.0006042296072507553
1628586342000,0.0
1628586372000,0.0005931198102016608
1628586402000,0.0
1628586432000,0.0005977286312014345
1628586462000,0.0
1628586492000,0.0
1628586522000,0.0005970149253731342
1628586552000,0.0
1628586582000,0.0
1628586612000,0.0006006006006006006
1628586642000,0.0
1628586672000,0.0
1628586702000,0.0
1628586732000,0.0
1628586762000,0.0
1628586792000,0.0
1628586822000,0.0
1628586852000,0.0
1628586882000,0.0
1628586912000,0.0
1628586942000,0.0006165228113440197
1628586972000,0.0
1628587002000,0.0006142506142506142
1628587032000,0.0005913660555884093
1628587062000,0.0
1628587092000,0.0
1628587122000,0.0
1628587152000,0.0
1628587182000,0.0006150061500615006
1628587212000,0.0005955926146515784
1628587242000,0.0
1628587272000,0.0
1628587302000,0.0005955926146515784
1628587332000,0.0005966587112171838
1628587362000,0.0006086427267194157
1628587392000,0.0
1628587422000,0.0
1628587452000,0.0005899705014749262
1628587482000,0.0
1628587512000,0.0
1628587542000,0.0
1628587572000,0.0
1628587602000,0.0
1628587632000,0.0006108735491753207
1628587662000,0.0
1628587692000,0.0
1628587722000,0.0
1628587752000,0.0005973715651135006
1628587782000,0.0
1628587812000,0.0006013229104028864
1628587842000,0.0
1628587872000,0.0011983223487118035
1628587902000,0.0
1628587932000,0.0
1628587962000,0.0006138735420503376
1628587992000,0.0
1628588022000,0.0
1628588052000,0.0
1628588082000,0.0
1628588112000,0.0
1628588142000,0.0
1628588172000,0.0006086427267194157
1628588202000,0.0006119951040391675
1628588232000,0.0
1628588262000,0.0
1628588292000,0.0
1628588322000,0.0
1628588352000,0.0
1628588382000,0.0
1628588412000,0.0
1628588442000,0.0005892751915144372
1628588472000,0.0006038647342995169
1628588502000,0.0
1628588532000,0.0
1628588562000,0.0
1628588592000,0.0
1628588622000,0.0
1628588652000,0.0
1628588682000,0.0
1628588712000,0.0
1628588742000,0.0
1628588772000,0.0
1628588802000,0.0006020469596628537
1628588832000,0.0
1628588862000,0.0
1628588892000,0.0005998800239952009
1628588922000,0.0006101281269066504
1628588952000,0.0
1628588982000,0.0011926058437686346
1628589012000,0.0017996400719856032
1628589042000,0.0012062726176115801
1628589072000,0.0
1628589102000,0.0006020469596628537
1628589132000,0.0
1628589162000,0.0
1628589192000,0.0
1628589222000,0.0
1628589252000,0.0006142506142506142
1628589282000,0.0
1628589312000,0.0
1628589342000,0.0
1628589372000,0.0
1628589402000,0.0006064281382656155
1628589432000,0.0
1628589462000,0.0
1628589492000,0.0
1628589522000,0.0
1628589552000,0.0
1628589582000,0.0
1628589612000,0.0
1628589642000,0.0
1628589672000,0.0
1628589702000,0.0006002400960384152
1628589732000,0.0
1628589762000,0.0
1628589792000,0.0006035003017501509
1628589822000,0.0
1628589852000,0.0
1628589882000,0.0
1628589912000,0.0
1628589942000,0.0
1628589972000,0.0
1628590002000,0.0006097560975609756
1628590032000,0.0
1628590062000,0.0012345679012345679
1628590092000,0.0
1628590122000,0.0
1628590152000,0.0005934718100890207
1628590182000,0.0
1628590212000,0.0005966587112171838
1628590242000,0.0005875440658049354
1628590272000,0.0006060606060606062
1628590302000,0.0006067961165048543
1628590332000,0.0005892751915144372
1628590362000,0.0
1628590392000,0.0
1628590422000,0.0012165450121654502
1628590452000,0.0
1628590482000,0.0005977286312014345
1628590512000,0.0005875440658049354
1628590542000,0.0
1628590572000,0.0
1628590602000,0.0
1628590632000,0.0
1628590662000,0.0
1628590692000,0.0
1628590722000,0.0
1628590752000,0.0
1628590782000,0.0006013229104028864
1628590812000,0.0
1628590842000,0.0
1628590872000,0.0
1628590902000,0.0
1628590932000,0.0005868544600938967
1628590962000,0.0
1628590992000,0.0
1628591022000,0.0
1628591052000,0.0
1628591082000,0.0
1628591112000,0.0
1628591142000,0.0005973715651135006
1628591172000,0.0
1628591202000,0.0
1628591232000,0.0006075334143377885
1628591262000,0.0
1628591292000,0.0
1628591322000,0.0
1628591352000,0.0
1628591382000,0.0
1628591412000,0.0
1628591442000,0.0005963029218843173
1628591472000,0.0
1628591502000,0.0006016847172081829
1628591532000,0.0
1628591562000,0.0
1628591592000,0.0
1628591622000,0.0005963029218843173
1628591652000,0.0011918951132300355
1628591682000,0.0
1628591712000,0.0
1628591742000,0.0006090133982947625
1628591772000,0.0006071645415907711
1628591802000,0.0
1628591832000,0.0005906674542232723
1628591862000,0.0
1628591892000,0.0
1628591922000,0.0006060606060606062
1628591952000,0.0005917159763313611
1628591982000,0.0
1628592012000,0.0
1628592042000,0.0006161429451632778
1628592072000,0.0006027727546714887
1628592102000,0.0
1628592132000,0.0006027727546714887
1628592162000,0.0005931198102016608
1628592192000,0.0
1628592222000,0.0006123698714023269
1628592252000,0.0006142506142506142
1628592282000,0.0
1628592312000,0.0
1628592342000,0.0
1628592372000,0.001203369434416366
1628592402000,0.0006161429451632778
1628592432000,0.0005938242280285036
1628592462000,0.0006108735491753207
1628592492000,0.0
1628592522000,0.0006093845216331506
1628592552000,0.0
1628592582000,0.0
1628592612000,0.0
1628592642000,0.0
1628592672000,0.0
1628592702000,0.0006108735491753207
1628592732000,0.0
1628592762000,0.0006157635467980296
1628592792000,0.0006020469596628537
1628592822000,0.0
1628592852000,0.0
1628592882000,0.0
1628592912000,0.0
1628592942000,0.0006024096385542169
1628592972000,0.0
1628593002000,0.0
1628593032000,0.0
1628593062000,0.0
1628593092000,0.0
1628593122000,0.0006127450980392157
1628593152000,0.0
1628593182000,0.0006020469596628537
1628593212000,0.0
1628593242000,0.0006138735420503376
1628593272000,0.0
1628593302000,0.0
1628593332000,0.0
1628593362000,0.0
1628593392000,0.0
1628593422000,0.0006035003017501509
1628593452000,0.0
1628593482000,0.0005970149253731342
1628593512000,0.0006079027355623102
1628593542000,0.0
1628593572000,0.0
1628593602000,0.0006176652254478072
1628593632000,0.0
1628593662000,0.0
1628593692000,0.0
1628593722000,0.0
1628593752000,0.0006105006105006105
1628593782000,0.0
1628593812000,0.0
1628593842000,0.0
1628593872000,0.0005941770647653001
1628593902000,0.0
1628593932000,0.000625
1628593962000,0.0005934718100890207
1628593992000,0.0
1628594022000,0.0
1628594052000,0.0006075334143377885
1628594082000,0.0005980861244019139
1628594112000,0.0
1628594142000,0.0
1628594172000,0.0005941770647653001
1628594202000,0.0006131207847946045
1628594232000,0.0
1628594262000,0.0
1628594292000,0.0006116207951070336
1628594322000,0.0
1628594352000,0.0006031363088057902
1628594382000,0.0
1628594412000,0.0
1628594442000,0.0
1628594472000,0.0
1628594502000,0.0006093845216331506
1628594532000,0.0
1628594562000,0.0006006006006006006
1628594592000,0.0
1628594622000,0.0
1628594652000,0.0
1628594682000,0.0
1628594712000,0.0006150061500615006
1628594742000,0.0
1628594772000,0.0
1628594802000,0.0
1628594832000,0.0
1628594862000,0.0
1628594892000,0.0
1628594922000,0.0
1628594952000,0.0
1628594982000,0.0
1628595012000,0.0
1628595042000,0.0006093845216331506
1628595072000,0.0
1628595102000,0.0
1628595132000,0.0006086427267194157
1628595162000,0.0
1628595192000,0.0
1628595222000,0.0
1628595252000,0.0006172839506172839
1628595282000,0.0012165450121654502
1628595312000,0.0
1628595342000,0.0
1628595372000,0.0006157635467980296
1628595402000,0.0
1628595432000,0.0
1628595462000,0.0
1628595492000,0.0
1628595522000,0.0
1628595552000,0.0006195786864931846
1628595582000,0.0
1628595612000,0.0006108735491753207
1628595642000,0.0
1628595672000,0.0
1628595702000,0.0
1628595732000,0.0
1628595762000,0.0
1628595792000,0.0
1628595822000,0.0006038647342995169
1628595852000,0.0
1628595882000,0.0005995203836930455
1628595912000,0.0
1628595942000,0.0
1628595972000,0.0
1628596002000,0.0
1628596032000,0.0
1628596062000,0.0
1628596092000,0.0006056935190793457
1628596122000,0.0
1628596152000,0.0006116207951070336
1628596182000,0.0006042296072507553
1628596212000,0.0
1628596242000,0.0
1628596272000,0.0
1628596302000,0.0005824111822947001
1628596332000,0.0
1628596362000,0.0
1628596392000,0.0006042296072507553
1628596422000,0.0
1628596452000,0.0006131207847946045
1628596482000,0.0
1628596512000,0.0006191950464396285
1628596542000,0.0
1628596572000,0.0006090133982947625
1628596602000,0.0
1628596632000,0.0
1628596662000,0.0
1628596692000,0.0
1628596722000,0.0
1628596752000,0.0
1628596782000,0.0
1628596812000,0.0
1628596842000,0.0
1628596872000,0.0005998800239952009
1628596902000,0.0
1628596932000,0.0
1628596962000,0.0
1628596992000,0.0
1628597022000,0.0005927682276229994
1628597052000,0.0006195786864931846
1628597082000,0.0
1628597112000,0.0
1628597142000,0.0
1628597172000,0.0
1628597202000,0.0006049606775559589
1628597232000,0.0
1628597262000,0.0
1628597292000,0.0006097560975609756
1628597322000,0.0006016847172081829
1628597352000,0.0
1628597382000,0.0
1628597412000,0.0
1628597442000,0.0
1628597472000,0.0
1628597502000,0.0
1628597532000,0.0005988023952095807
1628597562000,0.0
1628597592000,0.0005988023952095807
1628597622000,0.0
1628597652000,0.0
1628597682000,0.0006024096385542169
1628597712000,0.0005861664712778429
1628597742000,0.0
1628597772000,0.0
1628597802000,0.0006105006105006105
1628597832000,0.0
1628597862000,0.0
1628597892000,0.0006138735420503376
1628597922000,0.0006079027355623102
1628597952000,0.0005984440454817473
1628597982000,0.0006108735491753207
1628598012000,0.0
1628598042000,0.0
1628598072000,0.0006002400960384152
1628598102000,0.0006123698714023269
1628598132000,0.0006218905472636817
1628598162000,0.0
1628598192000,0.0
1628598222000,0.0
1628598252000,0.0
1628598282000,0.0
1628598312000,0.0005973715651135006
1628598342000,0.0
1628598372000,0.0
1628598402000,0.0
1628598432000,0.0005955926146515784
1628598462000,0.0
1628598492000,0.0
1628598522000,0.0
1628598552000,0.0
1628598582000,0.0
1628598612000,0.0
1628598642000,0.0
1628598672000,0.0
1628598702000,0.0
1628598732000,0.0
1628598762000,0.0005906674542232723
1628598792000,0.0
1628598822000,0.0
1628598852000,0.0
1628598882000,0.0
1628598912000,0.0005924170616113746
1628598942000,0.0005970149253731342
1628598972000,0.0006165228113440197
1628599002000,0.0006131207847946045
1628599032000,0.0005991611743559018
1628599062000,0.0
1628599092000,0.0006108735491753207
1628599122000,0.0
1628599152000,0.0
1628599182000,0.0
1628599212000,0.0
1628599242000,0.0
1628599272000,0.0
1628599302000,0.0006086427267194157
1628599332000,0.0
1628599362000,0.0
1628599392000,0.0
1628599422000,0.0005906674542232723
1628599452000,0.0006146281499692684
1628599482000,0.0
1628599512000,0.0
1628599542000,0.0012055455093429774
1628599572000,0.0
1628599602000,0.0
1628599632000,0.0
1628599662000,0.0
1628599692000,0.0
1628599722000,0.0
1628599752000,0.0
1628599782000,0.0
1628599812000,0.0006031363088057902
1628599842000,0.0
1628599872000,0.0006176652254478072
1628599902000,0.0
1628599932000,0.0005977286312014345
1628599962000,0.0
1628599992000,0.0
1628600022000,0.0005991611743559018
1628600052000,0.0
1628600082000,0.0005817335660267597
1628600112000,0.0
1628600142000,0.0
1628600172000,0.0
1628600202000,0.0006082725060827251
1628600232000,0.0
1628600262000,0.0
1628600292000,0.0
1628600322000,0.0
1628600352000,0.0
1628600382000,0.0
1628600412000,0.0012406947890818859
1628600442000,0.0
1628600472000,0.0
1628600502000,0.0
1628600532000,0.0
1628600562000,0.0
1628600592000,0.0
1628600622000,0.0
1628600652000,0.0
1628600682000,0.0
1628600712000,0.0
1628600742000,0.0006006006006006006
1628600772000,0.0005959475566150177
1628600802000,0.0006116207951070336
1628600832000,0.0
1628600862000,0.0006009615384615385
1628600892000,0.0
1628600922000,0.0
1628600952000,0.0005931198102016608
1628600982000,0.000588235294117647
1628601012000,0.0
1628601042000,0.0
1628601072000,0.0
1628601102000,0.0
1628601132000,0.0
1628601162000,0.0
1628601192000,0.0
1628601222000,0.0006226650062266501
1628601252000,0.0
1628601282000,0.0
1628601312000,0.0
1628601342000,0.0
1628601372000,0.0
1628601402000,0.0
1628601432000,0.0006045949214026603
1628601462000,0.0
1628601492000,0.0
1628601522000,0.0
1628601552000,0.0012232415902140672
1628601582000,0.0
1628601612000,0.0
1628601642000,0.0005995203836930455
1628601672000,0.0
1628601702000,0.0005966587112171838
1628601732000,0.0
1628601762000,0.0
1628601792000,0.0
1628601822000,0.0
1628601852000,0.0006056935190793457
1628601882000,0.0
1628601912000,0.0005984440454817473
1628601942000,0.0005966587112171838
1628601972000,0.0
1628602002000,0.0
1628602032000,0.0
1628602062000,0.0
1628602092000,0.0
1628602122000,0.0
1628602152000,0.0
1628602182000,0.0
1628602212000,0.0
1628602242000,0.0006067961165048543
1628602272000,0.0
1628602302000,0.0
1628602332000,0.0
1628602362000,0.0
1628602392000,0.0
1628602422000,0.0
1628602452000,0.0
1628602482000,0.0006195786864931846
1628602512000,0.0006097560975609756
1628602542000,0.0
1628602572000,0.0006138735420503376
1628602602000,0.0
1628602632000,0.0006016847172081829
1628602662000,0.0
1628602692000,0.0
1628602722000,0.0
1628602752000,0.0
1628602782000,0.0
1628602812000,0.0006038647342995169
1628602842000,0.0006056935190793457
1628602872000,0.0006009615384615385
1628602902000,0.0006038647342995169
1628602932000,0.0
1628602962000,0.0
1628602992000,0.0
1628603022000,0.0
1628603052000,0.0
1628603082000,0.0
1628603112000,0.0
1628603142000,0.0
1628603172000,0.0005889281507656067
1628603202000,0.0006049606775559589
1628603232000,0.0
1628603262000,0.0
1628603292000,0.0
1628603322000,0.0006161429451632778
1628603352000,0.0
1628603382000,0.0
1628603412000,0.0005941770647653001
1628603442000,0.0006031363088057902
1628603472000,0.0006093845216331506
1628603502000,0.0
1628603532000,0.0
1628603562000,0.0
1628603592000,0.0
1628603622000,0.0
1628603652000,0.0
1628603682000,0.0
1628603712000,0.0
1628603742000,0.0
1628603772000,0.0
1628603802000,0.0
1628603832000,0.0
1628603862000,0.0
1628603892000,0.0006045949214026603
1628603922000,0.0
1628603952000,0.0005980861244019139
1628603982000,0.0
1628604012000,0.0
1628604042000,0.0005977286312014345
1628604072000,0.0006105006105006105
1628604102000,0.0
1628604132000,0.0
1628604162000,0.0005827505827505828
1628604192000,0.0
1628604222000,0.0
1628604252000,0.0
1628604282000,0.0006071645415907711
1628604312000,0.0
1628604342000,0.0
1628604372000,0.0006191950464396285
1628604402000,0.0
1628604432000,0.0
1628604462000,0.0
1628604492000,0.0
1628604522000,0.0006031363088057902
1628604552000,0.0005966587112171838
1628604582000,0.0006082725060827251
1628604612000,0.0005920663114268798
1628604642000,0.0
1628604672000,0.0006082725060827251
1628604702000,0.0006071645415907711
1628604732000,0.0
1628604762000,0.0006230529595015578
1628604792000,0.0
1628604822000,0.0
1628604852000,0.0
1628604882000,0.0
1628604912000,0.0
1628604942000,0.0005896226415094339
1628604972000,0.0
1628605002000,0.0
1628605032000,0.0
1628605062000,0.0
1628605092000,0.0
1628605122000,0.0
1628605152000,0.0
1628605182000,0.0005945303210463732
1628605212000,0.0
1628605242000,0.0
1628605272000,0.0
1628605302000,0.0006108735491753207
1628605332000,0.0006067961165048543
1628605362000,0.0006112469437652813
1628605392000,0.0005934718100890207
1628605422000,0.0005995203836930455
1628605452000,0.0005903187721369539
1628605482000,0.0
1628605512000,0.0
1628605542000,0.0
1628605572000,0.0006195786864931846
1628605602000,0.0
1628605632000,0.0
1628605662000,0.0006180469715698393
1628605692000,0.0
1628605722000,0.0
1628605752000,0.0
1628605782000,0.0
1628605812000,0.0
1628605842000,0.0
1628605872000,0.0
1628605902000,0.0
1628605932000,0.0006146281499692684
1628605962000,0.0006045949214026603
1628605992000,0.0
1628606022000,0.0
1628606052000,0.0
1628606082000,0.0
1628606112000,0.0
1628606142000,0.0
1628606172000,0.0
1628606202000,0.0006127450980392157
1628606232000,0.0
1628606262000,0.0
1628606292000,0.0005892751915144372
1628606322000,0.0
1628606352000,0.0
1628606382000,0.0
1628606412000,0.0006172839506172839
1628606442000,0.0
1628606472000,0.0006116207951070336
1628606502000,0.0
1628606532000,0.0
1628606562000,0.0
1628606592000,0.0006082725060827251
1628606622000,0.0006042296072507553
1628606652000,0.0006097560975609756
1628606682000,0.0
1628606712000,0.0005861664712778429
1628606742000,0.0
1628606772000,0.0
1628606802000,0.0
1628606832000,0.0
1628606862000,0.0
1628606892000,0.0
1628606922000,0.0
1628606952000,0.0
1628606982000,0.0
1628607012000,0.0
1628607042000,0.0011820330969267141
1628607072000,0.0
1628607102000,0.0006071645415907711
1628607132000,0.0005941770647653001
1628607162000,0.0005875440658049354
1628607192000,0.0006184291898577612
1628607222000,0.0006016847172081829
1628607252000,0.0
1628607282000,0.0006049606775559589
1628607312000,0.0006079027355623102
1628607342000,0.0006056935190793457
1628607372000,0.0
1628607402000,0.0
1628607432000,0.0
1628607462000,0.0
1628607492000,0.0
1628607522000,0.0
1628607552000,0.0
1628607582000,0.0
1628607612000,0.0
1628607642000,0.0
1628607672000,0.0006169031462060457
1628607702000,0.0
1628607732000,0.0
1628607762000,0.0
1628607792000,0.0005948839976204639
1628607822000,0.0
1628607852000,0.0
1628607882000,0.0006056935190793457
1628607912000,0.0
1628607942000,0.0006006006006006006
1628607972000,0.0
1628608002000,0.0005917159763313611
1628608032000,0.0
1628608062000,0.0006042296072507553
1628608092000,0.0
1628608122000,0.0
1628608152000,0.0006108735491753207
1628608182000,0.0
1628608212000,0.0
1628608242000,0.0
1628608272000,0.0
1628608302000,0.0
1628608332000,0.0
1628608362000,0.0006027727546714887
1628608392000,0.0
1628608422000,0.0
1628608452000,0.0
1628608482000,0.0
1628608512000,0.0
1628608542000,0.0
1628608572000,0.0
1628608602000,0.0011904761904761904
1628608632000,0.0
1628608662000,0.0
1628608692000,0.0
1628608722000,0.0
1628608752000,0.0
1628608782000,0.0
1628608812000,0.0006131207847946045
1628608842000,0.0
1628608872000,0.0
1628608902000,0.0
1628608932000,0.0005945303210463732
1628608962000,0.0
1628608992000,0.0
1628609022000,0.0006108735491753207
1628609052000,0.0
1628609082000,0.0
1628609112000,0.0
1628609142000,0.0006131207847946045
1628609172000,0.0006184291898577612
1628609202000,0.0
1628609232000,0.0006161429451632778
1628609262000,0.0
1628609292000,0.0
1628609322000,0.0
1628609352000,0.0006191950464396285
1628609382000,0.0005948839976204639
1628609412000,0.0005938242280285036
1628609442000,0.0006195786864931846
1628609472000,0.0005938242280285036
1628609502000,0.0006184291898577612
1628609532000,0.0012338062924120911
1628609562000,0.0
1628609592000,0.001212121212121212
1628609622000,0.0006075334143377885
1628609652000,0.0006108735491753207
1628609682000,0.0006127450980392157
1628609712000,0.0
1628609742000,0.0005973715651135006
1628609772000,0.0
1628609802000,0.0006093845216331506
1628609832000,0.0
1628609862000,0.0
1628609892000,0.0
1628609922000,0.0
1628609952000,0.0
1628609982000,0.0
1628610012000,0.0
1628610042000,0.0005892751915144372
1628610072000,0.0
1628610102000,0.0
1628610132000,0.0
1628610162000,0.0005988023952095807
1628610192000,0.0
1628610222000,0.0
1628610252000,0.0
1628610282000,0.0006142506142506142
1628610312000,0.0
1628610342000,0.0
1628610372000,0.0012224938875305626
1628610402000,0.0
1628610432000,0.0
1628610462000,0.0
1628610492000,0.0006038647342995169
1628610522000,0.0
1628610552000,0.0005984440454817473
1628610582000,0.0006134969325153375
1628610612000,0.0
1628610642000,0.0005906674542232723
1628610672000,0.0
1628610702000,0.0006090133982947625
1628610732000,0.0
1628610762000,0.0
1628610792000,0.0
1628610822000,0.0
1628610852000,0.0
1628610882000,0.0006013229104028864
1628610912000,0.0006090133982947625
1628610942000,0.0
1628610972000,0.0
1628611002000,0.0
1628611032000,0.0
1628611062000,0.0
1628611092000,0.0
1628611122000,0.0006016847172081829
1628611152000,0.0006086427267194157
1628611182000,0.0
1628611212000,0.0
1628611242000,0.0
1628611272000,0.0006056935190793457
1628611302000,0.0005841121495327102
1628611332000,0.0
1628611362000,0.0006013229104028864
1628611392000,0.0005991611743559018
1628611422000,0.0
1628611452000,0.0
1628611482000,0.0005858230814294082
1628611512000,0.0
1628611542000,0.0006045949214026603
1628611572000,0.0005938242280285036
1628611602000,0.001215066828675577
1628611632000,0.0
1628611662000,0.0
1628611692000,0.0005934718100890207
1628611722000,0.0
1628611752000,0.0005977286312014345
1628611782000,0.0
1628611812000,0.0006112469437652813
1628611842000,0.0
1628611872000,0.0
1628611902000,0.0
1628611932000,0.0
1628611962000,0.0
1628611992000,0.0
1628612022000,0.0
1628612052000,0.0
1628612082000,0.0006218905472636817
1628612112000,0.0
1628612142000,0.0
1628612172000,0.0006038647342995169
1628612202000,0.000588235294117647
1628612232000,0.0
1628612262000,0.0
1628612292000,0.0
1628612322000,0.0006097560975609756
1628612352000,0.0006056935190793457
1628612382000,0.0
1628612412000,0.0
1628612442000,0.0006013229104028864
1628612472000,0.0
1628612502000,0.0
1628612532000,0.0
1628612562000,0.0005920663114268798
1628612592000,0.0
1628612622000,0.0
1628612652000,0.0005980861244019139
1628612682000,0.0
1628612712000,0.0
1628612742000,0.0
1628612772000,0.0
1628612802000,0.0006024096385542169
1628612832000,0.0
1628612862000,0.0
1628612892000,0.0005896226415094339
1628612922000,0.0005938242280285036
1628612952000,0.0
1628612982000,0.0006112469437652813
1628613012000,0.0
1628613042000,0.0
1628613072000,0.0
1628613102000,0.0
1628613132000,0.0
1628613162000,0.0
1628613192000,0.0
1628613222000,0.0012353304508956149
1628613252000,0.0
1628613282000,0.0
1628613312000,0.0
1628613342000,0.0005963029218843173
1628613372000,0.0
1628613402000,0.0006165228113440197
1628613432000,0.0006024096385542169
1628613462000,0.0
1628613492000,0.0
1628613522000,0.0
1628613552000,0.0
1628613582000,0.0
1628613612000,0.0
1628613642000,0.0
1628613672000,0.0
1628613702000,0.0
1628613732000,0.0
1628613762000,0.0
1628613792000,0.0
1628613822000,0.0
1628613852000,0.0006053268765133173
1628613882000,0.0
1628613912000,0.0006142506142506142
1628613942000,0.0006101281269066504
1628613972000,0.0
1628614002000,0.0006153846153846153
1628614032000,0.0006188118811881187
1628614062000,0.0
1628614092000,0.0
1628614122000,0.0
1628614152000,0.0
1628614182000,0.0006016847172081829
1628614212000,0.0
1628614242000,0.0
1628614272000,0.0
1628614302000,0.0006042296072507553
1628614332000,0.0
1628614362000,0.0
1628614392000,0.0
1628614422000,0.0006119951040391675
1628614452000,0.0005917159763313611
1628614482000,0.0006093845216331506
1628614512000,0.0
1628614542000,0.0005998800239952009
1628614572000,0.0
1628614602000,0.0006086427267194157
1628614632000,0.0
1628614662000,0.0005988023952095807
1628614692000,0.0006150061500615006
1628614722000,0.0
1628614752000,0.0006203473945409428
1628614782000,0.0
1628614812000,0.0
1628614842000,0.0006176652254478072
1628614872000,0.0
1628614902000,0.0005984440454817473
1628614932000,0.0
1628614962000,0.0
1628614992000,0.0
1628615022000,0.0
1628615052000,0.0012195121951219512
1628615082000,0.0
1628615112000,0.0005948839976204639
1628615142000,0.0
1628615172000,0.0006191950464396285
1628615202000,0.0
1628615232000,0.0
1628615262000,0.0
1628615292000,0.0005941770647653001
1628615322000,0.0
1628615352000,0.0
1628615382000,0.0
1628615412000,0.0
1628615442000,0.0
1628615472000,0.0
1628615502000,0.0
1628615532000,0.0
1628615562000,0.0006112469437652813
1628615592000,0.0
1628615622000,0.0
1628615652000,0.0
1628615682000,0.0006191950464396285
1628615712000,0.0006053268765133173
1628615742000,0.0005952380952380952
1628615772000,0.0
1628615802000,0.0005995203836930455
1628615832000,0.0005991611743559018
1628615862000,0.0
1628615892000,0.0005871990604815032
1628615922000,0.0
1628615952000,0.0
1628615982000,0.0
1628616012000,0.0
1628616042000,0.0
1628616072000,0.0
1628616102000,0.0
1628616132000,0.0005977286312014345
1628616162000,0.0
1628616192000,0.0
1628616222000,0.0006045949214026603
1628616252000,0.0
1628616282000,0.0
1628616312000,0.0
1628616342000,0.0
1628616372000,0.0006013229104028864
1628616402000,0.0005927682276229994
1628616432000,0.0
1628616462000,0.0
1628616492000,0.0
1628616522000,0.0
1628616552000,0.0
1628616582000,0.0
1628616612000,0.0
1628616642000,0.0006071645415907711
1628616672000,0.0
1628616702000,0.0
1628616732000,0.0
1628616762000,0.0012091898428053206
1628616792000,0.0
1628616822000,0.0
1628616852000,0.0
1628616882000,0.0
1628616912000,0.0
1628616942000,0.0
1628616972000,0.0
1628617002000,0.0
1628617032000,0.0
1628617062000,0.0
1628617092000,0.0
1628617122000,0.0
1628617152000,0.0
1628617182000,0.0
1628617212000,0.0005934718100890207
1628617242000,0.0011997600479904018
1628617272000,0.0
1628617302000,0.0
1628617332000,0.0006119951040391675
1628617362000,0.0
1628617392000,0.0
1628617422000,0.0
1628617452000,0.0
1628617482000,0.0
1628617512000,0.0
1628617542000,0.0
1628617572000,0.0006093845216331506
1628617602000,0.0
1628617632000,0.0
1628617662000,0.0006071645415907711
1628617692000,0.0006006006006006006
1628617722000,0.0006138735420503376
1628617752000,0.0005931198102016608
1628617782000,0.0
1628617812000,0.0006009615384615385
1628617842000,0.0
1628617872000,0.0005995203836930455
1628617902000,0.0
1628617932000,0.0006049606775559589
1628617962000,0.0
1628617992000,0.0006090133982947625
1628618022000,0.0
1628618052000,0.0006108735491753207
1628618082000,0.0005906674542232723
1628618112000,0.0006067961165048543
1628618142000,0.0005934718100890207
1628618172000,0.0006024096385542169
1628618202000,0.0
1628618232000,0.0
1628618262000,0.0006161429451632778
1628618292000,0.0
1628618322000,0.0
1628618352000,0.0
1628618382000,0.0
1628618412000,0.0
1628618442000,0.0005896226415094339
1628618472000,0.0
1628618502000,0.0
1628618532000,0.0
1628618562000,0.0
1628618592000,0.0
1628618622000,0.0006049606775559589
1628618652000,0.0
1628618682000,0.0
1628618712000,0.0
1628618742000,0.0006075334143377885
1628618772000,0.0
1628618802000,0.0
1628618832000,0.001218026796589525
1628618862000,0.0
1628618892000,0.0
1628618922000,0.0
1628618952000,0.0006045949214026603
1628618982000,0.0
1628619012000,0.0006146281499692684
1628619042000,0.0
1628619072000,0.0
1628619102000,0.0
1628619132000,0.0
1628619162000,0.0
1628619192000,0.0
1628619222000,0.0
1628619252000,0.0
1628619282000,0.0
1628619312000,0.0005955926146515784
1628619342000,0.0
1628619372000,0.0
1628619402000,0.0
1628619432000,0.0006176652254478072
1628619462000,0.0
1628619492000,0.0
1628619522000,0.0006079027355623102
1628619552000,0.0006071645415907711
1628619582000,0.0
1628619612000,0.0
1628619642000,0.0
1628619672000,0.0006071645415907711
1628619702000,0.0
1628619732000,0.0
1628619762000,0.0
1628619792000,0.0
1628619822000,0.0
1628619852000,0.0005927682276229994
1628619882000,0.0
1628619912000,0.0
1628619942000,0.0005963029218843173
1628619972000,0.0
1628620002000,0.0
1628620032000,0.0
1628620062000,0.0005995203836930455
1628620092000,0.0
1628620122000,0.0
1628620152000,0.0
1628620182000,0.0005959475566150177
1628620212000,0.0
1628620242000,0.0006042296072507553
1628620272000,0.0
1628620302000,0.0
1628620332000,0.0
1628620362000,0.0
1628620392000,0.0006108735491753207
1628620422000,0.0006176652254478072
1628620452000,0.0
1628620482000,0.0
1628620512000,0.0006024096385542169
1628620542000,0.0
1628620572000,0.0
1628620602000,0.0
1628620632000,0.0005988023952095807
1628620662000,0.0006090133982947625
1628620692000,0.0
1628620722000,0.0006027727546714887
1628620752000,0.0
1628620782000,0.0
1628620812000,0.0005991611743559018
1628620842000,0.0
1628620872000,0.0006020469596628537
1628620902000,0.0
1628620932000,0.0006031363088057902
1628620962000,0.0
1628620992000,0.0006067961165048543
1628621022000,0.0006203473945409428
1628621052000,0.0
1628621082000,0.0
1628621112000,0.0
1628621142000,0.0
1628621172000,0.0
1628621202000,0.0
1628621232000,0.0
1628621262000,0.0
1628621292000,0.0005889281507656067
1628621322000,0.0
1628621352000,0.0
1628621382000,0.0
1628621412000,0.0006079027355623102
1628621442000,0.0005984440454817473
1628621472000,0.001176470588235294
1628621502000,0.0005970149253731342
1628621532000,0.0
1628621562000,0.0006112469437652813
1628621592000,0.0
1628621622000,0.0
1628621652000,0.0
1628621682000,0.0
1628621712000,0.0
1628621742000,0.0005977286312014345
1628621772000,0.0006108735491753207
1628621802000,0.0
1628621832000,0.0006079027355623102
1628621862000,0.0006086427267194157
1628621892000,0.0
1628621922000,0.0005948839976204639
1628621952000,0.0
1628621982000,0.0
1628622012000,0.0
1628622042000,0.0
1628622072000,0.0
1628622102000,0.0006112469437652813
1628622132000,0.0
1628622162000,0.0
1628622192000,0.0
1628622222000,0.0
1628622252000,0.0
1628622282000,0.0
1628622312000,0.0
1628622342000,0.0
1628622372000,0.0
1628622402000,0.0005995203836930455
1628622432000,0.0
1628622462000,0.0
1628622492000,0.0
1628622522000,0.0
1628622552000,0.0
1628622582000,0.0
1628622612000,0.0
1628622642000,0.0
1628622672000,0.0
1628622702000,0.0006031363088057902
1628622732000,0.0
1628622762000,0.0
1628622792000,0.0
1628622822000,0.0
1628622852000,0.0006146281499692684
1628622882000,0.0006002400960384152
1628622912000,0.0006020469596628537
1628622942000,0.0
1628622972000,0.0
1628623002000,0.0006079027355623102
1628623032000,0.0
1628623062000,0.0
1628623092000,0.0006082725060827251
1628623122000,0.0
1628623152000,0.0
1628623182000,0.0006002400960384152
1628623212000,0.0
1628623242000,0.0
1628623272000,0.0
1628623302000,0.0
1628623332000,0.0006071645415907711
1628623362000,0.0
1628623392000,0.0006093845216331506
1628623422000,0.0
1628623452000,0.0006027727546714887
1628623482000,0.0
1628623512000,0.0
1628623542000,0.0
1628623572000,0.0
1628623602000,0.0006138735420503376
1628623632000,0.0
1628623662000,0.0005966587112171838
1628623692000,0.0
1628623722000,0.0
1628623752000,0.0005934718100890207
1628623782000,0.0
1628623812000,0.0005934718100890207
1628623842000,0.0
1628623872000,0.0
1628623902000,0.0
1628623932000,0.0006002400960384152
1628623962000,0.0006086427267194157
1628623992000,0.0
1628624022000,0.0
1628624052000,0.0
1628624082000,0.0
1628624112000,0.0
1628624142000,0.0
1628624172000,0.0005959475566150177
1628624202000,0.0006049606775559589
1628624232000,0.0005991611743559018
1628624262000,0.0
1628624292000,0.0005913660555884093
1628624322000,0.0
1628624352000,0.0005963029218843173
1628624382000,0.0
1628624412000,0.0
1628624442000,0.0
1628624472000,0.0005892751915144372
1628624502000,0.0
1628624532000,0.0006035003017501509
1628624562000,0.0
1628624592000,0.0
1628624622000,0.0
1628624652000,0.0
1628624682000,0.0
1628624712000,0.0005977286312014345
1628624742000,0.0006075334143377885
1628624772000,0.0005998800239952009
1628624802000,0.0
1628624832000,0.0
1628624862000,0.0006016847172081829
1628624892000,0.0
1628624922000,0.0
1628624952000,0.0
1628624982000,0.0
1628625012000,0.0
1628625042000,0.0
1628625072000,0.0006097560975609756
1628625102000,0.0
1628625132000,0.0
1628625162000,0.0
1628625192000,0.0
1628625222000,0.0
1628625252000,0.0
1628625282000,0.0006031363088057902
1628625312000,0.0
1628625342000,0.0
1628625372000,0.0
1628625402000,0.0
1628625432000,0.0
1628625462000,0.0005868544600938967
1628625492000,0.0006112469437652813
1628625522000,0.0
1628625552000,0.0
1628625582000,0.0
1628625612000,0.0006082725060827251
1628625642000,0.0
1628625672000,0.0
1628625702000,0.0
1628625732000,0.0005824111822947001
1628625762000,0.0006053268765133173
1628625792000,0.0
1628625822000,0.0
1628625852000,0.0006222775357809582
1628625882000,0.0
1628625912000,0.0
1628625942000,0.0
1628625972000,0.0
1628626002000,0.0
1628626032000,0.0006009615384615385
1628626062000,0.0
1628626092000,0.0
1628626122000,0.0005747126436781608
1628626152000,0.0
1628626182000,0.0005913660555884093
1628626212000,0.0
1628626242000,0.0006027727546714887
1628626272000,0.0
1628626302000,0.0
1628626332000,0.0
1628626362000,0.0
1628626392000,0.0
1628626422000,0.0006053268765133173
1628626452000,0.0
1628626482000,0.0005973715651135006
1628626512000,0.0
1628626542000,0.000588235294117647
1628626572000,0.0006079027355623102
1628626602000,0.0
1628626632000,0.0
1628626662000,0.0
1628626692000,0.0
1628626722000,0.0005966587112171838
1628626752000,0.0
1628626782000,0.0
1628626812000,0.0
1628626842000,0.0
1628626872000,0.0
1628626902000,0.0
1628626932000,0.0
1628626962000,0.0
1628626992000,0.0
1628627022000,0.0
1628627052000,0.0
1628627082000,0.0006157635467980296
1628627112000,0.0
1628627142000,0.0005970149253731342
1628627172000,0.0
1628627202000,0.0006093845216331506
1628627232000,0.0
1628627262000,0.0005878894767783657
1628627292000,0.0
1628627322000,0.0005851375073142189
1628627352000,0.0006226650062266501
1628627382000,0.0
1628627412000,0.0
1628627442000,0.0
1628627472000,0.0006093845216331506
1628627502000,0.0
1628627532000,0.0
1628627562000,0.0
1628627592000,0.0006082725060827251
1628627622000,0.0
1628627652000,0.0
1628627682000,0.0
1628627712000,0.0
1628627742000,0.0
1628627772000,0.0
1628627802000,0.0
1628627832000,0.0006056935190793457
1628627862000,0.0
1628627892000,0.0
1628627922000,0.0006222775357809582
1628627952000,0.0
1628627982000,0.0
1628628012000,0.0
1628628042000,0.0006161429451632778
1628628072000,0.0
1628628102000,0.0006157635467980296
1628628132000,0.0006031363088057902
1628628162000,0.0
1628628192000,0.0
1628628222000,0.0
1628628252000,0.0
1628628282000,0.0
1628628312000,0.0
1628628342000,0.0
1628628372000,0.0
1628628402000,0.0
1628628432000,0.0006226650062266501
1628628462000,0.0006053268765133173
1628628492000,0.0
1628628522000,0.0006191950464396285
1628628552000,0.0
1628628582000,0.0
1628628612000,0.0
1628628642000,0.0
1628628672000,0.0
1628628702000,0.0
1628628732000,0.0005984440454817473
1628628762000,0.0
1628628792000,0.0
1628628822000,0.0
1628628852000,0.0005952380952380952
1628628882000,0.0005948839976204639
1628628912000,0.0
1628628942000,0.0
1628628972000,0.0006045949214026603
1628629002000,0.0
1628629032000,0.0
1628629062000,0.0006108735491753207
1628629092000,0.0006082725060827251
1628629122000,0.0
1628629152000,0.0
1628629182000,0.0
1628629212000,0.0
1628629242000,0.0006086427267194157
1628629272000,0.0
1628629302000,0.0
1628629332000,0.0
1628629362000,0.0
1628629392000,0.0
1628629422000,0.0006035003017501509
1628629452000,0.0005991611743559018
1628629482000,0.0
1628629512000,0.0
1628629542000,0.0
1628629572000,0.0006101281269066504
1628629602000,0.0006090133982947625
1628629632000,0.0006150061500615006
1628629662000,0.0
1628629692000,0.0006056935190793457
1628629722000,0.0
1628629752000,0.0
1628629782000,0.0005952380952380952
1628629812000,0.0
1628629842000,0.0
1628629872000,0.0
1628629902000,0.0
1628629932000,0.0
1628629962000,0.0006013229104028864
1628629992000,0.0006108735491753207
1628630022000,0.0
1628630052000,0.0
1628630082000,0.0
1628630112000,0.0
1628630142000,0.0
1628630172000,0.0
1628630202000,0.0
1628630232000,0.0006024096385542169
1628630262000,0.0
1628630292000,0.0
1628630322000,0.0
1628630352000,0.0
1628630382000,0.0
1628630412000,0.0
1628630442000,0.0005955926146515784
1628630472000,0.0
1628630502000,0.0
1628630532000,0.0006031363088057902
1628630562000,0.0
1628630592000,0.0
1628630622000,0.0
1628630652000,0.0
1628630682000,0.0
1628630712000,0.0
1628630742000,0.0006020469596628537
1628630772000,0.0
1628630802000,0.0
1628630832000,0.0006020469596628537
1628630862000,0.0
1628630892000,0.0
1628630922000,0.0006191950464396285
1628630952000,0.0
1628630982000,0.0006188118811881187
1628631012000,0.0006024096385542169
1628631042000,0.0
1628631072000,0.0006075334143377885
1628631102000,0.0
1628631132000,0.0
1628631162000,0.0
1628631192000,0.0
1628631222000,0.0
1628631252000,0.0006138735420503376
1628631282000,0.0006090133982947625
1628631312000,0.0
1628631342000,0.0006049606775559589
1628631372000,0.0006075334143377885
1628631402000,0.0
1628631432000,0.0
1628631462000,0.0
1628631492000,0.0
1628631522000,0.0
1628631552000,0.0
1628631582000,0.0
1628631612000,0.0
1628631642000,0.0006013229104028864
1628631672000,0.0
1628631702000,0.0
1628631732000,0.0
1628631762000,0.0006049606775559589
1628631792000,0.0
1628631822000,0.0
1628631852000,0.0
1628631882000,0.0
1628631912000,0.0
1628631942000,0.0006006006006006006
1628631972000,0.0005963029218843173
1628632002000,0.0005998800239952009
1628632032000,0.0
1628632062000,0.0
1628632092000,0.0
1628632122000,0.0006142506142506142
1628632152000,0.0
1628632182000,0.0006199628022318662
1628632212000,0.0
1628632242000,0.0005931198102016608
1628632272000,0.0
1628632302000,0.0005963029218843173
1628632332000,0.0
1628632362000,0.0
1628632392000,0.0006016847172081829
1628632422000,0.0
1628632452000,0.0005865102639296188
1628632482000,0.0
1628632512000,0.0
1628632542000,0.0
1628632572000,0.0
1628632602000,0.0
1628632632000,0.0006031363088057902
1628632662000,0.0
1628632692000,0.0
1628632722000,0.0
1628632752000,0.0
1628632782000,0.0
1628632812000,0.0
1628632842000,0.0006116207951070336
1628632872000,0.0
1628632902000,0.0
1628632932000,0.0
1628632962000,0.0
1628632992000,0.0005970149253731342
1628633022000,0.0
1628633052000,0.0
1628633082000,0.0
1628633112000,0.0
1628633142000,0.0
1628633172000,0.0
1628633202000,0.0006038647342995169
1628633232000,0.0
1628633262000,0.0006053268765133173
1628633292000,0.0006090133982947625
1628633322000,0.0006153846153846153
1628633352000,0.0
1628633382000,0.0006234413965087283
1628633412000,0.0
1628633442000,0.0
1628633472000,0.0006105006105006105
1628633502000,0.0012062726176115801
1628633532000,0.0
1628633562000,0.0
1628633592000,0.0
1628633622000,0.0
1628633652000,0.0
1628633682000,0.0
1628633712000,0.0
1628633742000,0.0
1628633772000,0.0
1628633802000,0.0
1628633832000,0.0
1628633862000,0.0
1628633892000,0.0
1628633922000,0.0011890606420927464
1628633952000,0.0005871990604815032
1628633982000,0.0006180469715698393
1628634012000,0.0
1628634042000,0.0
1628634072000,0.0
1628634102000,0.0006146281499692684
1628634132000,0.0011862396204033216
1628634162000,0.0
1628634192000,0.0
1628634222000,0.0
1628634252000,0.0006024096385542169
1628634282000,0.0
1628634312000,0.0006067961165048543
1628634342000,0.0
1628634372000,0.0
1628634402000,0.0
1628634432000,0.0
1628634462000,0.0005970149253731342
1628634492000,0.0006067961165048543
1628634522000,0.0
1628634552000,0.0006097560975609756
1628634582000,0.0
1628634612000,0.0
1628634642000,0.0
1628634672000,0.0006116207951070336
1628634702000,0.0
1628634732000,0.0
1628634762000,0.0
1628634792000,0.0
1628634822000,0.0
1628634852000,0.0
1628634882000,0.0
1628634912000,0.0
1628634942000,0.0
1628634972000,0.0
1628635002000,0.0
1628635032000,0.0
1628635062000,0.0
1628635092000,0.0005998800239952009
1628635122000,0.0
1628635152000,0.0
1628635182000,0.0006238303181534623
1628635212000,0.0
1628635242000,0.0
1628635272000,0.0006138735420503376
1628635302000,0.0
1628635332000,0.0
1628635362000,0.0
1628635392000,0.0
1628635422000,0.0005973715651135006
1628635452000,0.0
1628635482000,0.0
1628635512000,0.0
1628635542000,0.0
1628635572000,0.0006203473945409428
1628635602000,0.0
1628635632000,0.0006093845216331506
1628635662000,0.0005924170616113746
1628635692000,0.0005871990604815032
1628635722000,0.0
1628635752000,0.0
1628635782000,0.0005955926146515784
1628635812000,0.0005966587112171838
1628635842000,0.0
1628635872000,0.0006045949214026603
1628635902000,0.0
1628635932000,0.0
1628635962000,0.0005977286312014345
1628635992000,0.0005903187721369539
1628636022000,0.0
1628636052000,0.0005889281507656067
1628636082000,0.0006101281269066504
1628636112000,0.0006093845216331506
1628636142000,0.0006042296072507553
1628636172000,0.0
1628636202000,0.0
1628636232000,0.0
1628636262000,0.0
1628636292000,0.0
1628636322000,0.0006112469437652813
1628636352000,0.0
1628636382000,0.0006071645415907711
1628636412000,0.0
1628636442000,0.0
1628636472000,0.0
1628636502000,0.0
1628636532000,0.0
1628636562000,0.0005934718100890207
1628636592000,0.0006067961165048543
1628636622000,0.0
1628636652000,0.0006105006105006105
1628636682000,0.0
1628636712000,0.0
1628636742000,0.0
1628636772000,0.00121580547112462
1628636802000,0.0
1628636832000,0.0
1628636862000,0.0
1628636892000,0.0006146281499692684
1628636922000,0.0011983223487118035
1628636952000,0.0
1628636982000,0.0
1628637012000,0.0006093845216331506
1628637042000,0.0006002400960384152
1628637072000,0.0006161429451632778
1628637102000,0.0
1628637132000,0.0
1628637162000,0.0
1628637192000,0.0
1628637222000,0.0005892751915144372
1628637252000,0.0005963029218843173
1628637282000,0.0
1628637312000,0.0
1628637342000,0.0
1628637372000,0.0005977286312014345
1628637402000,0.0
1628637432000,0.0005959475566150177
1628637462000,0.0
1628637492000,0.0
1628637522000,0.0006101281269066504
1628637552000,0.0
1628637582000,0.0006142506142506142
1628637612000,0.0
1628637642000,0.0
1628637672000,0.0
1628637702000,0.0
1628637732000,0.0
1628637762000,0.0
1628637792000,0.0006199628022318662
1628637822000,0.0
1628637852000,0.0
1628637882000,0.0
1628637912000,0.0
1628637942000,0.0
1628637972000,0.0
1628638002000,0.0006013229104028864
1628638032000,0.0
1628638062000,0.0
1628638092000,0.0
1628638122000,0.0
1628638152000,0.0
1628638182000,0.0
1628638212000,0.0
1628638242000,0.0006172839506172839
1628638272000,0.0
1628638302000,0.0
1628638332000,0.0
1628638362000,0.0006042296072507553
1628638392000,0.0
1628638422000,0.0
1628638452000,0.0
1628638482000,0.0006064281382656155
1628638512000,0.0006020469596628537
1628638542000,0.0
1628638572000,0.0
1628638602000,0.0
1628638632000,0.0006064281382656155
1628638662000,0.0
1628638692000,0.0
1628638722000,0.0006035003017501509
1628638752000,0.0006079027355623102
1628638782000,0.0
1628638812000,0.0
1628638842000,0.0
1628638872000,0.0
1628638902000,0.0006101281269066504
1628638932000,0.0
1628638962000,0.0
1628638992000,0.0
1628639022000,0.0
1628639052000,0.0005991611743559018
1628639082000,0.0
1628639112000,0.0
1628639142000,0.0005970149253731342
1628639172000,0.0
1628639202000,0.0
1628639232000,0.0
1628639262000,0.0
1628639292000,0.0
1628639322000,0.0
1628639352000,0.0
1628639382000,0.0
1628639412000,0.0006053268765133173
1628639442000,0.0
1628639472000,0.0
1628639502000,0.0
1628639532000,0.0
1628639562000,0.0006006006006006006
1628639592000,0.0
1628639622000,0.0
1628639652000,0.0
1628639682000,0.0
1628639712000,0.0
1628639742000,0.0
1628639772000,0.0005924170616113746
1628639802000,0.0005973715651135006
1628639832000,0.0
1628639862000,0.0
1628639892000,0.0006020469596628537
1628639922000,0.0
1628639952000,0.0006127450980392157
1628639982000,0.0006056935190793457
1628640012000,0.0005991611743559018
1628640042000,0.0
1628640072000,0.0006093845216331506
1628640102000,0.0
1628640132000,0.0
1628640162000,0.0006024096385542169
1628640192000,0.0
1628640222000,0.0
1628640252000,0.0
1628640282000,0.0
1628640312000,0.0
1628640342000,0.0
1628640372000,0.0
1628640402000,0.0006097560975609756
1628640432000,0.0
1628640462000,0.0
1628640492000,0.0006086427267194157
1628640522000,0.0006035003017501509
1628640552000,0.0006150061500615006
1628640582000,0.0005934718100890207
1628640612000,0.0006020469596628537
1628640642000,0.0
1628640672000,0.0
1628640702000,0.0
1628640732000,0.0
1628640762000,0.0005980861244019139
1628640792000,0.0005984440454817473
1628640822000,0.0006082725060827251
1628640852000,0.0
1628640882000,0.0
1628640912000,0.0005837711617046117
1628640942000,0.0
1628640972000,0.0
1628641002000,0.0
1628641032000,0.0
1628641062000,0.0
1628641092000,0.0006006006006006006
1628641122000,0.0
1628641152000,0.0
1628641182000,0.0006176652254478072
1628641212000,0.0
1628641242000,0.0
1628641272000,0.0
1628641302000,0.0
1628641332000,0.0006067961165048543
1628641362000,0.0
1628641392000,0.0
1628641422000,0.0
1628641452000,0.0006020469596628537
1628641482000,0.0005847953216374268
1628641512000,0.0005924170616113746
1628641542000,0.0011890606420927464
1628641572000,0.0
1628641602000,0.000585480093676815
1628641632000,0.0
1628641662000,0.0
1628641692000,0.0006127450980392157
1628641722000,0.0
1628641752000,0.0
1628641782000,0.0005899705014749262
1628641812000,0.0
1628641842000,0.0
1628641872000,0.0
1628641902000,0.0
1628641932000,0.0
1628641962000,0.0
1628641992000,0.0005920663114268798
1628642022000,0.0
1628642052000,0.0
1628642082000,0.0
1628642112000,0.0
1628642142000,0.0
1628642172000,0.0
1628642202000,0.0
1628642232000,0.0
1628642262000,0.0
1628642292000,0.0
1628642322000,0.0006002400960384152
1628642352000,0.0
1628642382000,0.0
1628642412000,0.0
1628642442000,0.0
1628642472000,0.0006049606775559589
1628642502000,0.0005899705014749262
1628642532000,0.0
1628642562000,0.0005910165484633571
1628642592000,0.0
1628642622000,0.0
1628642652000,0.0006153846153846153
1628642682000,0.0
1628642712000,0.0
1628642742000,0.0
1628642772000,0.0011448196908986836
1628642802000,0.0
1628642832000,0.0
1628642862000,0.0006020469596628537
1628642892000,0.0
1628642922000,0.0006038647342995169
1628642952000,0.0
1628642982000,0.0
1628643012000,0.0
1628643042000,0.0
1628643072000,0.0
1628643102000,0.0
1628643132000,0.0
1628643162000,0.0
1628643192000,0.0
1628643222000,0.0
1628643252000,0.0
1628643282000,0.0
1628643312000,0.0
1628643342000,0.0
1628643372000,0.0
1628643402000,0.0
1628643432000,0.0006199628022318662
1628643462000,0.0
1628643492000,0.0
1628643522000,0.0006172839506172839
1628643552000,0.0005824111822947001
1628643582000,0.0
1628643612000,0.0
1628643642000,0.0
1628643672000,0.0006064281382656155
1628643702000,0.0
1628643732000,0.0006090133982947625
1628643762000,0.0
1628643792000,0.0006049606775559589
1628643822000,0.0
1628643852000,0.0006035003017501509
1628643882000,0.0
1628643912000,0.0006045949214026603
1628643942000,0.0005980861244019139
1628643972000,0.0
1628644002000,0.0006157635467980296
1628644032000,0.0006067961165048543
1628644062000,0.0006153846153846153
1628644092000,0.0
1628644122000,0.0012099213551119178
1628644152000,0.0006082725060827251
1628644182000,0.0005970149253731342
1628644212000,0.0006161429451632778
1628644242000,0.0
1628644272000,0.0
1628644302000,0.0
1628644332000,0.0
1628644362000,0.0
1628644392000,0.0006013229104028864
1628644422000,0.0006013229104028864
1628644452000,0.0
1628644482000,0.0006013229104028864
1628644512000,0.0006020469596628537
1628644542000,0.0
1628644572000,0.0
1628644602000,0.0
1628644632000,0.0
1628644662000,0.0
1628644692000,0.0
1628644722000,0.0
1628644752000,0.0
1628644782000,0.0006079027355623102
1628644812000,0.0
1628644842000,0.0
1628644872000,0.0006027727546714887
1628644902000,0.000585480093676815
1628644932000,0.0006112469437652813
1628644962000,0.0
1628644992000,0.0006053268765133173
1628645022000,0.0
1628645052000,0.0
1628645082000,0.0006002400960384152
1628645112000,0.0012195121951219512
1628645142000,0.0
1628645172000,0.0
1628645202000,0.0
1628645232000,0.0
1628645262000,0.0
1628645292000,0.0006056935190793457
1628645322000,0.0
1628645352000,0.0006060606060606062
1628645382000,0.0
1628645412000,0.0
1628645442000,0.0
1628645472000,0.0
1628645502000,0.0005973715651135006
1628645532000,0.0
1628645562000,0.0006016847172081829
1628645592000,0.0
1628645622000,0.0
1628645652000,0.0
1628645682000,0.0
1628645712000,0.0005871990604815032
1628645742000,0.0006112469437652813
1628645772000,0.0
1628645802000,0.0006075334143377885
1628645832000,0.0
1628645862000,0.0
1628645892000,0.0
1628645922000,0.0
1628645952000,0.0006071645415907711
1628645982000,0.0
1628646012000,0.0
1628646042000,0.0
1628646072000,0.0
1628646102000,0.0006150061500615006
1628646132000,0.0
1628646162000,0.0006009615384615385
1628646192000,0.0006079027355623102
1628646222000,0.0006009615384615385
1628646252000,0.0
1628646282000,0.0
1628646312000,0.0006013229104028864
1628646342000,0.0
1628646372000,0.0
1628646402000,0.0
1628646432000,0.0
1628646462000,0.0
1628646492000,0.0
1628646522000,0.0006020469596628537
1628646552000,0.0006027727546714887
1628646582000,0.0006038647342995169
1628646612000,0.0006035003017501509
1628646642000,0.0
1628646672000,0.0
1628646702000,0.0
1628646732000,0.0
1628646762000,0.0
1628646792000,0.0
1628646822000,0.0005973715651135006
1628646852000,0.0
1628646882000,0.0006188118811881187
1628646912000,0.0
1628646942000,0.0
1628646972000,0.0
1628647002000,0.0
1628647032000,0.0005995203836930455
1628647062000,0.0006203473945409428
1628647092000,0.0006075334143377885
1628647122000,0.0006024096385542169
1628647152000,0.0
1628647182000,0.0006180469715698393
1628647212000,0.0
1628647242000,0.0005913660555884093
1628647272000,0.0006199628022318662
1628647302000,0.0
1628647332000,0.0
1628647362000,0.0
1628647392000,0.0006035003017501509
1628647422000,0.0
1628647452000,0.0
1628647482000,0.0006082725060827251
1628647512000,0.0006176652254478072
1628647542000,0.0006169031462060457
1628647572000,0.0
1628647602000,0.0
1628647632000,0.0
1628647662000,0.0005988023952095807
1628647692000,0.0
1628647722000,0.0
1628647752000,0.0
1628647782000,0.0
1628647812000,0.0006134969325153375
1628647842000,0.0005995203836930455
1628647872000,0.0
1628647902000,0.0
1628647932000,0.0006112469437652813
1628647962000,0.0
1628647992000,0.0006101281269066504
1628648022000,0.0
1628648052000,0.0
1628648082000,0.0
1628648112000,0.0
1628648142000,0.0
1628648172000,0.0006064281382656155
1628648202000,0.0005995203836930455
1628648232000,0.0
1628648262000,0.0
1628648292000,0.0
1628648322000,0.0006127450980392157
1628648352000,0.0
1628648382000,0.0
1628648412000,0.0006016847172081829
1628648442000,0.0
1628648472000,0.0
1628648502000,0.0006172839506172839
1628648532000,0.0006064281382656155
1628648562000,0.0006161429451632778
1628648592000,0.0006013229104028864
1628648622000,0.0006116207951070336
1628648652000,0.0005813953488372093
1628648682000,0.0
1628648712000,0.0006002400960384152
1628648742000,0.0006035003017501509
1628648772000,0.0
1628648802000,0.0005977286312014345
1628648832000,0.0006075334143377885
1628648862000,0.0
1628648892000,0.0006097560975609756
1628648922000,0.0
1628648952000,0.0
1628648982000,0.0
1628649012000,0.0
1628649042000,0.0
1628649072000,0.0
1628649102000,0.0
1628649132000,0.0
1628649162000,0.0006086427267194157
1628649192000,0.0
1628649222000,0.0
1628649252000,0.0
1628649282000,0.0
1628649312000,0.0
1628649342000,0.0
1628649372000,0.0
1628649402000,0.0
1628649432000,0.0
1628649462000,0.0
1628649492000,0.0
1628649522000,0.0
1628649552000,0.0
1628649582000,0.0005988023952095807
1628649612000,0.0006013229104028864
1628649642000,0.0
1628649672000,0.0
1628649702000,0.0005931198102016608
1628649732000,0.0
1628649762000,0.0006101281269066504
1628649792000,0.0006013229104028864
1628649822000,0.0
1628649852000,0.0006203473945409428
1628649882000,0.0
1628649912000,0.0
1628649942000,0.0
1628649972000,0.0
1628650002000,0.0
1628650032000,0.0
1628650062000,0.0
1628650092000,0.0
1628650122000,0.0
1628650152000,0.0
1628650182000,0.0006112469437652813
1628650212000,0.0
1628650242000,0.0006086427267194157
1628650272000,0.0006013229104028864
1628650302000,0.0006146281499692684
1628650332000,0.0006053268765133173
1628650362000,0.0
1628650392000,0.0
1628650422000,0.0
1628650452000,0.0006101281269066504
1628650482000,0.0006116207951070336
1628650512000,0.0
1628650542000,0.0
1628650572000,0.0
1628650602000,0.0005851375073142189
1628650632000,0.0
1628650662000,0.0
1628650692000,0.0006045949214026603
1628650722000,0.0
1628650752000,0.0
1628650782000,0.0
1628650812000,0.0
1628650842000,0.0
1628650872000,0.0
1628650902000,0.0
1628650932000,0.0
1628650962000,0.0006131207847946045
1628650992000,0.0
1628651022000,0.0
1628651052000,0.0
1628651082000,0.0006138735420503376
1628651112000,0.0
1628651142000,0.0
1628651172000,0.0
1628651202000,0.0
1628651232000,0.0005938242280285036
1628651262000,0.0
1628651292000,0.0
1628651322000,0.0006038647342995169
1628651352000,0.0005998800239952009
1628651382000,0.0
1628651412000,0.0005841121495327102
1628651442000,0.0005917159763313611
1628651472000,0.0
1628651502000,0.0
1628651532000,0.0006060606060606062
1628651562000,0.0
1628651592000,0.0
1628651622000,0.0
1628651652000,0.0006056935190793457
1628651682000,0.0
1628651712000,0.0
1628651742000,0.0
1628651772000,0.0
1628651802000,0.0
1628651832000,0.0
1628651862000,0.0011876484560570072
1628651892000,0.0006123698714023269
1628651922000,0.0006127450980392157
1628651952000,0.0005948839976204639
1628651982000,0.0
1628652012000,0.0
1628652042000,0.0
1628652072000,0.0
1628652102000,0.0
1628652132000,0.0005973715651135006
1628652162000,0.0
1628652192000,0.0005924170616113746
1628652222000,0.0
1628652252000,0.0006150061500615006
1628652282000,0.0
1628652312000,0.0
1628652342000,0.0
1628652372000,0.0006082725060827251
1628652402000,0.0
1628652432000,0.0006172839506172839
1628652462000,0.0
1628652492000,0.0
1628652522000,0.0
1628652552000,0.0
1628652582000,0.0
1628652612000,0.0006056935190793457
1628652642000,0.0
1628652672000,0.0
1628652702000,0.0
1628652732000,0.0006060606060606062
1628652762000,0.0006191950464396285
1628652792000,0.0
1628652822000,0.0005973715651135006
1628652852000,0.0006045949214026603
1628652882000,0.0
1628652912000,0.0
1628652942000,0.0
1628652972000,0.0
1628653002000,0.0006082725060827251
1628653032000,0.0006082725060827251
1628653062000,0.0
1628653092000,0.0006024096385542169
1628653122000,0.0
1628653152000,0.0006038647342995169
1628653182000,0.0
1628653212000,0.0011976047904191614
1628653242000,0.0006142506142506142
1628653272000,0.0005892751915144372
1628653302000,0.0
1628653332000,0.0
1628653362000,0.0
1628653392000,0.0
1628653422000,0.0
1628653452000,0.0012026458208057728
1628653482000,0.0006045949214026603
1628653512000,0.0006031363088057902
1628653542000,0.0005988023952095807
1628653572000,0.0
1628653602000,0.0
1628653632000,0.0005913660555884093
1628653662000,0.0006127450980392157
1628653692000,0.0
1628653722000,0.0
1628653752000,0.0005875440658049354
1628653782000,0.0
1628653812000,0.0
1628653842000,0.0
1628653872000,0.0
1628653902000,0.0005931198102016608
1628653932000,0.0
1628653962000,0.0
1628653992000,0.0
1628654022000,0.0
1628654052000,0.0
1628654082000,0.0
1628654112000,0.0
1628654142000,0.0
1628654172000,0.0
1628654202000,0.0
1628654232000,0.0006146281499692684
1628654262000,0.0
1628654292000,0.0
1628654322000,0.0
1628654352000,0.0
1628654382000,0.0
1628654412000,0.0006184291898577612
1628654442000,0.0006112469437652813
1628654472000,0.0
1628654502000,0.0005931198102016608
1628654532000,0.0
1628654562000,0.0
1628654592000,0.0006097560975609756
1628654622000,0.0005945303210463732
1628654652000,0.0
1628654682000,0.0
1628654712000,0.0
1628654742000,0.0
1628654772000,0.0005970149253731342
1628654802000,0.0
1628654832000,0.0006053268765133173
1628654862000,0.0
1628654892000,0.0
1628654922000,0.0005865102639296188
1628654952000,0.0
1628654982000,0.0
1628655012000,0.0
1628655042000,0.0
1628655072000,0.0006056935190793457
1628655102000,0.0
1628655132000,0.0
1628655162000,0.0
1628655192000,0.0
1628655222000,0.0
1628655252000,0.0
1628655282000,0.0
1628655312000,0.0
1628655342000,0.0006123698714023269
1628655372000,0.0005948839976204639
1628655402000,0.0
1628655432000,0.0
1628655462000,0.0
1628655492000,0.0
1628655522000,0.0
1628655552000,0.0
1628655582000,0.0
1628655612000,0.0006123698714023269
1628655642000,0.0
1628655672000,0.0006172839506172839
1628655702000,0.0
1628655732000,0.0006097560975609756
1628655762000,0.0006002400960384152
1628655792000,0.0
1628655822000,0.0
1628655852000,0.0006127450980392157
1628655882000,0.0
1628655912000,0.0
1628655942000,0.0
1628655972000,0.0
1628656002000,0.0
1628656032000,0.0
1628656062000,0.0006153846153846153
1628656092000,0.0
1628656122000,0.0
1628656152000,0.0
1628656182000,0.0
1628656212000,0.0006176652254478072
1628656242000,0.0005970149253731342
1628656272000,0.0006142506142506142
1628656302000,0.0
1628656332000,0.0
1628656362000,0.0
1628656392000,0.0
1628656422000,0.0
1628656452000,0.0
1628656482000,0.0006002400960384152
1628656512000,0.0006191950464396285
1628656542000,0.0
1628656572000,0.0
1628656602000,0.0
1628656632000,0.0005892751915144372
1628656662000,0.0
1628656692000,0.0
1628656722000,0.0
1628656752000,0.0
1628656782000,0.0
1628656812000,0.0006093845216331506
1628656842000,0.0006108735491753207
1628656872000,0.0
1628656902000,0.0005913660555884093
1628656932000,0.0005973715651135006
1628656962000,0.0006138735420503376
1628656992000,0.0
1628657022000,0.0005984440454817473
1628657052000,0.0005931198102016608
1628657082000,0.0
1628657112000,0.0006093845216331506
1628657142000,0.0
1628657172000,0.0
1628657202000,0.0
1628657232000,0.0005941770647653001
1628657262000,0.0005963029218843173
1628657292000,0.0
1628657322000,0.0
1628657352000,0.0005991611743559018
1628657382000,0.0
1628657412000,0.0
1628657442000,0.0
1628657472000,0.0006150061500615006
1628657502000,0.0006056935190793457
1628657532000,0.0005984440454817473
1628657562000,0.0
1628657592000,0.0006071645415907711
1628657622000,0.0
1628657652000,0.0
1628657682000,0.0005941770647653001
1628657712000,0.0
1628657742000,0.0006009615384615385
1628657772000,0.0
1628657802000,0.0
1628657832000,0.0
1628657862000,0.0
1628657892000,0.0
1628657922000,0.0
1628657952000,0.0006067961165048543
1628657982000,0.0
1628658012000,0.0005995203836930455
1628658042000,0.0006035003017501509
1628658072000,0.0
1628658102000,0.0006079027355623102
1628658132000,0.0
1628658162000,0.0006060606060606062
1628658192000,0.0
1628658222000,0.0
1628658252000,0.0
1628658282000,0.0
1628658312000,0.0005931198102016608
1628658342000,0.0
1628658372000,0.0
1628658402000,0.0
1628658432000,0.0006016847172081829
1628658462000,0.0006123698714023269
1628658492000,0.0
1628658522000,0.0006101281269066504
1628658552000,0.0
1628658582000,0.0006112469437652813
1628658612000,0.0
1628658642000,0.0005980861244019139
1628658672000,0.0005892751915144372
1628658702000,0.0006086427267194157
1628658732000,0.0
1628658762000,0.0
1628658792000,0.0005984440454817473
1628658822000,0.0
1628658852000,0.0
1628658882000,0.0
1628658912000,0.0
1628658942000,0.0
1628658972000,0.0
1628659002000,0.0
1628659032000,0.0
1628659062000,0.0
1628659092000,0.0006013229104028864
1628659122000,0.0
1628659152000,0.0005906674542232723
1628659182000,0.0
1628659212000,0.0
1628659242000,0.0005820721769499418
1628659272000,0.0005865102639296188
1628659302000,0.0
1628659332000,0.001180637544273908
1628659362000,0.0
1628659392000,0.0
1628659422000,0.0006082725060827251
1628659452000,0.0011918951132300355
1628659482000,0.0
1628659512000,0.0006024096385542169
1628659542000,0.0005931198102016608
1628659572000,0.0
1628659602000,0.0006016847172081829
1628659632000,0.0
1628659662000,0.0
1628659692000,0.0006116207951070336
1628659722000,0.0
1628659752000,0.0
1628659782000,0.0
1628659812000,0.0
1628659842000,0.0005938242280285036
1628659872000,0.0
1628659902000,0.0
1628659932000,0.0005963029218843173
1628659962000,0.0
1628659992000,0.0006184291898577612
1628660022000,0.0
1628660052000,0.0005970149253731342
1628660082000,0.0006157635467980296
1628660112000,0.0
1628660142000,0.0005998800239952009
1628660172000,0.0
1628660202000,0.0
1628660232000,0.0
1628660262000,0.0
1628660292000,0.0
1628660322000,0.0
1628660352000,0.0
1628660382000,0.0
1628660412000,0.0
1628660442000,0.0
1628660472000,0.0
1628660502000,0.0
1628660532000,0.0006146281499692684
1628660562000,0.0
1628660592000,0.0005885815185403178
1628660622000,0.0
1628660652000,0.0
1628660682000,0.0
1628660712000,0.0
1628660742000,0.0006053268765133173
1628660772000,0.0
1628660802000,0.0006053268765133173
1628660832000,0.0
1628660862000,0.0
1628660892000,0.0
1628660922000,0.0
1628660952000,0.0
1628660982000,0.0006064281382656155
1628661012000,0.0006056935190793457
1628661042000,0.0
1628661072000,0.0
1628661102000,0.0006108735491753207
1628661132000,0.0
1628661162000,0.0
1628661192000,0.0
1628661222000,0.0
1628661252000,0.0005995203836930455
1628661282000,0.0
1628661312000,0.0
1628661342000,0.0006142506142506142
1628661372000,0.0
1628661402000,0.0
1628661432000,0.0
1628661462000,0.0
1628661492000,0.0
1628661522000,0.0
1628661552000,0.0
1628661582000,0.0
1628661612000,0.0006199628022318662
1628661642000,0.0006116207951070336
1628661672000,0.0006067961165048543
1628661702000,0.0
1628661732000,0.0006093845216331506
1628661762000,0.0
1628661792000,0.0006024096385542169
1628661822000,0.0006060606060606062
1628661852000,0.0
1628661882000,0.0
1628661912000,0.0
1628661942000,0.0006024096385542169
1628661972000,0.0
1628662002000,0.0006191950464396285
1628662032000,0.0
1628662062000,0.0006079027355623102
1628662092000,0.0
1628662122000,0.0005913660555884093
1628662152000,0.0006165228113440197
1628662182000,0.0
1628662212000,0.0005970149253731342
1628662242000,0.0005945303210463732
1628662272000,0.0
1628662302000,0.0006097560975609756
1628662332000,0.0
1628662362000,0.0006016847172081829
1628662392000,0.0
1628662422000,0.0
1628662452000,0.0
1628662482000,0.0006153846153846153
1628662512000,0.0
1628662542000,0.0
1628662572000,0.0006188118811881187
1628662602000,0.0
1628662632000,0.0
1628662662000,0.0
1628662692000,0.0
1628662722000,0.0006079027355623102
1628662752000,0.0
1628662782000,0.0
1628662812000,0.0
1628662842000,0.0
1628662872000,0.0
1628662902000,0.0006071645415907711
1628662932000,0.0006116207951070336
1628662962000,0.0006060606060606062
1628662992000,0.0
1628663022000,0.0
1628663052000,0.0006082725060827251
1628663082000,0.0005938242280285036
1628663112000,0.0
1628663142000,0.0
1628663172000,0.0
1628663202000,0.0
1628663232000,0.0005966587112171838
1628663262000,0.0
1628663292000,0.0
1628663322000,0.0
1628663352000,0.0
1628663382000,0.0
1628663412000,0.0
1628663442000,0.0
1628663472000,0.0
1628663502000,0.0006020469596628537
1628663532000,0.0
1628663562000,0.0006024096385542169
1628663592000,0.0
1628663622000,0.0
1628663652000,0.0005991611743559018
1628663682000,0.0
1628663712000,0.0
1628663742000,0.0
1628663772000,0.0006049606775559589
1628663802000,0.0006031363088057902
1628663832000,0.0
1628663862000,0.0006042296072507553
1628663892000,0.0006150061500615006
1628663922000,0.0006082725060827251
1628663952000,0.0
1628663982000,0.0
1628664012000,0.0
1628664042000,0.0
1628664072000,0.0
1628664102000,0.0
1628664132000,0.0
1628664162000,0.0
1628664192000,0.0
1628664222000,0.0
1628664252000,0.0
1628664282000,0.0005899705014749262
1628664312000,0.0006016847172081829
1628664342000,0.0006038647342995169
1628664372000,0.0005959475566150177
1628664402000,0.0
1628664432000,0.0
1628664462000,0.0005906674542232723
1628664492000,0.0
1628664522000,0.0
1628664552000,0.0
1628664582000,0.0
1628664612000,0.0
1628664642000,0.0006134969325153375
1628664672000,0.0
1628664702000,0.0006027727546714887
1628664732000,0.0
1628664762000,0.0
1628664792000,0.0006067961165048543
1628664822000,0.0006049606775559589
1628664852000,0.0
1628664882000,0.0
1628664912000,0.0006075334143377885
1628664942000,0.0006086427267194157
1628664972000,0.0005931198102016608
1628665002000,0.0
1628665032000,0.0006038647342995169
1628665062000,0.0
1628665092000,0.0
1628665122000,0.0
1628665152000,0.0
1628665182000,0.0
1628665212000,0.0
1628665242000,0.0
1628665272000,0.0
1628665302000,0.0006071645415907711
1628665332000,0.0006038647342995169
1628665362000,0.0012232415902140672
1628665392000,0.0
1628665422000,0.0006127450980392157
1628665452000,0.0
1628665482000,0.0
1628665512000,0.0
1628665542000,0.0
1628665572000,0.0006142506142506142
1628665602000,0.0
1628665632000,0.0
1628665662000,0.0006146281499692684
1628665692000,0.0005910165484633571
1628665722000,0.0
1628665752000,0.0
1628665782000,0.0
1628665812000,0.0005945303210463732
1628665842000,0.0
1628665872000,0.0011834319526627221
1628665902000,0.0
1628665932000,0.0006101281269066504
1628665962000,0.0
1628665992000,0.0
1628666022000,0.0006064281382656155
1628666052000,0.0
1628666082000,0.0
1628666112000,0.0012099213551119178
1628666142000,0.0006024096385542169
1628666172000,0.0
1628666202000,0.0
1628666232000,0.0
1628666262000,0.0006172839506172839
1628666292000,0.0
1628666322000,0.0006027727546714887
1628666352000,0.0
1628666382000,0.001212121212121212
1628666412000,0.0
1628666442000,0.0
1628666472000,0.0006075334143377885
1628666502000,0.0005938242280285036
1628666532000,0.0
1628666562000,0.0
1628666592000,0.0
1628666622000,0.0
1628666652000,0.0
1628666682000,0.0
1628666712000,0.0005948839976204639
1628666742000,0.0
1628666772000,0.0
1628666802000,0.0006035003017501509
1628666832000,0.0
1628666862000,0.0005903187721369539
1628666892000,0.0
1628666922000,0.0
1628666952000,0.0
1628666982000,0.0012026458208057728
1628667012000,0.0
1628667042000,0.0
1628667072000,0.0
1628667102000,0.0
1628667132000,0.0006131207847946045
1628667162000,0.0
1628667192000,0.0
1628667222000,0.0
1628667252000,0.0
1628667282000,0.0
1628667312000,0.0
1628667342000,0.0006006006006006006
1628667372000,0.0
1628667402000,0.0005998800239952009
1628667432000,0.0
1628667462000,0.0
1628667492000,0.0
1628667522000,0.0
1628667552000,0.0
1628667582000,0.0006134969325153375
1628667612000,0.0
1628667642000,0.0
1628667672000,0.0
1628667702000,0.0
1628667732000,0.0006049606775559589
1628667762000,0.0
1628667792000,0.0005991611743559018
1628667822000,0.0
1628667852000,0.0005941770647653001
1628667882000,0.0006123698714023269
1628667912000,0.0
1628667942000,0.0
1628667972000,0.0005980861244019139
1628668002000,0.0
1628668032000,0.0006067961165048543
1628668062000,0.0006157635467980296
1628668092000,0.0
1628668122000,0.0
1628668152000,0.0
1628668182000,0.0
1628668212000,0.0006079027355623102
1628668242000,0.0005966587112171838
1628668272000,0.0
1628668302000,0.0006031363088057902
1628668332000,0.0
1628668362000,0.0
1628668392000,0.0012437810945273634
1628668422000,0.0005899705014749262
1628668452000,0.0005931198102016608
1628668482000,0.0
1628668512000,0.0
1628668542000,0.0
1628668572000,0.0
1628668602000,0.0
1628668632000,0.0
1628668662000,0.0
1628668692000,0.0
1628668722000,0.0
1628668752000,0.0006184291898577612
1628668782000,0.0
1628668812000,0.0006134969325153375
1628668842000,0.0005980861244019139
1628668872000,0.0
1628668902000,0.0005959475566150177
1628668932000,0.0005963029218843173
1628668962000,0.0
1628668992000,0.0
1628669022000,0.0
1628669052000,0.0
1628669082000,0.0
1628669112000,0.0
1628669142000,0.0
1628669172000,0.0006116207951070336
1628669202000,0.0006042296072507553
1628669232000,0.0
1628669262000,0.0006153846153846153
1628669292000,0.0
1628669322000,0.0017921146953405016
1628669352000,0.0
1628669382000,0.0
1628669412000,0.0
1628669442000,0.0005963029218843173
1628669472000,0.0
1628669502000,0.0006035003017501509
1628669532000,0.0
1628669562000,0.0
1628669592000,0.0
1628669622000,0.0005984440454817473
1628669652000,0.0006101281269066504
1628669682000,0.0
1628669712000,0.0
1628669742000,0.0
1628669772000,0.0
1628669802000,0.0
1628669832000,0.0
1628669862000,0.0
1628669892000,0.0
1628669922000,0.0
1628669952000,0.0006105006105006105
1628669982000,0.0012376237623762374
1628670012000,0.0
1628670042000,0.0
1628670072000,0.0
1628670102000,0.0
1628670132000,0.0
1628670162000,0.0
1628670192000,0.0
1628670222000,0.0006002400960384152
1628670252000,0.0006188118811881187
1628670282000,0.0
1628670312000,0.0
1628670342000,0.0
1628670372000,0.0
1628670402000,0.0
1628670432000,0.0
1628670462000,0.0
1628670492000,0.0005988023952095807
1628670522000,0.0
1628670552000,0.0
1628670582000,0.0
1628670612000,0.0
1628670642000,0.0
1628670672000,0.0
1628670702000,0.0
1628670732000,0.0006045949214026603
1628670762000,0.0005959475566150177
1628670792000,0.0006131207847946045
1628670822000,0.0
1628670852000,0.0005995203836930455
1628670882000,0.0006079027355623102
1628670912000,0.0005913660555884093
1628670942000,0.0
1628670972000,0.0
1628671002000,0.0005938242280285036
1628671032000,0.0
1628671062000,0.0
1628671092000,0.0005906674542232723
1628671122000,0.0
1628671152000,0.0
1628671182000,0.0
1628671212000,0.0
1628671242000,0.0006009615384615385
1628671272000,0.0
1628671302000,0.0
1628671332000,0.0006049606775559589
1628671362000,0.0006006006006006006
1628671392000,0.0005991611743559018
1628671422000,0.0006079027355623102
1628671452000,0.0
1628671482000,0.0
1628671512000,0.0
1628671542000,0.0
1628671572000,0.0
1628671602000,0.0
1628671632000,0.0
1628671662000,0.0
1628671692000,0.0
1628671722000,0.0005977286312014345
1628671752000,0.0012338062924120911
1628671782000,0.0006138735420503376
1628671812000,0.0006071645415907711
1628671842000,0.0
1628671872000,0.0
1628671902000,0.0
1628671932000,0.0
1628671962000,0.0012345679012345679
1628671992000,0.0
1628672022000,0.0006172839506172839
1628672052000,0.0006020469596628537
1628672082000,0.0006064281382656155
1628672112000,0.0
1628672142000,0.0
1628672172000,0.0
1628672202000,0.0
1628672232000,0.0
1628672262000,0.0
1628672292000,0.0
1628672322000,0.0006027727546714887
1628672352000,0.0
1628672382000,0.0
1628672412000,0.0
1628672442000,0.0
1628672472000,0.0
1628672502000,0.0
1628672532000,0.0
1628672562000,0.0
1628672592000,0.0
1628672622000,0.0005959475566150177
1628672652000,0.0006038647342995169
1628672682000,0.0
1628672712000,0.0006150061500615006
1628672742000,0.0
1628672772000,0.0
1628672802000,0.0006119951040391675
1628672832000,0.0
1628672862000,0.0
1628672892000,0.0
1628672922000,0.0
1628672952000,0.0005980861244019139
1628672982000,0.0
1628673012000,0.0
1628673042000,0.0006150061500615006
1628673072000,0.0006222775357809582
1628673102000,0.0
1628673132000,0.0
1628673162000,0.0
1628673192000,0.0
1628673222000,0.0
1628673252000,0.0
1628673282000,0.0006082725060827251
1628673312000,0.0
1628673342000,0.0
1628673372000,0.0
1628673402000,0.0
1628673432000,0.0
1628673462000,0.0
1628673492000,0.0006082725060827251
1628673522000,0.000585480093676815
1628673552000,0.0
1628673582000,0.0
1628673612000,0.0
1628673642000,0.0
1628673672000,0.0
1628673702000,0.0006071645415907711
1628673732000,0.0
1628673762000,0.0
1628673792000,0.0
1628673822000,0.0
1628673852000,0.0005948839976204639
1628673882000,0.0006064281382656155
1628673912000,0.0006038647342995169
1628673942000,0.0
1628673972000,0.0006146281499692684
1628674002000,0.0006211180124223603
1628674032000,0.0
1628674062000,0.0005945303210463732
1628674092000,0.0
1628674122000,0.0
1628674152000,0.0
1628674182000,0.0
1628674212000,0.0
1628674242000,0.0
1628674272000,0.0005903187721369539
1628674302000,0.0006079027355623102
1628674332000,0.0
1628674362000,0.0006060606060606062
1628674392000,0.0
1628674422000,0.0006045949214026603
1628674452000,0.0
1628674482000,0.0
1628674512000,0.0006031363088057902
1628674542000,0.0
1628674572000,0.0
1628674602000,0.0005984440454817473
1628674632000,0.0
1628674662000,0.0
1628674692000,0.0006093845216331506
1628674722000,0.0
1628674752000,0.0
1628674782000,0.0006045949214026603
1628674812000,0.0006119951040391675
1628674842000,0.0011926058437686346
1628674872000,0.0
1628674902000,0.0006060606060606062
1628674932000,0.0
1628674962000,0.0
1628674992000,0.0
1628675022000,0.0
1628675052000,0.0006067961165048543
1628675082000,0.0006172839506172839
1628675112000,0.0
1628675142000,0.0
1628675172000,0.0005963029218843173
1628675202000,0.0
1628675232000,0.0
1628675262000,0.0005858230814294082
1628675292000,0.0
1628675322000,0.0
1628675352000,0.0
1628675382000,0.0
1628675412000,0.0006045949214026603
1628675442000,0.0005903187721369539
1628675472000,0.0005966587112171838
1628675502000,0.0
1628675532000,0.0006049606775559589
1628675562000,0.0
1628675592000,0.0
1628675622000,0.0
1628675652000,0.0
1628675682000,0.0006138735420503376
1628675712000,0.0
1628675742000,0.0
1628675772000,0.0006064281382656155
1628675802000,0.0005917159763313611
1628675832000,0.0
1628675862000,0.0
1628675892000,0.0006127450980392157
1628675922000,0.0
1628675952000,0.0
1628675982000,0.0
1628676012000,0.0
1628676042000,0.0006049606775559589
1628676072000,0.0006086427267194157
1628676102000,0.0006035003017501509
1628676132000,0.0
1628676162000,0.0
1628676192000,0.0
1628676222000,0.0
1628676252000,0.0
1628676282000,0.0006093845216331506
1628676312000,0.0
1628676342000,0.0
1628676372000,0.0
1628676402000,0.0
1628676432000,0.0
1628676462000,0.0
1628676492000,0.0
1628676522000,0.0006053268765133173
1628676552000,0.0
1628676582000,0.0006038647342995169
1628676612000,0.0
1628676642000,0.0006013229104028864
1628676672000,0.0
1628676702000,0.0006090133982947625
1628676732000,0.0
1628676762000,0.0012224938875305626
1628676792000,0.0
1628676822000,0.0005998800239952009
1628676852000,0.0
1628676882000,0.0
1628676912000,0.0
1628676942000,0.0
1628676972000,0.0
1628677002000,0.0
1628677032000,0.0
1628677062000,0.0006024096385542169
1628677092000,0.0
1628677122000,0.0006153846153846153
1628677152000,0.0006215040397762585
1628677182000,0.0
1628677212000,0.0006112469437652813
1628677242000,0.0006123698714023269
1628677272000,0.0
1628677302000,0.0006049606775559589
1628677332000,0.0005966587112171838
1628677362000,0.0
1628677392000,0.0
1628677422000,0.0
1628677452000,0.0
1628677482000,0.0
1628677512000,0.0006153846153846153
1628677542000,0.0
1628677572000,0.0
1628677602000,0.0006020469596628537
1628677632000,0.0
1628677662000,0.0
1628677692000,0.0
1628677722000,0.0
1628677752000,0.0
1628677782000,0.0
1628677812000,0.0
1628677842000,0.0006053268765133173
1628677872000,0.0
1628677902000,0.0
1628677932000,0.0
1628677962000,0.0006082725060827251
1628677992000,0.0
1628678022000,0.0
1628678052000,0.0
1628678082000,0.0
1628678112000,0.0
1628678142000,0.0006222775357809582
1628678172000,0.0005973715651135006
1628678202000,0.0006016847172081829
1628678232000,0.0012217470983506415
1628678262000,0.0
1628678292000,0.0
1628678322000,0.0
1628678352000,0.0
1628678382000,0.0
1628678412000,0.0006002400960384152
1628678442000,0.0
1628678472000,0.0
1628678502000,0.0006112469437652813
1628678532000,0.0
1628678562000,0.0
1628678592000,0.0006150061500615006
1628678622000,0.0005817335660267597
1628678652000,0.0
1628678682000,0.0
1628678712000,0.0
1628678742000,0.0005924170616113746
1628678772000,0.0005952380952380952
1628678802000,0.0005938242280285036
1628678832000,0.0005910165484633571
1628678862000,0.0
1628678892000,0.0005955926146515784
1628678922000,0.0006002400960384152
1628678952000,0.0
1628678982000,0.0
1628679012000,0.0006119951040391675
1628679042000,0.0006108735491753207
1628679072000,0.0
1628679102000,0.0
1628679132000,0.0
1628679162000,0.0
1628679192000,0.0
1628679222000,0.0006031363088057902
1628679252000,0.0
1628679282000,0.0
1628679312000,0.0
1628679342000,0.0006082725060827251
1628679372000,0.0
1628679402000,0.0
1628679432000,0.0
1628679462000,0.0006053268765133173
1628679492000,0.0
1628679522000,0.0006031363088057902
1628679552000,0.0
1628679582000,0.0005991611743559018
1628679612000,0.0
1628679642000,0.0005991611743559018
1628679672000,0.0
1628679702000,0.0005995203836930455
1628679732000,0.0006176652254478072
1628679762000,0.0
1628679792000,0.0
1628679822000,0.0
1628679852000,0.0006038647342995169
1628679882000,0.0
1628679912000,0.0
1628679942000,0.0
1628679972000,0.0
1628680002000,0.0
1628680032000,0.0
1628680062000,0.0006049606775559589
1628680092000,0.0
1628680122000,0.0
1628680152000,0.0
1628680182000,0.0006195786864931846
1628680212000,0.0006038647342995169
1628680242000,0.0006119951040391675
1628680272000,0.0
1628680302000,0.0
1628680332000,0.0006045949214026603
1628680362000,0.0
1628680392000,0.0006086427267194157
1628680422000,0.0
1628680452000,0.0005910165484633571
1628680482000,0.0
1628680512000,0.0
1628680542000,0.0
1628680572000,0.0
1628680602000,0.0
1628680632000,0.0
1628680662000,0.0
1628680692000,0.0
1628680722000,0.0
1628680752000,0.0006082725060827251
1628680782000,0.0
1628680812000,0.0
1628680842000,0.0
1628680872000,0.0
1628680902000,0.0
1628680932000,0.0
1628680962000,0.0
1628680992000,0.0
1628681022000,0.0
1628681052000,0.0
1628681082000,0.0
1628681112000,0.0
1628681142000,0.0
1628681172000,0.0
1628681202000,0.0
1628681232000,0.0006131207847946045
1628681262000,0.0
1628681292000,0.0
1628681322000,0.0
1628681352000,0.0
1628681382000,0.0
1628681412000,0.0
1628681442000,0.0
1628681472000,0.0
1628681502000,0.0
1628681532000,0.0005988023952095807
1628681562000,0.0
1628681592000,0.0
1628681622000,0.0
1628681652000,0.0
1628681682000,0.0
1628681712000,0.0
1628681742000,0.0
1628681772000,0.0005931198102016608
1628681802000,0.0
1628681832000,0.0
1628681862000,0.0
1628681892000,0.0
1628681922000,0.0
1628681952000,0.0
1628681982000,0.0
1628682012000,0.0006138735420503376
1628682042000,0.0
1628682072000,0.0
1628682102000,0.0
1628682132000,0.0
1628682162000,0.0
1628682192000,0.0
1628682222000,0.0006146281499692684
1628682252000,0.0
1628682282000,0.0
1628682312000,0.0
1628682342000,0.0
1628682372000,0.0
1628682402000,0.0
1628682432000,0.0006045949214026603
1628682462000,0.0
1628682492000,0.0
1628682522000,0.001218026796589525
1628682552000,0.0006142506142506142
1628682582000,0.0
1628682612000,0.0
1628682642000,0.0
1628682672000,0.0006006006006006006
1628682702000,0.0
1628682732000,0.0
1628682762000,0.0006161429451632778
1628682792000,0.0
1628682822000,0.0
1628682852000,0.0006108735491753207
1628682882000,0.0
1628682912000,0.0005977286312014345
1628682942000,0.0
1628682972000,0.0
1628683002000,0.0
1628683032000,0.0006134969325153375
1628683062000,0.0
1628683092000,0.0
1628683122000,0.0006045949214026603
1628683152000,0.0
1628683182000,0.0
1628683212000,0.0006150061500615006
1628683242000,0.0
1628683272000,0.0
1628683302000,0.0
1628683332000,0.0
1628683362000,0.0
1628683392000,0.0006184291898577612
1628683422000,0.0
1628683452000,0.0006053268765133173
1628683482000,0.0005913660555884093
1628683512000,0.0
1628683542000,0.0
1628683572000,0.0
1628683602000,0.0
1628683632000,0.0
1628683662000,0.0011997600479904018
1628683692000,0.0005995203836930455
1628683722000,0.0
1628683752000,0.0005878894767783657
1628683782000,0.0
1628683812000,0.0
1628683842000,0.0
1628683872000,0.0
1628683902000,0.0
1628683932000,0.0005970149253731342
1628683962000,0.0
1628683992000,0.0
1628684022000,0.0
1628684052000,0.0
1628684082000,0.0
1628684112000,0.0005980861244019139
1628684142000,0.0
1628684172000,0.0
1628684202000,0.0005959475566150177
1628684232000,0.0
1628684262000,0.0006045949214026603
1628684292000,0.0
1628684322000,0.0
1628684352000,0.0005917159763313611
1628684382000,0.0006042296072507553
1628684412000,0.0
1628684442000,0.0
1628684472000,0.0
1628684502000,0.0
1628684532000,0.0
1628684562000,0.0006067961165048543
1628684592000,0.0
1628684622000,0.0
1628684652000,0.0006105006105006105
1628684682000,0.0
1628684712000,0.0006035003017501509
1628684742000,0.0
1628684772000,0.0
1628684802000,0.0
1628684832000,0.0005917159763313611
1628684862000,0.0
1628684892000,0.0
1628684922000,0.0005955926146515784
1628684952000,0.0
1628684982000,0.0006165228113440197
1628685012000,0.0
1628685042000,0.0
1628685072000,0.0
1628685102000,0.0005984440454817473
1628685132000,0.0006138735420503376
1628685162000,0.0
1628685192000,0.0
1628685222000,0.0006176652254478072
1628685252000,0.0
1628685282000,0.0
1628685312000,0.0005998800239952009
1628685342000,0.0006134969325153375
1628685372000,0.0006218905472636817
1628685402000,0.0
1628685432000,0.0
1628685462000,0.0
1628685492000,0.0
1628685522000,0.0006153846153846153
1628685552000,0.0006042296072507553
1628685582000,0.0
1628685612000,0.0006112469437652813
1628685642000,0.0
1628685672000,0.0006045949214026603
1628685702000,0.0
1628685732000,0.0006024096385542169
1628685762000,0.0
1628685792000,0.0
1628685822000,0.0005970149253731342
1628685852000,0.0006075334143377885
1628685882000,0.0
1628685912000,0.0
1628685942000,0.0
1628685972000,0.0
1628686002000,0.0
1628686032000,0.0
1628686062000,0.0006119951040391675
1628686092000,0.0005959475566150177
1628686122000,0.0
1628686152000,0.0
1628686182000,0.0005988023952095807
1628686212000,0.0
1628686242000,0.0
1628686272000,0.0
1628686302000,0.0
1628686332000,0.0006009615384615385
1628686362000,0.0
1628686392000,0.0006075334143377885
1628686422000,0.0
1628686452000,0.0006006006006006006
1628686482000,0.0
1628686512000,0.0006184291898577612
1628686542000,0.0006056935190793457
1628686572000,0.0
1628686602000,0.0006150061500615006
1628686632000,0.0
1628686662000,0.0006009615384615385
1628686692000,0.0
1628686722000,0.0005910165484633571
1628686752000,0.0006067961165048543
1628686782000,0.0006075334143377885
1628686812000,0.0
1628686842000,0.0
1628686872000,0.0
1628686902000,0.0
1628686932000,0.0
1628686962000,0.0
1628686992000,0.0006086427267194157
1628687022000,0.0006045949214026603
1628687052000,0.0
1628687082000,0.0006016847172081829
1628687112000,0.0
1628687142000,0.0
1628687172000,0.0006009615384615385
1628687202000,0.0005984440454817473
1628687232000,0.0006079027355623102
1628687262000,0.0005966587112171838
1628687292000,0.0
1628687322000,0.0
1628687352000,0.0
1628687382000,0.0
1628687412000,0.0
1628687442000,0.0
1628687472000,0.0005959475566150177
1628687502000,0.0
1628687532000,0.0
1628687562000,0.0
1628687592000,0.0006157635467980296
1628687622000,0.0006038647342995169
1628687652000,0.0
1628687682000,0.0
1628687712000,0.0
1628687742000,0.0012360939431396785
1628687772000,0.0
1628687802000,0.0006142506142506142
1628687832000,0.0006056935190793457
1628687862000,0.0
1628687892000,0.0006071645415907711
1628687922000,0.0
1628687952000,0.0
1628687982000,0.0
1628688012000,0.0
1628688042000,0.0
1628688072000,0.0
1628688102000,0.0
1628688132000,0.0
1628688162000,0.0012143290831815425
1628688192000,0.0
1628688222000,0.0
1628688252000,0.0
1628688282000,0.0
1628688312000,0.0
1628688342000,0.0005952380952380952
1628688372000,0.0
1628688402000,0.0
1628688432000,0.0
1628688462000,0.0006119951040391675
1628688492000,0.0006161429451632778
1628688522000,0.0006064281382656155
1628688552000,0.0005803830528148577
1628688582000,0.0005945303210463732
1628688612000,0.0
1628688642000,0.0
1628688672000,0.0006169031462060457
1628688702000,0.0006053268765133173
1628688732000,0.0006045949214026603
1628688762000,0.0005865102639296188
1628688792000,0.0005991611743559018
1628688822000,0.0006157635467980296
1628688852000,0.0006045949214026603
1628688882000,0.0005899705014749262
1628688912000,0.0
1628688942000,0.0006053268765133173
1628688972000,0.0
1628689002000,0.0
1628689032000,0.0
1628689062000,0.0
1628689092000,0.0
1628689122000,0.0
1628689152000,0.0
1628689182000,0.0
1628689212000,0.0
1628689242000,0.0
1628689272000,0.0012172854534388314
1628689302000,0.0
1628689332000,0.0
1628689362000,0.0
1628689392000,0.0
1628689422000,0.0
1628689452000,0.0
1628689482000,0.0
1628689512000,0.0005945303210463732
1628689542000,0.0006006006006006006
1628689572000,0.0
1628689602000,0.0
1628689632000,0.0
1628689662000,0.0
1628689692000,0.0
1628689722000,0.0
1628689752000,0.0
1628689782000,0.0
1628689812000,0.0006207324643078832
1628689842000,0.0
1628689872000,0.0
1628689902000,0.0
1628689932000,0.0005871990604815032
1628689962000,0.0006024096385542169
1628689992000,0.0
1628690022000,0.0005931198102016608
1628690052000,0.0
1628690082000,0.0
1628690112000,0.0005917159763313611
1628690142000,0.0006105006105006105
1628690172000,0.0
1628690202000,0.0
1628690232000,0.0005861664712778429
1628690262000,0.0
1628690292000,0.0
1628690322000,0.0
1628690352000,0.0
1628690382000,0.0
1628690412000,0.0006150061500615006
1628690442000,0.0
1628690472000,0.0
1628690502000,0.0006035003017501509
1628690532000,0.0
1628690562000,0.0
1628690592000,0.0006024096385542169
1628690622000,0.0
1628690652000,0.0
1628690682000,0.0
1628690712000,0.0
1628690742000,0.0006188118811881187
1628690772000,0.0
1628690802000,0.0006042296072507553
1628690832000,0.0006086427267194157
1628690862000,0.0005966587112171838
1628690892000,0.0
1628690922000,0.0
1628690952000,0.0
1628690982000,0.0
1628691012000,0.0
1628691042000,0.0
1628691072000,0.0
1628691102000,0.0
1628691132000,0.0
1628691162000,0.0005959475566150177
1628691192000,0.0
1628691222000,0.0
1628691252000,0.0
1628691282000,0.0
1628691312000,0.0
1628691342000,0.0
1628691372000,0.0006203473945409428
1628691402000,0.0
1628691432000,0.0
1628691462000,0.0005938242280285036
1628691492000,0.0
1628691522000,0.0006079027355623102
1628691552000,0.0
1628691582000,0.0005917159763313611
1628691612000,0.0006024096385542169
1628691642000,0.0
1628691672000,0.0006024096385542169
1628691702000,0.0
1628691732000,0.0
1628691762000,0.0
1628691792000,0.0005941770647653001
1628691822000,0.0
1628691852000,0.0
1628691882000,0.0
1628691912000,0.0
1628691942000,0.0
1628691972000,0.0006093845216331506
1628692002000,0.0
1628692032000,0.0006071645415907711
1628692062000,0.0
1628692092000,0.0005988023952095807
1628692122000,0.0
1628692152000,0.0
1628692182000,0.0006038647342995169
1628692212000,0.0
1628692242000,0.0
1628692272000,0.0006064281382656155
1628692302000,0.0
1628692332000,0.0
1628692362000,0.0
1628692392000,0.0
1628692422000,0.0
1628692452000,0.0006006006006006006
1628692482000,0.0
1628692512000,0.0
1628692542000,0.0
1628692572000,0.0
1628692602000,0.0
1628692632000,0.0
1628692662000,0.0006116207951070336
1628692692000,0.0
1628692722000,0.0006002400960384152
1628692752000,0.0
1628692782000,0.0005903187721369539
1628692812000,0.0
1628692842000,0.0
1628692872000,0.0006086427267194157
1628692902000,0.0
1628692932000,0.0
1628692962000,0.0
1628692992000,0.0
1628693022000,0.0
1628693052000,0.0
1628693082000,0.0006024096385542169
1628693112000,0.0005938242280285036
1628693142000,0.0
1628693172000,0.0005807200929152149
1628693202000,0.0
1628693232000,0.0
1628693262000,0.0
1628693292000,0.0006064281382656155
1628693322000,0.0
1628693352000,0.0006097560975609756
1628693382000,0.0
1628693412000,0.0
1628693442000,0.0
1628693472000,0.0
1628693502000,0.0
1628693532000,0.0
1628693562000,0.0
1628693592000,0.0
1628693622000,0.0
1628693652000,0.0006064281382656155
1628693682000,0.0006146281499692684
1628693712000,0.0
1628693742000,0.0
1628693772000,0.0
1628693802000,0.0
1628693832000,0.0005924170616113746
1628693862000,0.0011983223487118035
1628693892000,0.0
1628693922000,0.0
1628693952000,0.0
1628693982000,0.0
1628694012000,0.0
1628694042000,0.0
1628694072000,0.0
1628694102000,0.0006153846153846153
1628694132000,0.0
1628694162000,0.0006086427267194157
1628694192000,0.0
1628694222000,0.0005924170616113746
1628694252000,0.0
1628694282000,0.0006142506142506142
1628694312000,0.0005998800239952009
1628694342000,0.0006108735491753207
1628694372000,0.0006067961165048543
1628694402000,0.0
1628694432000,0.0006097560975609756
1628694462000,0.0
1628694492000,0.0005865102639296188
1628694522000,0.0
1628694552000,0.0
1628694582000,0.0
1628694612000,0.0
1628694642000,0.0
1628694672000,0.0
1628694702000,0.0
1628694732000,0.0
1628694762000,0.0
1628694792000,0.0
1628694822000,0.0006053268765133173
1628694852000,0.0
1628694882000,0.0
1628694912000,0.0006169031462060457
1628694942000,0.0
1628694972000,0.0
1628695002000,0.0
1628695032000,0.0
1628695062000,0.0
1628695092000,0.0
1628695122000,0.0
1628695152000,0.0
1628695182000,0.0006020469596628537
1628695212000,0.0
1628695242000,0.0
1628695272000,0.0
1628695302000,0.0005885815185403178
1628695332000,0.0
1628695362000,0.0012254901960784314
1628695392000,0.0
1628695422000,0.0
1628695452000,0.0006045949214026603
1628695482000,0.0
1628695512000,0.0
1628695542000,0.0
1628695572000,0.0006134969325153375
1628695602000,0.0006016847172081829
1628695632000,0.0
1628695662000,0.0006002400960384152
1628695692000,0.0
1628695722000,0.0
1628695752000,0.0
1628695782000,0.0
1628695812000,0.0
1628695842000,0.0
1628695872000,0.0
1628695902000,0.0005970149253731342
1628695932000,0.0
1628695962000,0.0
1628695992000,0.0
1628696022000,0.0
1628696052000,0.0006067961165048543
1628696082000,0.0
1628696112000,0.0006169031462060457
1628696142000,0.0
1628696172000,0.0005963029218843173
1628696202000,0.0
1628696232000,0.0006119951040391675
1628696262000,0.0
1628696292000,0.0
1628696322000,0.0
1628696352000,0.0
1628696382000,0.0
1628696412000,0.0006090133982947625
1628696442000,0.0
1628696472000,0.0
1628696502000,0.0
1628696532000,0.0006049606775559589
1628696562000,0.0
1628696592000,0.0006064281382656155
1628696622000,0.0
1628696652000,0.0
1628696682000,0.0
1628696712000,0.0
1628696742000,0.0
1628696772000,0.0
1628696802000,0.0
1628696832000,0.0
1628696862000,0.0
1628696892000,0.0
1628696922000,0.0
1628696952000,0.0
1628696982000,0.0
1628697012000,0.0
1628697042000,0.0006031363088057902
1628697072000,0.0
1628697102000,0.0
1628697132000,0.0
1628697162000,0.0
1628697192000,0.0005885815185403178
1628697222000,0.001226993865030675
1628697252000,0.0
1628697282000,0.0005998800239952009
1628697312000,0.0
1628697342000,0.0006064281382656155
1628697372000,0.0006086427267194157
1628697402000,0.0006020469596628537
1628697432000,0.0006161429451632778
1628697462000,0.0
1628697492000,0.0
1628697522000,0.0
1628697552000,0.0006031363088057902
1628697582000,0.0005980861244019139
1628697612000,0.0
1628697642000,0.0
1628697672000,0.0006191950464396285
1628697702000,0.0
1628697732000,0.0
1628697762000,0.0
1628697792000,0.0006203473945409428
1628697822000,0.0
1628697852000,0.0
1628697882000,0.0
1628697912000,0.0
1628697942000,0.0
1628697972000,0.0006191950464396285
1628698002000,0.0006038647342995169
1628698032000,0.0
1628698062000,0.0
1628698092000,0.0
1628698122000,0.0
1628698152000,0.0005847953216374268
1628698182000,0.0
1628698212000,0.0
1628698242000,0.0
1628698272000,0.0
1628698302000,0.0006153846153846153
1628698332000,0.0
1628698362000,0.0
1628698392000,0.0
1628698422000,0.0006067961165048543
1628698452000,0.0
1628698482000,0.0
1628698512000,0.0006150061500615006
1628698542000,0.0
1628698572000,0.0
1628698602000,0.0006184291898577612
1628698632000,0.0
1628698662000,0.0
1628698692000,0.0
1628698722000,0.0006097560975609756
1628698752000,0.0
1628698782000,0.001218026796589525
1628698812000,0.0
1628698842000,0.0
1628698872000,0.0
1628698902000,0.0
1628698932000,0.0011911852293031567
1628698962000,0.0006020469596628537
1628698992000,0.0
1628699022000,0.0006071645415907711
1628699052000,0.0
1628699082000,0.0
1628699112000,0.0
1628699142000,0.0
1628699172000,0.0005889281507656067
1628699202000,0.0
1628699232000,0.0006067961165048543
1628699262000,0.0006038647342995169
1628699292000,0.0
1628699322000,0.0
1628699352000,0.0
1628699382000,0.0
1628699412000,0.0
1628699442000,0.0
1628699472000,0.0005963029218843173
1628699502000,0.0006093845216331506
1628699532000,0.0
1628699562000,0.0
1628699592000,0.0
1628699622000,0.0
1628699652000,0.0
1628699682000,0.0006086427267194157
1628699712000,0.0
1628699742000,0.0005966587112171838
1628699772000,0.0006082725060827251
1628699802000,0.0006002400960384152
1628699832000,0.0
1628699862000,0.0005924170616113746
1628699892000,0.0005955926146515784
1628699922000,0.0
1628699952000,0.0
1628699982000,0.0
1628700012000,0.0005892751915144372
1628700042000,0.0
1628700072000,0.0
1628700102000,0.0
1628700132000,0.0006056935190793457
1628700162000,0.0
1628700192000,0.0
1628700222000,0.0006169031462060457
1628700252000,0.0
1628700282000,0.0
1628700312000,0.0005871990604815032
1628700342000,0.0
1628700372000,0.0
1628700402000,0.0006013229104028864
1628700432000,0.0
1628700462000,0.0
1628700492000,0.0
1628700522000,0.0
1628700552000,0.0
1628700582000,0.0
1628700612000,0.0
1628700642000,0.0005865102639296188
1628700672000,0.0
1628700702000,0.0
1628700732000,0.0006079027355623102
1628700762000,0.0006064281382656155
1628700792000,0.0
1628700822000,0.0
1628700852000,0.0006123698714023269
1628700882000,0.0006097560975609756
1628700912000,0.0
1628700942000,0.0005977286312014345
1628700972000,0.0
1628701002000,0.0005875440658049354
1628701032000,0.0005920663114268798
1628701062000,0.0
1628701092000,0.0
1628701122000,0.0006027727546714887
1628701152000,0.0006119951040391675
1628701182000,0.0
1628701212000,0.0
1628701242000,0.0
1628701272000,0.0
1628701302000,0.0006079027355623102
1628701332000,0.0012004801920768304
1628701362000,0.0
1628701392000,0.0
1628701422000,0.0
1628701452000,0.0
1628701482000,0.0006172839506172839
1628701512000,0.0
1628701542000,0.0
1628701572000,0.0
1628701602000,0.0
1628701632000,0.0
1628701662000,0.0006169031462060457
1628701692000,0.0006101281269066504
1628701722000,0.0
1628701752000,0.0006116207951070336
1628701782000,0.0
1628701812000,0.0006157635467980296
1628701842000,0.0
1628701872000,0.0
1628701902000,0.0006176652254478072
1628701932000,0.0011947431302270011
1628701962000,0.0
1628701992000,0.0011869436201780415
1628702022000,0.0006020469596628537
1628702052000,0.0
1628702082000,0.0006056935190793457
1628702112000,0.0
1628702142000,0.0
1628702172000,0.0
1628702202000,0.0006056935190793457
1628702232000,0.0
1628702262000,0.0005865102639296188
1628702292000,0.0
1628702322000,0.0006031363088057902
1628702352000,0.0006138735420503376
1628702382000,0.0
1628702412000,0.0005948839976204639
1628702442000,0.0
1628702472000,0.0
1628702502000,0.0
1628702532000,0.0
1628702562000,0.001226241569589209
1628702592000,0.001223990208078335
1628702622000,0.0
1628702652000,0.0
1628702682000,0.0
1628702712000,0.0
1628702742000,0.0006090133982947625
1628702772000,0.0
1628702802000,0.0
1628702832000,0.0
1628702862000,0.0
1628702892000,0.0
1628702922000,0.0
1628702952000,0.0
1628702982000,0.0
1628703012000,0.0006009615384615385
1628703042000,0.0
1628703072000,0.0
1628703102000,0.0
1628703132000,0.0006123698714023269
1628703162000,0.0
1628703192000,0.0
1628703222000,0.0
1628703252000,0.0005970149253731342
1628703282000,0.0
1628703312000,0.0
1628703342000,0.0
1628703372000,0.0
1628703402000,0.0
1628703432000,0.0
1628703462000,0.0006079027355623102
1628703492000,0.0006134969325153375
1628703522000,0.0005963029218843173
1628703552000,0.0012330456226880395
1628703582000,0.0006038647342995169
1628703612000,0.0006215040397762585
1628703642000,0.0005948839976204639
1628703672000,0.0
1628703702000,0.0
1628703732000,0.0
1628703762000,0.0
1628703792000,0.0
1628703822000,0.0
1628703852000,0.0
1628703882000,0.0
1628703912000,0.0006049606775559589
1628703942000,0.0
1628703972000,0.0
1628704002000,0.0
1628704032000,0.0
1628704062000,0.0
1628704092000,0.0
1628704122000,0.0005948839976204639
1628704152000,0.0
1628704182000,0.0
1628704212000,0.0
1628704242000,0.0
1628704272000,0.0
1628704302000,0.0
1628704332000,0.0006064281382656155
1628704362000,0.0
1628704392000,0.0
1628704422000,0.0
1628704452000,0.0005790387955993051
1628704482000,0.0
1628704512000,0.0006090133982947625
1628704542000,0.0
1628704572000,0.0
1628704602000,0.0
1628704632000,0.0005878894767783657
1628704662000,0.0
1628704692000,0.0
1628704722000,0.0
1628704752000,0.0
1628704782000,0.0
1628704812000,0.0006060606060606062
1628704842000,0.0
1628704872000,0.0
1628704902000,0.0006016847172081829
1628704932000,0.0
1628704962000,0.0
1628704992000,0.0
1628705022000,0.0
1628705052000,0.0
1628705082000,0.0006127450980392157
1628705112000,0.0
1628705142000,0.0005885815185403178
1628705172000,0.0
1628705202000,0.0
1628705232000,0.0006020469596628537
1628705262000,0.0
1628705292000,0.0
1628705322000,0.0
1628705352000,0.0
1628705382000,0.0
1628705412000,0.0
1628705442000,0.0
1628705472000,0.0
1628705502000,0.0006086427267194157
1628705532000,0.0
1628705562000,0.0
1628705592000,0.0
1628705622000,0.0
1628705652000,0.0
1628705682000,0.0
1628705712000,0.0
1628705742000,0.0
1628705772000,0.0006086427267194157
1628705802000,0.0
1628705832000,0.0
1628705862000,0.0
1628705892000,0.0
1628705922000,0.0
1628705952000,0.0
1628705982000,0.0006016847172081829
1628706012000,0.0
1628706042000,0.0
1628706072000,0.0
1628706102000,0.0
1628706132000,0.0
1628706162000,0.0
1628706192000,0.0
1628706222000,0.0
1628706252000,0.0
1628706282000,0.0006090133982947625
1628706312000,0.0006134969325153375
1628706342000,0.0005995203836930455
1628706372000,0.0
1628706402000,0.0
1628706432000,0.0005963029218843173
1628706462000,0.0005970149253731342
1628706492000,0.0006056935190793457
1628706522000,0.0006093845216331506
1628706552000,0.0
1628706582000,0.0
1628706612000,0.0
1628706642000,0.0006097560975609756
1628706672000,0.0
1628706702000,0.0006035003017501509
1628706732000,0.0
1628706762000,0.0
1628706792000,0.0
1628706822000,0.0
1628706852000,0.0
1628706882000,0.0
1628706912000,0.0005984440454817473
1628706942000,0.0
1628706972000,0.0
1628707002000,0.0
1628707032000,0.0
1628707062000,0.0
1628707092000,0.0
1628707122000,0.0
1628707152000,0.0
1628707182000,0.0005931198102016608
1628707212000,0.0
1628707242000,0.0
1628707272000,0.0
1628707302000,0.0
1628707332000,0.0
1628707362000,0.0
1628707392000,0.0
1628707422000,0.0
1628707452000,0.0
1628707482000,0.0
1628707512000,0.0
1628707542000,0.0
1628707572000,0.0
1628707602000,0.0006169031462060457
1628707632000,0.0
1628707662000,0.0011841326228537595
1628707692000,0.0005980861244019139
1628707722000,0.0
1628707752000,0.0
1628707782000,0.0
1628707812000,0.0
1628707842000,0.0
1628707872000,0.0006116207951070336
1628707902000,0.0006157635467980296
1628707932000,0.0
1628707962000,0.0
1628707992000,0.0005970149253731342
1628708022000,0.0
1628708052000,0.0005973715651135006
1628708082000,0.0006211180124223603
1628708112000,0.0
1628708142000,0.0
1628708172000,0.0
1628708202000,0.0
1628708232000,0.0006031363088057902
1628708262000,0.0
1628708292000,0.0
1628708322000,0.0
1628708352000,0.0006053268765133173
1628708382000,0.0
1628708412000,0.0006101281269066504
1628708442000,0.0006045949214026603
1628708472000,0.0006093845216331506
1628708502000,0.0
1628708532000,0.0
1628708562000,0.0
1628708592000,0.0
1628708622000,0.0
1628708652000,0.0
1628708682000,0.0
1628708712000,0.0
1628708742000,0.0006071645415907711
1628708772000,0.0
1628708802000,0.0
1628708832000,0.0
1628708862000,0.0
1628708892000,0.0
1628708922000,0.0
1628708952000,0.0
1628708982000,0.0
1628709012000,0.0006013229104028864
1628709042000,0.0
1628709072000,0.0
1628709102000,0.0006045949214026603
1628709132000,0.0
1628709162000,0.0
1628709192000,0.0
1628709222000,0.0
1628709252000,0.0
1628709282000,0.0
1628709312000,0.0005934718100890207
1628709342000,0.0
1628709372000,0.0
1628709402000,0.0
1628709432000,0.0
1628709462000,0.0006071645415907711
1628709492000,0.0
1628709522000,0.0
1628709552000,0.0
1628709582000,0.0006053268765133173
1628709612000,0.0
1628709642000,0.0
1628709672000,0.0
1628709702000,0.0
1628709732000,0.0
1628709762000,0.0
1628709792000,0.0
1628709822000,0.0
1628709852000,0.001195457262402869
1628709882000,0.0
1628709912000,0.0
1628709942000,0.0
1628709972000,0.0
1628710002000,0.0
1628710032000,0.0006108735491753207
1628710062000,0.0
1628710092000,0.0
1628710122000,0.0011855364552459987
1628710152000,0.0
1628710182000,0.0006079027355623102
1628710212000,0.0
1628710242000,0.0
1628710272000,0.0
1628710302000,0.0
1628710332000,0.0
1628710362000,0.0
1628710392000,0.0
1628710422000,0.0
1628710452000,0.0006161429451632778
1628710482000,0.0
1628710512000,0.0
1628710542000,0.0
1628710572000,0.0
1628710602000,0.0
1628710632000,0.0
1628710662000,0.0006082725060827251
1628710692000,0.0
1628710722000,0.0
1628710752000,0.0006064281382656155
1628710782000,0.0005824111822947001
1628710812000,0.0
1628710842000,0.0
1628710872000,0.0006013229104028864
1628710902000,0.0
1628710932000,0.0005991611743559018
1628710962000,0.0
1628710992000,0.0006172839506172839
1628711022000,0.0
1628711052000,0.0
1628711082000,0.0
1628711112000,0.0
1628711142000,0.0
1628711172000,0.0
1628711202000,0.0
1628711232000,0.0012026458208057728
1628711262000,0.0
1628711292000,0.0006142506142506142
1628711322000,0.0
1628711352000,0.0
1628711382000,0.0005945303210463732
1628711412000,0.0006006006006006006
1628711442000,0.0
1628711472000,0.0
1628711502000,0.0
1628711532000,0.0005948839976204639
1628711562000,0.0006138735420503376
1628711592000,0.0
1628711622000,0.0006150061500615006
1628711652000,0.0
1628711682000,0.0006119951040391675
1628711712000,0.0005858230814294082
1628711742000,0.0
1628711772000,0.0
1628711802000,0.0006142506142506142
1628711832000,0.0
1628711862000,0.0
1628711892000,0.0
1628711922000,0.0006006006006006006
1628711952000,0.0
1628711982000,0.0
1628712012000,0.0
1628712042000,0.0
1628712072000,0.0
1628712102000,0.0
1628712132000,0.0
1628712162000,0.0
1628712192000,0.0
1628712222000,0.0006105006105006105
1628712252000,0.0005945303210463732
1628712282000,0.0006086427267194157
1628712312000,0.0
1628712342000,0.0006150061500615006
1628712372000,0.0
1628712402000,0.0
1628712432000,0.0005906674542232723
1628712462000,0.0
1628712492000,0.0006075334143377885
1628712522000,0.0005844535359438924
1628712552000,0.0
1628712582000,0.0
1628712612000,0.0006150061500615006
1628712642000,0.0005977286312014345
1628712672000,0.0
1628712702000,0.0
1628712732000,0.0
1628712762000,0.0005841121495327102
1628712792000,0.0
1628712822000,0.0005920663114268798
1628712852000,0.0
1628712882000,0.0
1628712912000,0.0006150061500615006
1628712942000,0.0
1628712972000,0.0
1628713002000,0.0
1628713032000,0.0
1628713062000,0.0005977286312014345
1628713092000,0.0
1628713122000,0.0
1628713152000,0.0
1628713182000,0.0
1628713212000,0.0
1628713242000,0.0
1628713272000,0.0
1628713302000,0.0
1628713332000,0.0
1628713362000,0.0
1628713392000,0.0
1628713422000,0.0
1628713452000,0.0
1628713482000,0.0
1628713512000,0.0
1628713542000,0.0
1628713572000,0.0
1628713602000,0.0006138735420503376
1628713632000,0.0006056935190793457
1628713662000,0.0
1628713692000,0.0
1628713722000,0.0
1628713752000,0.0
1628713782000,0.0005973715651135006
1628713812000,0.0
1628713842000,0.0
1628713872000,0.0
1628713902000,0.0
1628713932000,0.0
1628713962000,0.0
1628713992000,0.0
1628714022000,0.0
1628714052000,0.0005878894767783657
1628714082000,0.0
1628714112000,0.0
1628714142000,0.0005948839976204639
1628714172000,0.0
1628714202000,0.0
1628714232000,0.0
1628714262000,0.0006222775357809582
1628714292000,0.0
1628714322000,0.0005938242280285036
1628714352000,0.0
1628714382000,0.0
1628714412000,0.0006013229104028864
1628714442000,0.0
1628714472000,0.0006067961165048543
1628714502000,0.0
1628714532000,0.0
1628714562000,0.0
1628714592000,0.0
1628714622000,0.0
1628714652000,0.0
1628714682000,0.0
1628714712000,0.0006176652254478072
1628714742000,0.0
1628714772000,0.0
1628714802000,0.0006060606060606062
1628714832000,0.0
1628714862000,0.0011911852293031567
1628714892000,0.0
1628714922000,0.0006116207951070336
1628714952000,0.0
1628714982000,0.0006169031462060457
1628715012000,0.0
1628715042000,0.0011883541295306002
1628715072000,0.0
1628715102000,0.0
1628715132000,0.0012307692307692306
1628715162000,0.0006064281382656155
1628715192000,0.0
1628715222000,0.0
1628715252000,0.000588235294117647
1628715282000,0.0
1628715312000,0.0
1628715342000,0.0
1628715372000,0.0
1628715402000,0.0
1628715432000,0.0
1628715462000,0.0005931198102016608
1628715492000,0.0
1628715522000,0.0006142506142506142
1628715552000,0.0
1628715582000,0.0
1628715612000,0.0
1628715642000,0.0
1628715672000,0.0
1628715702000,0.0
1628715732000,0.0
1628715762000,0.0
1628715792000,0.0
1628715822000,0.0
1628715852000,0.0005988023952095807
1628715882000,0.0
1628715912000,0.0
1628715942000,0.0
1628715972000,0.0
1628716002000,0.0
1628716032000,0.0
1628716062000,0.0005980861244019139
1628716092000,0.0
1628716122000,0.0
1628716152000,0.0006027727546714887
1628716182000,0.0
1628716212000,0.0
1628716242000,0.0
1628716272000,0.0
1628716302000,0.0005980861244019139
1628716332000,0.0
1628716362000,0.0
1628716392000,0.0
1628716422000,0.0
1628716452000,0.0
1628716482000,0.0005991611743559018
1628716512000,0.0
1628716542000,0.0
1628716572000,0.0
1628716602000,0.0
1628716632000,0.0006195786864931846
1628716662000,0.0
1628716692000,0.001218026796589525
1628716722000,0.0005938242280285036
1628716752000,0.0
1628716782000,0.0
1628716812000,0.0006207324643078832
1628716842000,0.0
1628716872000,0.0006138735420503376
1628716902000,0.0006013229104028864
1628716932000,0.0
1628716962000,0.0
1628716992000,0.0006067961165048543
1628717022000,0.0006049606775559589
1628717052000,0.0
1628717082000,0.0
1628717112000,0.0
1628717142000,0.0006119951040391675
1628717172000,0.0005938242280285036
1628717202000,0.0006020469596628537
1628717232000,0.0
1628717262000,0.0006112469437652813
1628717292000,0.0
1628717322000,0.0
1628717352000,0.0
1628717382000,0.0006226650062266501
1628717412000,0.0011918951132300355
1628717442000,0.0
1628717472000,0.0
1628717502000,0.0
1628717532000,0.0
1628717562000,0.0
1628717592000,0.0
1628717622000,0.0
1628717652000,0.0
1628717682000,0.0
1628717712000,0.0006082725060827251
1628717742000,0.0
1628717772000,0.0005938242280285036
1628717802000,0.0
1628717832000,0.0
1628717862000,0.0
1628717892000,0.0006101281269066504
1628717922000,0.0
1628717952000,0.0006056935190793457
1628717982000,0.0
1628718012000,0.0005998800239952009
1628718042000,0.0005906674542232723
1628718072000,0.0
1628718102000,0.0006142506142506142
1628718132000,0.0
1628718162000,0.0
1628718192000,0.0
1628718222000,0.0
1628718252000,0.0
1628718282000,0.0
1628718312000,0.0
1628718342000,0.0
1628718372000,0.0005973715651135006
1628718402000,0.0
1628718432000,0.0005984440454817473
1628718462000,0.0
1628718492000,0.0
1628718522000,0.0
1628718552000,0.0
1628718582000,0.0
1628718612000,0.0
1628718642000,0.0006064281382656155
1628718672000,0.0
1628718702000,0.0
1628718732000,0.0
1628718762000,0.0
1628718792000,0.0
1628718822000,0.0
1628718852000,0.0006097560975609756
1628718882000,0.0
1628718912000,0.0006064281382656155
1628718942000,0.0
1628718972000,0.0
1628719002000,0.0
1628719032000,0.0
1628719062000,0.0006020469596628537
1628719092000,0.0
1628719122000,0.0
1628719152000,0.0
1628719182000,0.0
1628719212000,0.0
1628719242000,0.0
1628719272000,0.0
1628719302000,0.0
1628719332000,0.0
1628719362000,0.0
1628719392000,0.0005938242280285036
1628719422000,0.0006009615384615385
1628719452000,0.0012062726176115801
1628719482000,0.0
1628719512000,0.0006127450980392157
1628719542000,0.0
1628719572000,0.0
1628719602000,0.0
1628719632000,0.0
1628719662000,0.0
1628719692000,0.0006086427267194157
1628719722000,0.0
1628719752000,0.0
1628719782000,0.0
1628719812000,0.0
1628719842000,0.0005988023952095807
1628719872000,0.0005885815185403178
1628719902000,0.0
1628719932000,0.0
1628719962000,0.0006024096385542169
1628719992000,0.0
1628720022000,0.0
1628720052000,0.001226241569589209
1628720082000,0.0
1628720112000,0.0
1628720142000,0.0
1628720172000,0.0
1628720202000,0.0006101281269066504
1628720232000,0.0011862396204033216
1628720262000,0.0
1628720292000,0.0
1628720322000,0.0006199628022318662
1628720352000,0.0006064281382656155
1628720382000,0.0
1628720412000,0.0
1628720442000,0.0005998800239952009
1628720472000,0.0
1628720502000,0.0
1628720532000,0.0
1628720562000,0.001212121212121212
1628720592000,0.0
1628720622000,0.0
1628720652000,0.0
1628720682000,0.0
1628720712000,0.0
1628720742000,0.0
1628720772000,0.0
1628720802000,0.0
1628720832000,0.0006067961165048543
1628720862000,0.0012195121951219512
1628720892000,0.0006042296072507553
1628720922000,0.0006108735491753207
1628720952000,0.0006150061500615006
1628720982000,0.0
1628721012000,0.0
1628721042000,0.0
1628721072000,0.0
1628721102000,0.0
1628721132000,0.0006067961165048543
1628721162000,0.0005988023952095807
1628721192000,0.0
1628721222000,0.0006123698714023269
1628721252000,0.0
1628721282000,0.0
1628721312000,0.0005995203836930455
1628721342000,0.0
1628721372000,0.0
1628721402000,0.0006042296072507553
1628721432000,0.0
1628721462000,0.0
1628721492000,0.0
1628721522000,0.0
1628721552000,0.0
1628721582000,0.0005910165484633571
1628721612000,0.0011911852293031567
1628721642000,0.0
1628721672000,0.0005861664712778429
1628721702000,0.0006101281269066504
1628721732000,0.0
1628721762000,0.0
1628721792000,0.0
1628721822000,0.0
1628721852000,0.0
1628721882000,0.0
1628721912000,0.0006009615384615385
1628721942000,0.0
1628721972000,0.0006049606775559589
1628722002000,0.0006090133982947625
1628722032000,0.0
1628722062000,0.0
1628722092000,0.0
1628722122000,0.0
1628722152000,0.0006031363088057902
1628722182000,0.0006157635467980296
1628722212000,0.0
1628722242000,0.0
1628722272000,0.0
1628722302000,0.0
1628722332000,0.0
1628722362000,0.0
1628722392000,0.0
1628722422000,0.0
1628722452000,0.0
1628722482000,0.0
1628722512000,0.0005948839976204639
1628722542000,0.0
1628722572000,0.0006086427267194157
1628722602000,0.0
1628722632000,0.0
1628722662000,0.0006027727546714887
1628722692000,0.0
1628722722000,0.0006056935190793457
1628722752000,0.0
1628722782000,0.0006031363088057902
1628722812000,0.0006031363088057902
1628722842000,0.0
1628722872000,0.0006016847172081829
1628722902000,0.0
1628722932000,0.0006013229104028864
1628722962000,0.0
1628722992000,0.0
1628723022000,0.0
1628723052000,0.0
1628723082000,0.0
1628723112000,0.0
1628723142000,0.0006064281382656155
1628723172000,0.0
1628723202000,0.0006086427267194157
1628723232000,0.0
1628723262000,0.0005903187721369539
1628723292000,0.0
1628723322000,0.0
1628723352000,0.0006038647342995169
1628723382000,0.0
1628723412000,0.0
1628723442000,0.0
1628723472000,0.0
1628723502000,0.0
1628723532000,0.0006079027355623102
1628723562000,0.0006024096385542169
1628723592000,0.0
1628723622000,0.0005899705014749262
1628723652000,0.0
1628723682000,0.0
1628723712000,0.0006090133982947625
1628723742000,0.0
1628723772000,0.0005970149253731342
1628723802000,0.0
1628723832000,0.0005938242280285036
1628723862000,0.0
1628723892000,0.0
1628723922000,0.0006082725060827251
1628723952000,0.0
1628723982000,0.0005977286312014345
1628724012000,0.0
1628724042000,0.0
1628724072000,0.0
1628724102000,0.0005945303210463732
1628724132000,0.0
1628724162000,0.0
1628724192000,0.0
1628724222000,0.0
1628724252000,0.0
1628724282000,0.0
1628724312000,0.0
1628724342000,0.0
1628724372000,0.0005991611743559018
1628724402000,0.0006123698714023269
1628724432000,0.0
1628724462000,0.0
1628724492000,0.0
1628724522000,0.0006134969325153375
1628724552000,0.0
1628724582000,0.0
1628724612000,0.0
1628724642000,0.0
1628724672000,0.0
1628724702000,0.0
1628724732000,0.0
1628724762000,0.0
1628724792000,0.0006064281382656155
1628724822000,0.0005973715651135006
1628724852000,0.0
1628724882000,0.0
1628724912000,0.0
1628724942000,0.0
1628724972000,0.0
1628725002000,0.0006002400960384152
1628725032000,0.0
1628725062000,0.0006075334143377885
1628725092000,0.0
1628725122000,0.0
1628725152000,0.0
1628725182000,0.0006146281499692684
1628725212000,0.0
1628725242000,0.0006035003017501509
1628725272000,0.0
1628725302000,0.0
1628725332000,0.0
1628725362000,0.0
1628725392000,0.0
1628725422000,0.0005970149253731342
1628725452000,0.0
1628725482000,0.0
1628725512000,0.0
1628725542000,0.0012143290831815425
1628725572000,0.0
1628725602000,0.0
1628725632000,0.0006127450980392157
1628725662000,0.0005917159763313611
1628725692000,0.0
1628725722000,0.0
1628725752000,0.0
1628725782000,0.0
1628725812000,0.0006013229104028864
1628725842000,0.0
1628725872000,0.0005984440454817473
1628725902000,0.0
1628725932000,0.0
1628725962000,0.0005980861244019139
1628725992000,0.0005977286312014345
1628726022000,0.0005941770647653001
1628726052000,0.0006131207847946045
1628726082000,0.0
1628726112000,0.0006002400960384152
1628726142000,0.0006146281499692684
1628726172000,0.0
1628726202000,0.0
1628726232000,0.0006031363088057902
1628726262000,0.0
1628726292000,0.0
1628726322000,0.0
1628726352000,0.0006157635467980296
1628726382000,0.0
1628726412000,0.0
1628726442000,0.0
1628726472000,0.0
1628726502000,0.0
1628726532000,0.0
1628726562000,0.0
1628726592000,0.0
1628726622000,0.0
1628726652000,0.0006195786864931846
1628726682000,0.0006031363088057902
1628726712000,0.0005803830528148577
1628726742000,0.0005966587112171838
1628726772000,0.0
1628726802000,0.0006049606775559589
1628726832000,0.0006045949214026603
1628726862000,0.0
1628726892000,0.0
1628726922000,0.0006049606775559589
1628726952000,0.0
1628726982000,0.0
1628727012000,0.0005959475566150177
1628727042000,0.0
1628727072000,0.0006112469437652813
1628727102000,0.0
1628727132000,0.0005980861244019139
1628727162000,0.0
1628727192000,0.0
1628727222000,0.0
1628727252000,0.0
1628727282000,0.0005991611743559018
1628727312000,0.0
1628727342000,0.0
1628727372000,0.0
1628727402000,0.0
1628727432000,0.0
1628727462000,0.0005970149253731342
1628727492000,0.0006075334143377885
1628727522000,0.0006153846153846153
1628727552000,0.0
1628727582000,0.0
1628727612000,0.0005988023952095807
1628727642000,0.0
1628727672000,0.0
1628727702000,0.0
1628727732000,0.0006101281269066504
1628727762000,0.0
1628727792000,0.0
1628727822000,0.0
1628727852000,0.0
1628727882000,0.0
1628727912000,0.0
1628727942000,0.0
1628727972000,0.0005938242280285036
1628728002000,0.0005924170616113746
1628728032000,0.0005945303210463732
1628728062000,0.0
1628728092000,0.0
1628728122000,0.0006038647342995169
1628728152000,0.0006172839506172839
1628728182000,0.0
1628728212000,0.0
1628728242000,0.0
1628728272000,0.0005948839976204639
1628728302000,0.0
1628728332000,0.0
1628728362000,0.0005988023952095807
1628728392000,0.0006176652254478072
1628728422000,0.0
1628728452000,0.0012461059190031153
1628728482000,0.0
1628728512000,0.0006079027355623102
1628728542000,0.0006157635467980296
1628728572000,0.0
1628728602000,0.0005963029218843173
1628728632000,0.0
1628728662000,0.0
1628728692000,0.0006134969325153375
1628728722000,0.0005977286312014345
1628728752000,0.0
1628728782000,0.0006165228113440197
1628728812000,0.0
1628728842000,0.0
1628728872000,0.0
1628728902000,0.0
1628728932000,0.0
1628728962000,0.0
1628728992000,0.0
1628729022000,0.0
1628729052000,0.0006142506142506142
1628729082000,0.0
1628729112000,0.0012070006035003018
1628729142000,0.0
1628729172000,0.0005973715651135006
1628729202000,0.0
1628729232000,0.0
1628729262000,0.0005948839976204639
1628729292000,0.0006090133982947625
1628729322000,0.0006020469596628537
1628729352000,0.0
1628729382000,0.0
1628729412000,0.0
1628729442000,0.0006108735491753207
1628729472000,0.0
1628729502000,0.0
1628729532000,0.0012084592145015106
1628729562000,0.0
1628729592000,0.0
1628729622000,0.0006105006105006105
1628729652000,0.0
1628729682000,0.0
1628729712000,0.0
1628729742000,0.0
1628729772000,0.0006067961165048543
1628729802000,0.0
1628729832000,0.0
1628729862000,0.0
1628729892000,0.0
1628729922000,0.0
1628729952000,0.0
1628729982000,0.0
1628730012000,0.0
1628730042000,0.0
1628730072000,0.0
1628730102000,0.0006020469596628537
1628730132000,0.0
1628730162000,0.0
1628730192000,0.0
1628730222000,0.0006053268765133173
1628730252000,0.0
1628730282000,0.0
1628730312000,0.0
1628730342000,0.0005991611743559018
1628730372000,0.0006027727546714887
1628730402000,0.0
1628730432000,0.0006161429451632778
1628730462000,0.0006134969325153375
1628730492000,0.0
1628730522000,0.0
1628730552000,0.0
1628730582000,0.0
1628730612000,0.0006060606060606062
1628730642000,0.0
1628730672000,0.0005995203836930455
1628730702000,0.0006119951040391675
1628730732000,0.0006097560975609756
1628730762000,0.0
1628730792000,0.0
1628730822000,0.0006199628022318662
1628730852000,0.0
1628730882000,0.0
1628730912000,0.0
1628730942000,0.0006067961165048543
1628730972000,0.0
1628731002000,0.0
1628731032000,0.0006188118811881187
1628731062000,0.0
1628731092000,0.0
1628731122000,0.0
1628731152000,0.0
1628731182000,0.0006116207951070336
1628731212000,0.0
1628731242000,0.0
1628731272000,0.0006053268765133173
1628731302000,0.0
1628731332000,0.0
1628731362000,0.0
1628731392000,0.0
1628731422000,0.0
1628731452000,0.0
1628731482000,0.0
1628731512000,0.0005938242280285036
1628731542000,0.0006082725060827251
1628731572000,0.0
1628731602000,0.0
1628731632000,0.0
1628731662000,0.0
1628731692000,0.0
1628731722000,0.0
1628731752000,0.0
1628731782000,0.0
1628731812000,0.0
1628731842000,0.0
1628731872000,0.0
1628731902000,0.0006097560975609756
1628731932000,0.0
1628731962000,0.0005945303210463732
1628731992000,0.0006131207847946045
1628732022000,0.0
1628732052000,0.0
1628732082000,0.0
1628732112000,0.0
1628732142000,0.0
1628732172000,0.0006195786864931846
1628732202000,0.0006075334143377885
1628732232000,0.0
1628732262000,0.0
1628732292000,0.0
1628732322000,0.0
1628732352000,0.0
1628732382000,0.0
1628732412000,0.0006119951040391675
1628732442000,0.0
1628732472000,0.0
1628732502000,0.0
1628732532000,0.0005973715651135006
1628732562000,0.0
1628732592000,0.0
1628732622000,0.0
1628732652000,0.0
1628732682000,0.0
1628732712000,0.0
1628732742000,0.0
1628732772000,0.0
1628732802000,0.0
1628732832000,0.0
1628732862000,0.0
1628732892000,0.0
1628732922000,0.0
1628732952000,0.0
1628732982000,0.0
1628733012000,0.0
1628733042000,0.0006024096385542169
1628733072000,0.0
1628733102000,0.0
1628733132000,0.0
1628733162000,0.0
1628733192000,0.0
1628733222000,0.0006086427267194157
1628733252000,0.0
1628733282000,0.0
1628733312000,0.0
1628733342000,0.0005988023952095807
1628733372000,0.0006045949214026603
1628733402000,0.0
1628733432000,0.0
1628733462000,0.001223990208078335
1628733492000,0.0006045949214026603
1628733522000,0.0
1628733552000,0.0
1628733582000,0.0
1628733612000,0.0
1628733642000,0.0006086427267194157
1628733672000,0.0
1628733702000,0.0006035003017501509
1628733732000,0.0
1628733762000,0.0
1628733792000,0.0
1628733822000,0.0
1628733852000,0.0
1628733882000,0.0
1628733912000,0.0
1628733942000,0.0
1628733972000,0.0
1628734002000,0.0006006006006006006
1628734032000,0.0
1628734062000,0.0006031363088057902
1628734092000,0.0
1628734122000,0.0
1628734152000,0.0
1628734182000,0.0005945303210463732
1628734212000,0.0005948839976204639
1628734242000,0.0
1628734272000,0.0
1628734302000,0.0
1628734332000,0.0
1628734362000,0.0
1628734392000,0.0006112469437652813
1628734422000,0.0006082725060827251
1628734452000,0.0
1628734482000,0.0005952380952380952
1628734512000,0.0
1628734542000,0.0005841121495327102
1628734572000,0.0006176652254478072
1628734602000,0.0
1628734632000,0.0
1628734662000,0.0006172839506172839
1628734692000,0.0
1628734722000,0.0005995203836930455
1628734752000,0.0
1628734782000,0.0006090133982947625
1628734812000,0.0
1628734842000,0.0
1628734872000,0.0
1628734902000,0.0006093845216331506
1628734932000,0.0006112469437652813
1628734962000,0.0006049606775559589
1628734992000,0.0006086427267194157
1628735022000,0.0
1628735052000,0.0006090133982947625
1628735082000,0.0
1628735112000,0.0011723329425556855
1628735142000,0.0
1628735172000,0.0
1628735202000,0.0
1628735232000,0.0
1628735262000,0.0
1628735292000,0.0006165228113440197
1628735322000,0.0
1628735352000,0.0
1628735382000,0.0006031363088057902
1628735412000,0.0
1628735442000,0.0006075334143377885
1628735472000,0.0
1628735502000,0.0006049606775559589
1628735532000,0.0
1628735562000,0.0
1628735592000,0.0
1628735622000,0.0
1628735652000,0.0
1628735682000,0.0006075334143377885
1628735712000,0.0005948839976204639
1628735742000,0.0005931198102016608
1628735772000,0.0
1628735802000,0.0
1628735832000,0.0
1628735862000,0.0
1628735892000,0.0012099213551119178
1628735922000,0.0
1628735952000,0.0005903187721369539
1628735982000,0.0
1628736012000,0.0
1628736042000,0.0
1628736072000,0.0
1628736102000,0.0006035003017501509
1628736132000,0.0
1628736162000,0.0
1628736192000,0.0
1628736222000,0.0
1628736252000,0.0
1628736282000,0.0005889281507656067
1628736312000,0.0
1628736342000,0.0005903187721369539
1628736372000,0.0
1628736402000,0.0
1628736432000,0.0
1628736462000,0.0
1628736492000,0.0
1628736522000,0.0006086427267194157
1628736552000,0.0
1628736582000,0.0
1628736612000,0.0
1628736642000,0.0
1628736672000,0.0006211180124223603
1628736702000,0.0006002400960384152
1628736732000,0.0
1628736762000,0.0006131207847946045
1628736792000,0.0
1628736822000,0.0006042296072507553
1628736852000,0.0005899705014749262
1628736882000,0.0006024096385542169
1628736912000,0.0
1628736942000,0.0
1628736972000,0.0
1628737002000,0.0
1628737032000,0.0
1628737062000,0.0
1628737092000,0.0
1628737122000,0.0
1628737152000,0.0005973715651135006
1628737182000,0.0
1628737212000,0.0
1628737242000,0.0006035003017501509
1628737272000,0.0006127450980392157
1628737302000,0.0006105006105006105
1628737332000,0.0
1628737362000,0.0006009615384615385
1628737392000,0.0
1628737422000,0.0
1628737452000,0.0005984440454817473
1628737482000,0.0006131207847946045
1628737512000,0.0
1628737542000,0.0
1628737572000,0.0
1628737602000,0.0
1628737632000,0.0
1628737662000,0.0
1628737692000,0.0
1628737722000,0.0006002400960384152
1628737752000,0.0
1628737782000,0.0
1628737812000,0.0006020469596628537
1628737842000,0.0005931198102016608
1628737872000,0.0
1628737902000,0.0
1628737932000,0.0
1628737962000,0.0
1628737992000,0.0
1628738022000,0.0
1628738052000,0.0
1628738082000,0.0
1628738112000,0.0006064281382656155
1628738142000,0.0
1628738172000,0.0
1628738202000,0.0006035003017501509
1628738232000,0.0006020469596628537
1628738262000,0.0005995203836930455
1628738292000,0.0006086427267194157
1628738322000,0.0
1628738352000,0.0
1628738382000,0.0006112469437652813
1628738412000,0.0006112469437652813
1628738442000,0.0
1628738472000,0.0005988023952095807
1628738502000,0.0
1628738532000,0.0
1628738562000,0.0
1628738592000,0.001212121212121212
1628738622000,0.0
1628738652000,0.0
1628738682000,0.0
1628738712000,0.0
1628738742000,0.0
1628738772000,0.0006086427267194157
1628738802000,0.0
1628738832000,0.0
1628738862000,0.0
1628738892000,0.0
1628738922000,0.0
1628738952000,0.0006002400960384152
1628738982000,0.0
1628739012000,0.0
1628739042000,0.0005995203836930455
1628739072000,0.0006086427267194157
1628739102000,0.0006157635467980296
1628739132000,0.0006086427267194157
1628739162000,0.0
1628739192000,0.0
1628739222000,0.0
1628739252000,0.0
1628739282000,0.0006176652254478072
1628739312000,0.0
1628739342000,0.0
1628739372000,0.0006157635467980296
1628739402000,0.0
1628739432000,0.000588235294117647
1628739462000,0.0
1628739492000,0.0006138735420503376
1628739522000,0.0005955926146515784
1628739552000,0.0
1628739582000,0.0
1628739612000,0.0005858230814294082
1628739642000,0.0
1628739672000,0.0006009615384615385
1628739702000,0.0
1628739732000,0.0
1628739762000,0.0
1628739792000,0.0
1628739822000,0.0
1628739852000,0.0
1628739882000,0.0005995203836930455
1628739912000,0.0
1628739942000,0.0
1628739972000,0.0
1628740002000,0.0005977286312014345
1628740032000,0.0
1628740062000,0.0006097560975609756
1628740092000,0.0
1628740122000,0.0
1628740152000,0.0
1628740182000,0.0006150061500615006
1628740212000,0.0
1628740242000,0.0
1628740272000,0.0
1628740302000,0.0
1628740332000,0.0
1628740362000,0.0
1628740392000,0.0006067961165048543
1628740422000,0.0006064281382656155
1628740452000,0.0
1628740482000,0.0006027727546714887
1628740512000,0.0006142506142506142
1628740542000,0.0006049606775559589
1628740572000,0.0
1628740602000,0.0
1628740632000,0.0006038647342995169
1628740662000,0.0006093845216331506
1628740692000,0.0
1628740722000,0.0
1628740752000,0.0006013229104028864
1628740782000,0.0
1628740812000,0.0
1628740842000,0.0006067961165048543
1628740872000,0.0
1628740902000,0.0006207324643078832
1628740932000,0.0
1628740962000,0.0
1628740992000,0.0
1628741022000,0.0006067961165048543
1628741052000,0.0
1628741082000,0.0005963029218843173
1628741112000,0.0006027727546714887
1628741142000,0.0
1628741172000,0.0
1628741202000,0.0
1628741232000,0.0
1628741262000,0.0
1628741292000,0.0006090133982947625
1628741322000,0.0
1628741352000,0.0
1628741382000,0.0006138735420503376
1628741412000,0.0
1628741442000,0.0
1628741472000,0.0
1628741502000,0.0
1628741532000,0.0
1628741562000,0.0
1628741592000,0.0
1628741622000,0.0
1628741652000,0.0
1628741682000,0.0
1628741712000,0.0
1628741742000,0.0
1628741772000,0.0
1628741802000,0.0
1628741832000,0.0
1628741862000,0.0006027727546714887
1628741892000,0.0
1628741922000,0.0
1628741952000,0.0
1628741982000,0.0
1628742012000,0.0006119951040391675
1628742042000,0.0006093845216331506
1628742072000,0.0
1628742102000,0.0
1628742132000,0.0005988023952095807
1628742162000,0.0006169031462060457
1628742192000,0.0006009615384615385
1628742222000,0.0006119951040391675
1628742252000,0.0006009615384615385
1628742282000,0.0
1628742312000,0.0
1628742342000,0.0
1628742372000,0.0
1628742402000,0.0
1628742432000,0.0
1628742462000,0.0006119951040391675
1628742492000,0.0006056935190793457
1628742522000,0.0005938242280285036
1628742552000,0.0
1628742582000,0.0
1628742612000,0.0
1628742642000,0.0
1628742672000,0.0
1628742702000,0.0
1628742732000,0.0
1628742762000,0.0
1628742792000,0.0
1628742822000,0.0
1628742852000,0.0
1628742882000,0.0
1628742912000,0.0
1628742942000,0.0006053268765133173
1628742972000,0.0006060606060606062
1628743002000,0.0
1628743032000,0.0
1628743062000,0.0
1628743092000,0.0
1628743122000,0.0
1628743152000,0.0005980861244019139
1628743182000,0.0
1628743212000,0.0005984440454817473
1628743242000,0.0
1628743272000,0.0
1628743302000,0.0005970149253731342
1628743332000,0.0
1628743362000,0.0
1628743392000,0.0
1628743422000,0.0
1628743452000,0.0
1628743482000,0.0
1628743512000,0.000585480093676815
1628743542000,0.0
1628743572000,0.0
1628743602000,0.0
1628743632000,0.0
1628743662000,0.0
1628743692000,0.0005991611743559018
1628743722000,0.0
1628743752000,0.0
1628743782000,0.0
1628743812000,0.0
1628743842000,0.0
1628743872000,0.0
1628743902000,0.0006101281269066504
1628743932000,0.0
1628743962000,0.0006067961165048543
1628743992000,0.0
1628744022000,0.0
1628744052000,0.0
1628744082000,0.0
1628744112000,0.0
1628744142000,0.0006101281269066504
1628744172000,0.0
1628744202000,0.0
1628744232000,0.0
1628744262000,0.0
1628744292000,0.0
1628744322000,0.0
1628744352000,0.0
1628744382000,0.0006191950464396285
1628744412000,0.0
1628744442000,0.0
1628744472000,0.0
1628744502000,0.0
1628744532000,0.0
1628744562000,0.0
1628744592000,0.0006024096385542169
1628744622000,0.0
1628744652000,0.0
1628744682000,0.0
1628744712000,0.0006138735420503376
1628744742000,0.0005998800239952009
1628744772000,0.0
1628744802000,0.0
1628744832000,0.0
1628744862000,0.0
1628744892000,0.0005931198102016608
1628744922000,0.0005966587112171838
1628744952000,0.0
1628744982000,0.0
1628745012000,0.0
1628745042000,0.0
1628745072000,0.0
1628745102000,0.0
1628745132000,0.0006016847172081829
1628745162000,0.0
1628745192000,0.0
1628745222000,0.0012143290831815425
1628745252000,0.0006134969325153375
1628745282000,0.0
1628745312000,0.0
1628745342000,0.0
1628745372000,0.0
1628745402000,0.0005955926146515784
1628745432000,0.0006146281499692684
1628745462000,0.0
1628745492000,0.0
1628745522000,0.0
1628745552000,0.0
1628745582000,0.0
1628745612000,0.0
1628745642000,0.0
1628745672000,0.0
1628745702000,0.0005892751915144372
1628745732000,0.0
1628745762000,0.0
1628745792000,0.0
1628745822000,0.0006031363088057902
1628745852000,0.0006056935190793457
1628745882000,0.0005952380952380952
1628745912000,0.0
1628745942000,0.0006146281499692684
1628745972000,0.0
1628746002000,0.0
1628746032000,0.0
1628746062000,0.0006086427267194157
1628746092000,0.0
1628746122000,0.0
1628746152000,0.0
1628746182000,0.0
1628746212000,0.0006153846153846153
1628746242000,0.0
1628746272000,0.0006075334143377885
1628746302000,0.0
1628746332000,0.0005913660555884093
1628746362000,0.0
1628746392000,0.0
1628746422000,0.0005963029218843173
1628746452000,0.0
1628746482000,0.0
1628746512000,0.0
1628746542000,0.0005963029218843173
1628746572000,0.0005955926146515784
1628746602000,0.0005998800239952009
1628746632000,0.0
1628746662000,0.0
1628746692000,0.0006038647342995169
1628746722000,0.0
1628746752000,0.0
1628746782000,0.0005998800239952009
1628746812000,0.0
1628746842000,0.0
1628746872000,0.0012055455093429774
1628746902000,0.0006079027355623102
1628746932000,0.0011904761904761904
1628746962000,0.0
1628746992000,0.0
1628747022000,0.0006105006105006105
1628747052000,0.0006153846153846153
1628747082000,0.0006172839506172839
1628747112000,0.0
1628747142000,0.0006191950464396285
1628747172000,0.0
1628747202000,0.0006079027355623102
1628747232000,0.0
1628747262000,0.0
1628747292000,0.0006108735491753207
1628747322000,0.0
1628747352000,0.0
1628747382000,0.0
1628747412000,0.0
1628747442000,0.0
1628747472000,0.0
1628747502000,0.0
1628747532000,0.0
1628747562000,0.0006090133982947625
1628747592000,0.0
1628747622000,0.0006127450980392157
1628747652000,0.0
1628747682000,0.0
1628747712000,0.0006020469596628537
1628747742000,0.0
1628747772000,0.0
1628747802000,0.0006090133982947625
1628747832000,0.0
1628747862000,0.0005924170616113746
1628747892000,0.0
1628747922000,0.0006222775357809582
1628747952000,0.0
1628747982000,0.0006060606060606062
1628748012000,0.0
1628748042000,0.0
1628748072000,0.0
1628748102000,0.0
1628748132000,0.0
1628748162000,0.0
1628748192000,0.0
1628748222000,0.0006045949214026603
1628748252000,0.0006093845216331506
1628748282000,0.0006060606060606062
1628748312000,0.0006064281382656155
1628748342000,0.0
1628748372000,0.0
1628748402000,0.0
1628748432000,0.0
1628748462000,0.0
1628748492000,0.0
1628748522000,0.0
1628748552000,0.0
1628748582000,0.0006101281269066504
1628748612000,0.0
1628748642000,0.0
1628748672000,0.0
1628748702000,0.0006049606775559589
1628748732000,0.0006123698714023269
1628748762000,0.0
1628748792000,0.0006142506142506142
1628748822000,0.0
1628748852000,0.0
1628748882000,0.0006218905472636817
1628748912000,0.0006150061500615006
1628748942000,0.0006169031462060457
1628748972000,0.0006123698714023269
1628749002000,0.0
1628749032000,0.0006086427267194157
1628749062000,0.0
1628749092000,0.0
1628749122000,0.0
1628749152000,0.0006075334143377885
1628749182000,0.0006165228113440197
1628749212000,0.0
1628749242000,0.0006060606060606062
1628749272000,0.0
1628749302000,0.0
1628749332000,0.0
1628749362000,0.0005931198102016608
1628749392000,0.0
1628749422000,0.0006031363088057902
1628749452000,0.0
1628749482000,0.0
1628749512000,0.0006060606060606062
1628749542000,0.0
1628749572000,0.0006116207951070336
1628749602000,0.0
1628749632000,0.0
1628749662000,0.0
1628749692000,0.0
1628749722000,0.0
1628749752000,0.0
1628749782000,0.0
1628749812000,0.0
1628749842000,0.0011933174224343676
1628749872000,0.0005973715651135006
1628749902000,0.0
1628749932000,0.0
1628749962000,0.0006169031462060457
1628749992000,0.0
1628750022000,0.0005977286312014345
1628750052000,0.0
1628750082000,0.0
1628750112000,0.0
1628750142000,0.0
1628750172000,0.0
1628750202000,0.0
1628750232000,0.0
1628750262000,0.0
1628750292000,0.0
1628750322000,0.0
1628750352000,0.0
1628750382000,0.0
1628750412000,0.0005878894767783657
1628750442000,0.0006215040397762585
1628750472000,0.0006079027355623102
1628750502000,0.0
1628750532000,0.0
1628750562000,0.0005991611743559018
1628750592000,0.0
1628750622000,0.0
1628750652000,0.0
1628750682000,0.0006082725060827251
1628750712000,0.0005980861244019139
1628750742000,0.0
1628750772000,0.0
1628750802000,0.0
1628750832000,0.0
1628750862000,0.0006049606775559589
1628750892000,0.0
1628750922000,0.0
1628750952000,0.0
1628750982000,0.0
1628751012000,0.0006127450980392157
1628751042000,0.0
1628751072000,0.0
1628751102000,0.0
1628751132000,0.0
1628751162000,0.0006086427267194157
1628751192000,0.0005931198102016608
1628751222000,0.0006172839506172839
1628751252000,0.0
1628751282000,0.0
1628751312000,0.0
1628751342000,0.0
1628751372000,0.0
1628751402000,0.0
1628751432000,0.0006191950464396285
1628751462000,0.0
1628751492000,0.0
1628751522000,0.0006082725060827251
1628751552000,0.0
1628751582000,0.0
1628751612000,0.0011983223487118035
1628751642000,0.0
1628751672000,0.0
1628751702000,0.0
1628751732000,0.0006049606775559589
1628751762000,0.0
1628751792000,0.0
1628751822000,0.0
1628751852000,0.0005938242280285036
1628751882000,0.0
1628751912000,0.0
1628751942000,0.0
1628751972000,0.0
1628752002000,0.0005931198102016608
1628752032000,0.0
1628752062000,0.0
1628752092000,0.0
1628752122000,0.0
1628752152000,0.0006116207951070336
1628752182000,0.0006013229104028864
1628752212000,0.0
1628752242000,0.0
1628752272000,0.0
1628752302000,0.0005899705014749262
1628752332000,0.0005991611743559018
1628752362000,0.0012106537530266347
1628752392000,0.0
1628752422000,0.0006134969325153375
1628752452000,0.0
1628752482000,0.0
1628752512000,0.0
1628752542000,0.0
1628752572000,0.0
1628752602000,0.0006105006105006105
1628752632000,0.0006079027355623102
1628752662000,0.0
1628752692000,0.0
1628752722000,0.0
1628752752000,0.0
1628752782000,0.0006002400960384152
1628752812000,0.0
1628752842000,0.0
1628752872000,0.0
1628752902000,0.0
1628752932000,0.0005844535359438924
1628752962000,0.0005948839976204639
1628752992000,0.0
1628753022000,0.0
1628753052000,0.0005952380952380952
1628753082000,0.0006142506142506142
1628753112000,0.0
1628753142000,0.0
1628753172000,0.0
1628753202000,0.0
1628753232000,0.0
1628753262000,0.0
1628753292000,0.0006053268765133173
1628753322000,0.0006097560975609756
1628753352000,0.0006056935190793457
1628753382000,0.0012224938875305626
1628753412000,0.0006161429451632778
1628753442000,0.0006024096385542169
1628753472000,0.0
1628753502000,0.0
1628753532000,0.0
1628753562000,0.0
1628753592000,0.0
1628753622000,0.0
1628753652000,0.0
1628753682000,0.0
1628753712000,0.0006105006105006105
1628753742000,0.0005924170616113746
1628753772000,0.0
1628753802000,0.0
1628753832000,0.0
1628753862000,0.0
1628753892000,0.0
1628753922000,0.0
1628753952000,0.0011968880909634947
1628753982000,0.0006049606775559589
1628754012000,0.0
1628754042000,0.0
1628754072000,0.0005973715651135006
1628754102000,0.0
1628754132000,0.0
1628754162000,0.0006020469596628537
1628754192000,0.0
1628754222000,0.0
1628754252000,0.0
1628754282000,0.0
1628754312000,0.0
1628754342000,0.0
1628754372000,0.0005991611743559018
1628754402000,0.0005910165484633571
1628754432000,0.0
1628754462000,0.0006045949214026603
1628754492000,0.0
1628754522000,0.0
1628754552000,0.0006002400960384152
1628754582000,0.0
1628754612000,0.0
1628754642000,0.0
1628754672000,0.0
1628754702000,0.0
1628754732000,0.0006060606060606062
1628754762000,0.0
1628754792000,0.0
1628754822000,0.0
1628754852000,0.0
1628754882000,0.0
1628754912000,0.0
1628754942000,0.0
1628754972000,0.0006101281269066504
1628755002000,0.0
1628755032000,0.0
1628755062000,0.0006188118811881187
1628755092000,0.0
1628755122000,0.0
1628755152000,0.0
1628755182000,0.0006060606060606062
1628755212000,0.0006067961165048543
1628755242000,0.0006131207847946045
1628755272000,0.0
1628755302000,0.0
1628755332000,0.0
1628755362000,0.0006180469715698393
1628755392000,0.0
1628755422000,0.0
1628755452000,0.0
1628755482000,0.0
1628755512000,0.0
1628755542000,0.0
1628755572000,0.0006009615384615385
1628755602000,0.0006002400960384152
1628755632000,0.0
1628755662000,0.0
1628755692000,0.0
1628755722000,0.0
1628755752000,0.0006042296072507553
1628755782000,0.0
1628755812000,0.0
1628755842000,0.0
1628755872000,0.0
1628755902000,0.0
1628755932000,0.0
1628755962000,0.0
1628755992000,0.0
1628756022000,0.0006035003017501509
1628756052000,0.0
1628756082000,0.0
1628756112000,0.0005980861244019139
1628756142000,0.0006226650062266501
1628756172000,0.0
1628756202000,0.0005913660555884093
1628756232000,0.0
1628756262000,0.0
1628756292000,0.0
1628756322000,0.0006131207847946045
1628756352000,0.0
1628756382000,0.0
1628756412000,0.0
1628756442000,0.0
1628756472000,0.0
1628756502000,0.0
1628756532000,0.0
1628756562000,0.0
1628756592000,0.0
1628756622000,0.0
1628756652000,0.0
1628756682000,0.0
1628756712000,0.0
1628756742000,0.0
1628756772000,0.0
1628756802000,0.0
1628756832000,0.0
1628756862000,0.0006079027355623102
1628756892000,0.0
1628756922000,0.0006157635467980296
1628756952000,0.0
1628756982000,0.0
1628757012000,0.0006169031462060457
1628757042000,0.0006097560975609756
1628757072000,0.0
1628757102000,0.0
1628757132000,0.0012292562999385369
1628757162000,0.0
1628757192000,0.0
1628757222000,0.0
1628757252000,0.0
1628757282000,0.0
1628757312000,0.0006119951040391675
1628757342000,0.0
1628757372000,0.0
1628757402000,0.0
1628757432000,0.0
1628757462000,0.0
1628757492000,0.0005952380952380952
1628757522000,0.0006157635467980296
1628757552000,0.0005970149253731342
1628757582000,0.0
1628757612000,0.0
1628757642000,0.0005995203836930455
1628757672000,0.0005885815185403178
1628757702000,0.0
1628757732000,0.0
1628757762000,0.0
1628757792000,0.0006146281499692684
1628757822000,0.0006199628022318662
1628757852000,0.0
1628757882000,0.0
1628757912000,0.0
1628757942000,0.0
1628757972000,0.0
1628758002000,0.0006203473945409428
1628758032000,0.0005948839976204639
1628758062000,0.0
1628758092000,0.0
1628758122000,0.0
1628758152000,0.0
1628758182000,0.0
1628758212000,0.0
1628758242000,0.0
1628758272000,0.0006016847172081829
1628758302000,0.0
1628758332000,0.0
1628758362000,0.0
1628758392000,0.0
1628758422000,0.0
1628758452000,0.0
1628758482000,0.0
1628758512000,0.0006097560975609756
1628758542000,0.0
1628758572000,0.0006053268765133173
1628758602000,0.0005910165484633571
1628758632000,0.0
1628758662000,0.0
1628758692000,0.0
1628758722000,0.0006042296072507553
1628758752000,0.0006038647342995169
1628758782000,0.0006191950464396285
1628758812000,0.0006024096385542169
1628758842000,0.0006086427267194157
1628758872000,0.0006191950464396285
1628758902000,0.0006146281499692684
1628758932000,0.0
1628758962000,0.0
1628758992000,0.0
1628759022000,0.0
1628759052000,0.0
1628759082000,0.0
1628759112000,0.0
1628759142000,0.0
1628759172000,0.0
1628759202000,0.0
1628759232000,0.0005906674542232723
1628759262000,0.0006142506142506142
1628759292000,0.0
1628759322000,0.0006172839506172839
1628759352000,0.0006090133982947625
1628759382000,0.0005924170616113746
1628759412000,0.0
1628759442000,0.0
1628759472000,0.0006020469596628537
1628759502000,0.0
1628759532000,0.0
1628759562000,0.0
1628759592000,0.0
1628759622000,0.0
1628759652000,0.0
1628759682000,0.0
1628759712000,0.0
1628759742000,0.0
1628759772000,0.0
1628759802000,0.0
1628759832000,0.0
1628759862000,0.0006097560975609756
1628759892000,0.0
1628759922000,0.0006082725060827251
1628759952000,0.0006108735491753207
1628759982000,0.0006006006006006006
1628760012000,0.0011668611435239206
1628760042000,0.0
1628760072000,0.0
1628760102000,0.0
1628760132000,0.0
1628760162000,0.0
1628760192000,0.0
1628760222000,0.0
1628760252000,0.0
1628760282000,0.0006161429451632778
1628760312000,0.0
1628760342000,0.0
1628760372000,0.0
1628760402000,0.0005973715651135006
1628760432000,0.0005934718100890207
1628760462000,0.0
1628760492000,0.0006060606060606062
1628760522000,0.0
1628760552000,0.0
1628760582000,0.0
1628760612000,0.0005913660555884093
1628760642000,0.0
1628760672000,0.0
1628760702000,0.0
1628760732000,0.0
1628760762000,0.0
1628760792000,0.0
1628760822000,0.0
1628760852000,0.0
1628760882000,0.0
1628760912000,0.0
1628760942000,0.0
1628760972000,0.0
1628761002000,0.0006131207847946045
1628761032000,0.0
1628761062000,0.0
1628761092000,0.0006161429451632778
1628761122000,0.0005948839976204639
1628761152000,0.0
1628761182000,0.0006127450980392157
1628761212000,0.0
1628761242000,0.0006203473945409428
1628761272000,0.0005991611743559018
1628761302000,0.0
1628761332000,0.0
1628761362000,0.0
1628761392000,0.0
1628761422000,0.0
1628761452000,0.0
1628761482000,0.0
1628761512000,0.0
1628761542000,0.0006038647342995169
1628761572000,0.0
1628761602000,0.0006119951040391675
1628761632000,0.0005931198102016608
1628761662000,0.0
1628761692000,0.0006086427267194157
1628761722000,0.0
1628761752000,0.0
1628761782000,0.0006002400960384152
1628761812000,0.0006002400960384152
1628761842000,0.0
1628761872000,0.0
1628761902000,0.0
1628761932000,0.0
1628761962000,0.0005952380952380952
1628761992000,0.0005938242280285036
1628762022000,0.0
1628762052000,0.0006016847172081829
1628762082000,0.0005988023952095807
1628762112000,0.0005896226415094339
1628762142000,0.0
1628762172000,0.0
1628762202000,0.0006146281499692684
1628762232000,0.0
1628762262000,0.0
1628762292000,0.0
1628762322000,0.0006222775357809582
1628762352000,0.0
1628762382000,0.0
1628762412000,0.0006002400960384152
1628762442000,0.0006101281269066504
1628762472000,0.0
1628762502000,0.0006142506142506142
1628762532000,0.0006112469437652813
1628762562000,0.0006067961165048543
1628762592000,0.0006165228113440197
1628762622000,0.0
1628762652000,0.0
1628762682000,0.0
1628762712000,0.0
1628762742000,0.0006101281269066504
1628762772000,0.0
1628762802000,0.0006090133982947625
1628762832000,0.0
1628762862000,0.0006013229104028864
1628762892000,0.0
1628762922000,0.0
1628762952000,0.0
1628762982000,0.0
1628763012000,0.0
1628763042000,0.0
1628763072000,0.0
1628763102000,0.0
1628763132000,0.0006006006006006006
1628763162000,0.0
1628763192000,0.0006142506142506142
1628763222000,0.0
1628763252000,0.0
1628763282000,0.0
1628763312000,0.0
1628763342000,0.0
1628763372000,0.0
1628763402000,0.0
1628763432000,0.0005952380952380952
1628763462000,0.0
1628763492000,0.0
1628763522000,0.0
1628763552000,0.0005959475566150177
1628763582000,0.0005931198102016608
1628763612000,0.0
1628763642000,0.0005931198102016608
1628763672000,0.0
1628763702000,0.0
1628763732000,0.0
1628763762000,0.0006086427267194157
1628763792000,0.0006127450980392157
1628763822000,0.0
1628763852000,0.0
1628763882000,0.0006116207951070336
1628763912000,0.0
1628763942000,0.0
1628763972000,0.0
1628764002000,0.0
1628764032000,0.0
1628764062000,0.0
1628764092000,0.0006108735491753207
1628764122000,0.0
1628764152000,0.0
1628764182000,0.0
1628764212000,0.0
1628764242000,0.0
1628764272000,0.0
1628764302000,0.0
1628764332000,0.0
1628764362000,0.0
1628764392000,0.0
1628764422000,0.0
1628764452000,0.0
1628764482000,0.0
1628764512000,0.0
1628764542000,0.0
1628764572000,0.0006150061500615006
1628764602000,0.0006191950464396285
1628764632000,0.0
1628764662000,0.0
1628764692000,0.0006079027355623102
1628764722000,0.0
1628764752000,0.0005875440658049354
1628764782000,0.0
1628764812000,0.0
1628764842000,0.001176470588235294
1628764872000,0.0
1628764902000,0.0005988023952095807
1628764932000,0.0
1628764962000,0.0006053268765133173
1628764992000,0.0006035003017501509
1628765022000,0.0005906674542232723
1628765052000,0.0
1628765082000,0.0
1628765112000,0.0
1628765142000,0.0006169031462060457
1628765172000,0.0
1628765202000,0.0
1628765232000,0.0
1628765262000,0.0
1628765292000,0.0
1628765322000,0.0
1628765352000,0.0
1628765382000,0.0006045949214026603
1628765412000,0.0
1628765442000,0.0
1628765472000,0.0006127450980392157
1628765502000,0.0006090133982947625
1628765532000,0.0005980861244019139
1628765562000,0.0
1628765592000,0.0
1628765622000,0.0
1628765652000,0.0
1628765682000,0.0
1628765712000,0.0
1628765742000,0.0
1628765772000,0.0
1628765802000,0.0006199628022318662
1628765832000,0.0006075334143377885
1628765862000,0.0005984440454817473
1628765892000,0.0
1628765922000,0.0
1628765952000,0.0
1628765982000,0.0
1628766012000,0.0
1628766042000,0.0
1628766072000,0.0
1628766102000,0.0006031363088057902
1628766132000,0.0006234413965087283
1628766162000,0.0006142506142506142
1628766192000,0.0012012012012012011
1628766222000,0.0
1628766252000,0.0
1628766282000,0.0006060606060606062
1628766312000,0.0006053268765133173
1628766342000,0.0
1628766372000,0.0
1628766402000,0.0
1628766432000,0.0
1628766462000,0.0006056935190793457
1628766492000,0.0
1628766522000,0.0
1628766552000,0.0
1628766582000,0.0
1628766612000,0.0
1628766642000,0.0
1628766672000,0.0
1628766702000,0.0
1628766732000,0.0
1628766762000,0.0
1628766792000,0.0
1628766822000,0.0006172839506172839
1628766852000,0.0
1628766882000,0.0006184291898577612
1628766912000,0.0
1628766942000,0.0
1628766972000,0.0
1628767002000,0.0
1628767032000,0.0
1628767062000,0.0
1628767092000,0.0
1628767122000,0.0
1628767152000,0.0006127450980392157
1628767182000,0.0
1628767212000,0.0006024096385542169
1628767242000,0.0006123698714023269
1628767272000,0.0006207324643078832
1628767302000,0.0
1628767332000,0.0
1628767362000,0.0
1628767392000,0.0012113870381586915
1628767422000,0.0
1628767452000,0.0
1628767482000,0.0
1628767512000,0.0
1628767542000,0.0
1628767572000,0.0
1628767602000,0.0
1628767632000,0.0
1628767662000,0.0
1628767692000,0.0
1628767722000,0.0006064281382656155
1628767752000,0.0
1628767782000,0.0
1628767812000,0.0
1628767842000,0.0
1628767872000,0.0
1628767902000,0.0
1628767932000,0.0006093845216331506
1628767962000,0.0
1628767992000,0.0005948839976204639
1628768022000,0.0012217470983506415
1628768052000,0.0
1628768082000,0.0
1628768112000,0.0
1628768142000,0.0
1628768172000,0.0
1628768202000,0.0006101281269066504
1628768232000,0.0
1628768262000,0.0006191950464396285
1628768292000,0.0
1628768322000,0.0006142506142506142
1628768352000,0.0
1628768382000,0.0
1628768412000,0.0
1628768442000,0.0
1628768472000,0.0
1628768502000,0.0
1628768532000,0.0006093845216331506
1628768562000,0.0
1628768592000,0.0
1628768622000,0.0
1628768652000,0.0
1628768682000,0.0
1628768712000,0.0
1628768742000,0.0
1628768772000,0.0
1628768802000,0.0006027727546714887
1628768832000,0.0
1628768862000,0.0
1628768892000,0.0
1628768922000,0.0
1628768952000,0.0
1628768982000,0.0005938242280285036
1628769012000,0.0006031363088057902
1628769042000,0.0
1628769072000,0.0006211180124223603
1628769102000,0.0
1628769132000,0.0
1628769162000,0.0
1628769192000,0.0
1628769222000,0.0005973715651135006
1628769252000,0.0005977286312014345
1628769282000,0.0
1628769312000,0.0006009615384615385
1628769342000,0.0012172854534388314
1628769372000,0.0
1628769402000,0.001180637544273908
1628769432000,0.0
1628769462000,0.0
1628769492000,0.0006079027355623102
1628769522000,0.0005903187721369539
1628769552000,0.0
1628769582000,0.0
1628769612000,0.0
1628769642000,0.0
1628769672000,0.0
1628769702000,0.0006079027355623102
1628769732000,0.0
1628769762000,0.0
1628769792000,0.0
1628769822000,0.0
1628769852000,0.0
1628769882000,0.0
1628769912000,0.0005941770647653001
1628769942000,0.0
1628769972000,0.0
1628770002000,0.0005988023952095807
1628770032000,0.0
1628770062000,0.0
1628770092000,0.0
1628770122000,0.0006097560975609756
1628770152000,0.0
1628770182000,0.0
1628770212000,0.0006184291898577612
1628770242000,0.0006138735420503376
1628770272000,0.0
1628770302000,0.0
1628770332000,0.0
1628770362000,0.0
1628770392000,0.0006024096385542169
1628770422000,0.0
1628770452000,0.0
1628770482000,0.0006086427267194157
1628770512000,0.0
1628770542000,0.0
1628770572000,0.0
1628770602000,0.0006142506142506142
1628770632000,0.0005988023952095807
1628770662000,0.0
1628770692000,0.0
1628770722000,0.0
1628770752000,0.0
1628770782000,0.0006090133982947625
1628770812000,0.0
1628770842000,0.0
1628770872000,0.0
1628770902000,0.0
1628770932000,0.0
1628770962000,0.0
1628770992000,0.0
1628771022000,0.0
1628771052000,0.0
1628771082000,0.0006086427267194157
1628771112000,0.0
1628771142000,0.0
1628771172000,0.0
1628771202000,0.0
1628771232000,0.0006105006105006105
1628771262000,0.0006101281269066504
1628771292000,0.0
1628771322000,0.0006038647342995169
1628771352000,0.0
1628771382000,0.0005910165484633571
1628771412000,0.0
1628771442000,0.0
1628771472000,0.0
1628771502000,0.0006067961165048543
1628771532000,0.0005889281507656067
1628771562000,0.0
1628771592000,0.0005963029218843173
1628771622000,0.0
1628771652000,0.0
1628771682000,0.0005889281507656067
1628771712000,0.0006123698714023269
1628771742000,0.0
1628771772000,0.0006075334143377885
1628771802000,0.0
1628771832000,0.0006009615384615385
1628771862000,0.0006049606775559589
1628771892000,0.0
1628771922000,0.0006064281382656155
1628771952000,0.0
1628771982000,0.0
1628772012000,0.0
1628772042000,0.0
1628772072000,0.0
1628772102000,0.0
1628772132000,0.0
1628772162000,0.0
1628772192000,0.0
1628772222000,0.0
1628772252000,0.0
1628772282000,0.0
1628772312000,0.0
1628772342000,0.0006009615384615385
1628772372000,0.0
1628772402000,0.0
1628772432000,0.0
1628772462000,0.0
1628772492000,0.0
1628772522000,0.0006038647342995169
1628772552000,0.0
1628772582000,0.0
1628772612000,0.0
1628772642000,0.0005913660555884093
1628772672000,0.0
1628772702000,0.0006071645415907711
1628772732000,0.0006071645415907711
1628772762000,0.0
1628772792000,0.0
1628772822000,0.0
1628772852000,0.0005963029218843173
1628772882000,0.0006020469596628537
1628772912000,0.0006165228113440197
1628772942000,0.001223990208078335
1628772972000,0.0
1628773002000,0.0
1628773032000,0.0
1628773062000,0.0
1628773092000,0.0006123698714023269
1628773122000,0.0
1628773152000,0.0006142506142506142
1628773182000,0.0
1628773212000,0.0
1628773242000,0.0
1628773272000,0.0006086427267194157
1628773302000,0.0
1628773332000,0.0
1628773362000,0.0
1628773392000,0.0
1628773422000,0.0
1628773452000,0.0005963029218843173
1628773482000,0.0
1628773512000,0.0
1628773542000,0.0006119951040391675
1628773572000,0.0
1628773602000,0.0006020469596628537
1628773632000,0.0005963029218843173
1628773662000,0.0
1628773692000,0.0
1628773722000,0.0012353304508956149
1628773752000,0.0006020469596628537
1628773782000,0.0
1628773812000,0.0
1628773842000,0.0
1628773872000,0.0
1628773902000,0.0
1628773932000,0.0
1628773962000,0.0006002400960384152
1628773992000,0.0005906674542232723
1628774022000,0.0006105006105006105
1628774052000,0.0
1628774082000,0.0006097560975609756
1628774112000,0.0
1628774142000,0.0
1628774172000,0.0
1628774202000,0.0006027727546714887
1628774232000,0.0006169031462060457
1628774262000,0.0
1628774292000,0.0
1628774322000,0.0005988023952095807
1628774352000,0.0
1628774382000,0.0
1628774412000,0.0
1628774442000,0.0006086427267194157
1628774472000,0.0
1628774502000,0.0
1628774532000,0.0
1628774562000,0.0
1628774592000,0.0011933174224343676
1628774622000,0.0
1628774652000,0.0
1628774682000,0.0
1628774712000,0.0
1628774742000,0.0
1628774772000,0.0
1628774802000,0.0
1628774832000,0.0006020469596628537
1628774862000,0.0
1628774892000,0.0006071645415907711
1628774922000,0.0
1628774952000,0.0
1628774982000,0.0
1628775012000,0.0006053268765133173
1628775042000,0.0
1628775072000,0.0
1628775102000,0.0
1628775132000,0.0
1628775162000,0.0
1628775192000,0.0
1628775222000,0.0
1628775252000,0.0
1628775282000,0.0
1628775312000,0.0005906674542232723
1628775342000,0.0
1628775372000,0.0005896226415094339
1628775402000,0.0
1628775432000,0.0005945303210463732
1628775462000,0.0006016847172081829
1628775492000,0.0
1628775522000,0.0005955926146515784
1628775552000,0.0
1628775582000,0.0005955926146515784
1628775612000,0.0
1628775642000,0.0
1628775672000,0.0
1628775702000,0.0
1628775732000,0.0
1628775762000,0.0006116207951070336
1628775792000,0.0
1628775822000,0.0
1628775852000,0.0
1628775882000,0.0012040939193257074
1628775912000,0.0006138735420503376
1628775942000,0.0
1628775972000,0.0005959475566150177
1628776002000,0.0
1628776032000,0.0
1628776062000,0.0
1628776092000,0.0006064281382656155
1628776122000,0.0006056935190793457
1628776152000,0.0
1628776182000,0.0
1628776212000,0.0
1628776242000,0.0
1628776272000,0.0012217470983506415
1628776302000,0.0006045949214026603
1628776332000,0.0
1628776362000,0.0
1628776392000,0.0
1628776422000,0.0006086427267194157
1628776452000,0.0006016847172081829
1628776482000,0.0006064281382656155
1628776512000,0.0006079027355623102
1628776542000,0.0
1628776572000,0.0
1628776602000,0.0005998800239952009
1628776632000,0.0
1628776662000,0.0006157635467980296
1628776692000,0.0006105006105006105
1628776722000,0.0
1628776752000,0.0
1628776782000,0.0
1628776812000,0.0006138735420503376
1628776842000,0.0
1628776872000,0.0
1628776902000,0.0
1628776932000,0.0
1628776962000,0.0
1628776992000,0.0006056935190793457
1628777022000,0.0006150061500615006
1628777052000,0.0
1628777082000,0.0
1628777112000,0.0
1628777142000,0.0005952380952380952
1628777172000,0.0
1628777202000,0.0
1628777232000,0.0005977286312014345
1628777262000,0.0
1628777292000,0.0
1628777322000,0.0006093845216331506
1628777352000,0.0
1628777382000,0.0
1628777412000,0.0006031363088057902
1628777442000,0.0
1628777472000,0.0006108735491753207
1628777502000,0.0
1628777532000,0.0
1628777562000,0.0005991611743559018
1628777592000,0.0
1628777622000,0.0
1628777652000,0.0
1628777682000,0.0
1628777712000,0.0006093845216331506
1628777742000,0.0
1628777772000,0.0
1628777802000,0.0
1628777832000,0.0005991611743559018
1628777862000,0.0006172839506172839
1628777892000,0.0
1628777922000,0.0
1628777952000,0.0
1628777982000,0.0
1628778012000,0.0
1628778042000,0.0
1628778072000,0.0006079027355623102
1628778102000,0.0
1628778132000,0.0006131207847946045
1628778162000,0.0
1628778192000,0.0
1628778222000,0.0
1628778252000,0.0005952380952380952
1628778282000,0.0
1628778312000,0.0
1628778342000,0.0
1628778372000,0.0
1628778402000,0.0006097560975609756
1628778432000,0.0
1628778462000,0.0006123698714023269
1628778492000,0.0006006006006006006
1628778522000,0.0
1628778552000,0.0006108735491753207
1628778582000,0.0006064281382656155
1628778612000,0.0005980861244019139
1628778642000,0.0
1628778672000,0.0
1628778702000,0.0
1628778732000,0.0
1628778762000,0.0
1628778792000,0.0
1628778822000,0.0
1628778852000,0.0006024096385542169
1628778882000,0.0006045949214026603
1628778912000,0.0006056935190793457
1628778942000,0.0005970149253731342
1628778972000,0.0
1628779002000,0.0
1628779032000,0.0
1628779062000,0.0
1628779092000,0.0005899705014749262
1628779122000,0.0005948839976204639
1628779152000,0.0
1628779182000,0.0
1628779212000,0.0
1628779242000,0.0
1628779272000,0.0
1628779302000,0.0
1628779332000,0.0005941770647653001
1628779362000,0.0006161429451632778
1628779392000,0.0
1628779422000,0.0
1628779452000,0.0005924170616113746
1628779482000,0.0
1628779512000,0.0
1628779542000,0.0
1628779572000,0.0006180469715698393
1628779602000,0.0
1628779632000,0.0006119951040391675
1628779662000,0.0
1628779692000,0.0
1628779722000,0.0006105006105006105
1628779752000,0.0
1628779782000,0.0
1628779812000,0.0
1628779842000,0.0
1628779872000,0.0006108735491753207
1628779902000,0.0
1628779932000,0.0
1628779962000,0.0
1628779992000,0.0
1628780022000,0.0
1628780052000,0.0
1628780082000,0.0
1628780112000,0.0
1628780142000,0.0
1628780172000,0.0
1628780202000,0.0
1628780232000,0.0
1628780262000,0.0
1628780292000,0.0006105006105006105
1628780322000,0.0
1628780352000,0.0
1628780382000,0.0
1628780412000,0.0006086427267194157
1628780442000,0.0005885815185403178
1628780472000,0.0006056935190793457
1628780502000,0.0
1628780532000,0.0
1628780562000,0.0006222775357809582
1628780592000,0.0
1628780622000,0.0
1628780652000,0.0006127450980392157
1628780682000,0.0
1628780712000,0.0
1628780742000,0.0
1628780772000,0.0
1628780802000,0.0005988023952095807
1628780832000,0.0006169031462060457
1628780862000,0.0
1628780892000,0.0006049606775559589
1628780922000,0.0
1628780952000,0.0
1628780982000,0.0006038647342995169
1628781012000,0.0006009615384615385
1628781042000,0.0
1628781072000,0.0
1628781102000,0.0006142506142506142
1628781132000,0.0
1628781162000,0.0
1628781192000,0.0
1628781222000,0.0
1628781252000,0.001223990208078335
1628781282000,0.0
1628781312000,0.0
1628781342000,0.0
1628781372000,0.0
1628781402000,0.0
1628781432000,0.0012040939193257074
1628781462000,0.0
1628781492000,0.0
1628781522000,0.0006203473945409428
1628781552000,0.0
1628781582000,0.0
1628781612000,0.0006060606060606062
1628781642000,0.0
1628781672000,0.0
1628781702000,0.0
1628781732000,0.0006064281382656155
1628781762000,0.0
1628781792000,0.0
1628781822000,0.0006138735420503376
1628781852000,0.0
1628781882000,0.0006002400960384152
1628781912000,0.0
1628781942000,0.0005892751915144372
1628781972000,0.0006086427267194157
1628782002000,0.0005988023952095807
1628782032000,0.0
1628782062000,0.0
1628782092000,0.0
1628782122000,0.0
1628782152000,0.0
1628782182000,0.0006134969325153375
1628782212000,0.0012084592145015106
1628782242000,0.0005878894767783657
1628782272000,0.0
1628782302000,0.0
1628782332000,0.0
1628782362000,0.0
1628782392000,0.0006203473945409428
1628782422000,0.0006009615384615385
1628782452000,0.0
1628782482000,0.0005995203836930455
1628782512000,0.0
1628782542000,0.0
1628782572000,0.0
1628782602000,0.0
1628782632000,0.0
1628782662000,0.0
1628782692000,0.0
1628782722000,0.0
1628782752000,0.0
1628782782000,0.0006038647342995169
1628782812000,0.0
1628782842000,0.0006013229104028864
1628782872000,0.0
1628782902000,0.0
1628782932000,0.0
1628782962000,0.0012026458208057728
1628782992000,0.0006150061500615006
1628783022000,0.0005889281507656067
1628783052000,0.0
1628783082000,0.0
1628783112000,0.0
1628783142000,0.0
1628783172000,0.0005817335660267597
1628783202000,0.0
1628783232000,0.0005977286312014345
1628783262000,0.0
1628783292000,0.0005945303210463732
1628783322000,0.0
1628783352000,0.0006112469437652813
1628783382000,0.0006086427267194157
1628783412000,0.0
1628783442000,0.0
1628783472000,0.0
1628783502000,0.0005955926146515784
1628783532000,0.0
1628783562000,0.0
1628783592000,0.0
1628783622000,0.0006035003017501509
1628783652000,0.0
1628783682000,0.0005998800239952009
1628783712000,0.0
1628783742000,0.0
1628783772000,0.0006024096385542169
1628783802000,0.0
1628783832000,0.0006056935190793457
1628783862000,0.0005906674542232723
1628783892000,0.0006101281269066504
1628783922000,0.0006067961165048543
1628783952000,0.0
1628783982000,0.0005941770647653001
1628784012000,0.0
1628784042000,0.0006112469437652813
1628784072000,0.0
1628784102000,0.0006082725060827251
1628784132000,0.0006191950464396285
1628784162000,0.0
1628784192000,0.0
1628784222000,0.0005991611743559018
1628784252000,0.0
1628784282000,0.0
1628784312000,0.0
1628784342000,0.0
1628784372000,0.0005970149253731342
1628784402000,0.0
1628784432000,0.0
1628784462000,0.0
1628784492000,0.0006153846153846153
1628784522000,0.0
1628784552000,0.0006027727546714887
1628784582000,0.0
1628784612000,0.0
1628784642000,0.0
1628784672000,0.0
1628784702000,0.0
1628784732000,0.0012106537530266347
1628784762000,0.0
1628784792000,0.0
1628784822000,0.0
1628784852000,0.0
1628784882000,0.0
1628784912000,0.0006056935190793457
1628784942000,0.0
1628784972000,0.0005977286312014345
1628785002000,0.0
1628785032000,0.0
1628785062000,0.0006060606060606062
1628785092000,0.0
1628785122000,0.0
1628785152000,0.0
1628785182000,0.0006150061500615006
1628785212000,0.0
1628785242000,0.0
1628785272000,0.0006119951040391675
1628785302000,0.0006169031462060457
1628785332000,0.0006042296072507553
1628785362000,0.0
1628785392000,0.0006027727546714887
1628785422000,0.0
1628785452000,0.0
1628785482000,0.0
1628785512000,0.0006108735491753207
1628785542000,0.0
1628785572000,0.0005988023952095807
1628785602000,0.0006031363088057902
1628785632000,0.0
1628785662000,0.0006108735491753207
1628785692000,0.0005977286312014345
1628785722000,0.0
1628785752000,0.0
1628785782000,0.0
1628785812000,0.0006188118811881187
1628785842000,0.0005878894767783657
1628785872000,0.0
1628785902000,0.0005984440454817473
1628785932000,0.0
1628785962000,0.0005865102639296188
1628785992000,0.0
1628786022000,0.0
1628786052000,0.0
1628786082000,0.0
1628786112000,0.0
1628786142000,0.0
1628786172000,0.0006009615384615385
1628786202000,0.0
1628786232000,0.0
1628786262000,0.0
1628786292000,0.0
1628786322000,0.0
1628786352000,0.0006013229104028864
1628786382000,0.0
1628786412000,0.0005934718100890207
1628786442000,0.0
1628786472000,0.0
1628786502000,0.0
1628786532000,0.0005924170616113746
1628786562000,0.0
1628786592000,0.0
1628786622000,0.0006042296072507553
1628786652000,0.0
1628786682000,0.0
1628786712000,0.0
1628786742000,0.0
1628786772000,0.0
1628786802000,0.0
1628786832000,0.0006067961165048543
1628786862000,0.0
1628786892000,0.0
1628786922000,0.0005938242280285036
1628786952000,0.0
1628786982000,0.0
1628787012000,0.0006157635467980296
1628787042000,0.0
1628787072000,0.0
1628787102000,0.0
1628787132000,0.0
1628787162000,0.0018083182640144665
1628787192000,0.0
1628787222000,0.0006013229104028864
1628787252000,0.0
1628787282000,0.0
1628787312000,0.0
1628787342000,0.0
1628787372000,0.0
1628787402000,0.0
1628787432000,0.0005973715651135006
1628787462000,0.0006009615384615385
1628787492000,0.0006090133982947625
1628787522000,0.0
1628787552000,0.0
1628787582000,0.0
1628787612000,0.0
1628787642000,0.0006199628022318662
1628787672000,0.0
1628787702000,0.0
1628787732000,0.0006157635467980296
1628787762000,0.0006045949214026603
1628787792000,0.0
1628787822000,0.0006049606775559589
1628787852000,0.0006016847172081829
1628787882000,0.0
1628787912000,0.0
1628787942000,0.0
1628787972000,0.0011926058437686346
1628788002000,0.0
1628788032000,0.0
1628788062000,0.0
1628788092000,0.0
1628788122000,0.0
1628788152000,0.0005991611743559018
1628788182000,0.0006042296072507553
1628788212000,0.0
1628788242000,0.0006020469596628537
1628788272000,0.0011675423234092234
1628788302000,0.0
1628788332000,0.0
1628788362000,0.0
1628788392000,0.0
1628788422000,0.0
1628788452000,0.0006049606775559589
1628788482000,0.0
1628788512000,0.0006101281269066504
1628788542000,0.0
1628788572000,0.0
1628788602000,0.0006131207847946045
1628788632000,0.0006016847172081829
1628788662000,0.0
1628788692000,0.0
1628788722000,0.0006027727546714887
1628788752000,0.0
1628788782000,0.0
1628788812000,0.0006064281382656155
1628788842000,0.0006064281382656155
1628788872000,0.0
1628788902000,0.0
1628788932000,0.0006191950464396285
1628788962000,0.0006067961165048543
1628788992000,0.0
1628789022000,0.001199040767386091
1628789052000,0.0006013229104028864
1628789082000,0.0006134969325153375
1628789112000,0.0
1628789142000,0.0006009615384615385
1628789172000,0.0
1628789202000,0.0006082725060827251
1628789232000,0.0
1628789262000,0.0
1628789292000,0.0
1628789322000,0.0006150061500615006
1628789352000,0.0
1628789382000,0.0006180469715698393
1628789412000,0.0
1628789442000,0.0006027727546714887
1628789472000,0.0
1628789502000,0.0011855364552459987
1628789532000,0.0
1628789562000,0.0
1628789592000,0.0006002400960384152
1628789622000,0.0
1628789652000,0.0006002400960384152
1628789682000,0.0
1628789712000,0.0
1628789742000,0.0006090133982947625
1628789772000,0.0
1628789802000,0.0
1628789832000,0.0006090133982947625
1628789862000,0.0
1628789892000,0.0
1628789922000,0.0006165228113440197
1628789952000,0.0
1628789982000,0.0
1628790012000,0.0
1628790042000,0.0
1628790072000,0.0
1628790102000,0.0
1628790132000,0.0
1628790162000,0.0
1628790192000,0.0005980861244019139
1628790222000,0.0
1628790252000,0.0006053268765133173
1628790282000,0.0006031363088057902
1628790312000,0.0
1628790342000,0.0
1628790372000,0.0005875440658049354
1628790402000,0.0
1628790432000,0.0
1628790462000,0.0
1628790492000,0.0006105006105006105
1628790522000,0.0
1628790552000,0.0
1628790582000,0.0
1628790612000,0.0
1628790642000,0.0
1628790672000,0.0005977286312014345
1628790702000,0.0
1628790732000,0.0
1628790762000,0.0
1628790792000,0.0
1628790822000,0.0
1628790852000,0.0006203473945409428
1628790882000,0.0
1628790912000,0.0
1628790942000,0.0006090133982947625
1628790972000,0.0005984440454817473
1628791002000,0.0006024096385542169
1628791032000,0.0006053268765133173
1628791062000,0.0
1628791092000,0.0012026458208057728
1628791122000,0.0005995203836930455
1628791152000,0.0
1628791182000,0.0
1628791212000,0.0006016847172081829
1628791242000,0.0
1628791272000,0.0
1628791302000,0.0
1628791332000,0.0
1628791362000,0.0
1628791392000,0.0
1628791422000,0.0006082725060827251
1628791452000,0.0
1628791482000,0.0
1628791512000,0.0006060606060606062
1628791542000,0.0
1628791572000,0.0011904761904761904
1628791602000,0.0006218905472636817
1628791632000,0.0005980861244019139
1628791662000,0.0
1628791692000,0.0
1628791722000,0.0012172854534388314
1628791752000,0.0
1628791782000,0.0006134969325153375
1628791812000,0.0
1628791842000,0.0006134969325153375
1628791872000,0.001212856276531231
1628791902000,0.0
1628791932000,0.0
1628791962000,0.0
1628791992000,0.0
1628792022000,0.0
1628792052000,0.0005988023952095807
1628792082000,0.0006161429451632778
1628792112000,0.0006016847172081829
1628792142000,0.0
1628792172000,0.0
1628792202000,0.0005861664712778429
1628792232000,0.0
1628792262000,0.0006009615384615385
1628792292000,0.0006075334143377885
1628792322000,0.0017931858936043035
1628792352000,0.0005917159763313611
1628792382000,0.0
1628792412000,0.0
1628792442000,0.0011876484560570072
1628792472000,0.0
1628792502000,0.0
1628792532000,0.0006035003017501509
1628792562000,0.0006071645415907711
1628792592000,0.0
1628792622000,0.0005834305717619603
1628792652000,0.0
1628792682000,0.0
1628792712000,0.0
1628792742000,0.0
1628792772000,0.0
1628792802000,0.0
1628792832000,0.0006013229104028864
1628792862000,0.0
1628792892000,0.0
1628792922000,0.0006079027355623102
1628792952000,0.0005973715651135006
1628792982000,0.0005955926146515784
1628793012000,0.0
1628793042000,0.0
1628793072000,0.0005959475566150177
1628793102000,0.0005995203836930455
1628793132000,0.0
1628793162000,0.0
1628793192000,0.0
1628793222000,0.0006082725060827251
1628793252000,0.0
1628793282000,0.0
1628793312000,0.0
1628793342000,0.0
1628793372000,0.0
1628793402000,0.0
1628793432000,0.0006079027355623102
1628793462000,0.0
1628793492000,0.0
1628793522000,0.0006161429451632778
1628793552000,0.0006165228113440197
1628793582000,0.0
1628793612000,0.0
1628793642000,0.0
1628793672000,0.0
1628793702000,0.0
1628793732000,0.0
1628793762000,0.0006176652254478072
1628793792000,0.000588235294117647
1628793822000,0.0
1628793852000,0.0
1628793882000,0.0
1628793912000,0.0
1628793942000,0.0006097560975609756
1628793972000,0.0005973715651135006
1628794002000,0.0
1628794032000,0.0005991611743559018
1628794062000,0.0005924170616113746
1628794092000,0.0005955926146515784
1628794122000,0.0
1628794152000,0.0
1628794182000,0.0006116207951070336
1628794212000,0.0006138735420503376
1628794242000,0.0005945303210463732
1628794272000,0.0
1628794302000,0.0
1628794332000,0.0
1628794362000,0.0006075334143377885
1628794392000,0.0
1628794422000,0.0
1628794452000,0.0005998800239952009
1628794482000,0.0
1628794512000,0.0
1628794542000,0.0
1628794572000,0.0006035003017501509
1628794602000,0.0005910165484633571
1628794632000,0.0006172839506172839
1628794662000,0.0006045949214026603
1628794692000,0.0006049606775559589
1628794722000,0.0006053268765133173
1628794752000,0.0
1628794782000,0.0006020469596628537
1628794812000,0.0
1628794842000,0.0006142506142506142
1628794872000,0.0
1628794902000,0.0
1628794932000,0.0
1628794962000,0.0
1628794992000,0.0
1628795022000,0.0
1628795052000,0.0
1628795082000,0.0006056935190793457
1628795112000,0.0
1628795142000,0.0006064281382656155
1628795172000,0.0006131207847946045
1628795202000,0.0
1628795232000,0.0005889281507656067
1628795262000,0.0
1628795292000,0.0
1628795322000,0.0006013229104028864
1628795352000,0.0
1628795382000,0.0006169031462060457
1628795412000,0.0
1628795442000,0.0
1628795472000,0.0
1628795502000,0.0
1628795532000,0.0
1628795562000,0.0006013229104028864
1628795592000,0.0
1628795622000,0.0
1628795652000,0.0006013229104028864
1628795682000,0.0005980861244019139
1628795712000,0.0
1628795742000,0.0006119951040391675
1628795772000,0.0
1628795802000,0.0
1628795832000,0.0
1628795862000,0.0
1628795892000,0.0
1628795922000,0.0
1628795952000,0.0006042296072507553
1628795982000,0.0006020469596628537
1628796012000,0.0
1628796042000,0.0006093845216331506
1628796072000,0.0
1628796102000,0.0
1628796132000,0.0
1628796162000,0.0005889281507656067
1628796192000,0.0
1628796222000,0.0
1628796252000,0.0
1628796282000,0.0
1628796312000,0.0
1628796342000,0.0
1628796372000,0.0006127450980392157
1628796402000,0.0006079027355623102
1628796432000,0.0005924170616113746
1628796462000,0.0
1628796492000,0.0
1628796522000,0.0
1628796552000,0.0
1628796582000,0.0
1628796612000,0.0
1628796642000,0.0
1628796672000,0.0
1628796702000,0.0
1628796732000,0.0
1628796762000,0.0
1628796792000,0.0
1628796822000,0.0
1628796852000,0.0
1628796882000,0.0005980861244019139
1628796912000,0.0
1628796942000,0.0
1628796972000,0.0006060606060606062
1628797002000,0.0
1628797032000,0.0
1628797062000,0.0006042296072507553
1628797092000,0.0
1628797122000,0.0005865102639296188
1628797152000,0.0
1628797182000,0.0
1628797212000,0.0
1628797242000,0.0
1628797272000,0.0006027727546714887
1628797302000,0.0
1628797332000,0.0005931198102016608
1628797362000,0.0
1628797392000,0.0
1628797422000,0.0
1628797452000,0.0
1628797482000,0.0
1628797512000,0.0
1628797542000,0.0
1628797572000,0.0006176652254478072
1628797602000,0.0006165228113440197
1628797632000,0.0
1628797662000,0.0
1628797692000,0.0006123698714023269
1628797722000,0.0012004801920768304
1628797752000,0.0005980861244019139
1628797782000,0.0
1628797812000,0.0005988023952095807
1628797842000,0.0
1628797872000,0.0
1628797902000,0.0006090133982947625
1628797932000,0.0006049606775559589
1628797962000,0.0006002400960384152
1628797992000,0.0
1628798022000,0.0006013229104028864
1628798052000,0.0006211180124223603
1628798082000,0.0006157635467980296
1628798112000,0.0012012012012012011
1628798142000,0.0
1628798172000,0.0
1628798202000,0.0
1628798232000,0.0
1628798262000,0.0
1628798292000,0.0
1628798322000,0.0
1628798352000,0.0006218905472636817
1628798382000,0.0006134969325153375
1628798412000,0.0
1628798442000,0.0
1628798472000,0.0
1628798502000,0.0
1628798532000,0.0006127450980392157
1628798562000,0.0006042296072507553
1628798592000,0.0012012012012012011
1628798622000,0.0
1628798652000,0.0
1628798682000,0.0
1628798712000,0.0006031363088057902
1628798742000,0.0
1628798772000,0.0005980861244019139
1628798802000,0.0
1628798832000,0.0006031363088057902
1628798862000,0.0006035003017501509
1628798892000,0.0005906674542232723
1628798922000,0.0
1628798952000,0.0006127450980392157
1628798982000,0.0006024096385542169
1628799012000,0.0006093845216331506
1628799042000,0.0011841326228537595
1628799072000,0.0
1628799102000,0.0
1628799132000,0.0
1628799162000,0.0006090133982947625
1628799192000,0.0006105006105006105
1628799222000,0.0
1628799252000,0.0
1628799282000,0.0
1628799312000,0.0
1628799342000,0.0
1628799372000,0.0
1628799402000,0.0
1628799432000,0.0
1628799462000,0.0
1628799492000,0.0
1628799522000,0.0012399256044637321
1628799552000,0.0
1628799582000,0.0
1628799612000,0.0
1628799642000,0.0
1628799672000,0.0
1628799702000,0.0
1628799732000,0.0
1628799762000,0.0005963029218843173
1628799792000,0.0
1628799822000,0.0
1628799852000,0.0005952380952380952
1628799882000,0.0
1628799912000,0.0
1628799942000,0.0006064281382656155
1628799972000,0.0005977286312014345
1628800002000,0.0
1628800032000,0.0
1628800062000,0.0
1628800092000,0.0
1628800122000,0.0
1628800152000,0.0005988023952095807
1628800182000,0.0006056935190793457
1628800212000,0.0
1628800242000,0.0006105006105006105
1628800272000,0.0
1628800302000,0.0005977286312014345
1628800332000,0.0006045949214026603
1628800362000,0.0
1628800392000,0.0
1628800422000,0.0
1628800452000,0.0
1628800482000,0.0
1628800512000,0.0
1628800542000,0.0
1628800572000,0.0
1628800602000,0.0006079027355623102
1628800632000,0.0006086427267194157
1628800662000,0.0006218905472636817
1628800692000,0.0006075334143377885
1628800722000,0.0
1628800752000,0.0
1628800782000,0.0
1628800812000,0.0
1628800842000,0.0006090133982947625
1628800872000,0.0006082725060827251
1628800902000,0.0006199628022318662
1628800932000,0.0
1628800962000,0.0
1628800992000,0.0
1628801022000,0.0
1628801052000,0.0006184291898577612
1628801082000,0.0
1628801112000,0.0006053268765133173
1628801142000,0.0
1628801172000,0.0
1628801202000,0.0006203473945409428
1628801232000,0.0
1628801262000,0.0
1628801292000,0.0
1628801322000,0.0
1628801352000,0.0006108735491753207
1628801382000,0.0
1628801412000,0.0
1628801442000,0.0006056935190793457
1628801472000,0.0
1628801502000,0.0011441647597254007
1628801532000,0.0
1628801562000,0.0
1628801592000,0.0
1628801622000,0.0
1628801652000,0.0
1628801682000,0.0006009615384615385
1628801712000,0.0
1628801742000,0.0
1628801772000,0.0
1628801802000,0.0
1628801832000,0.0
1628801862000,0.0006053268765133173
1628801892000,0.0
1628801922000,0.0
1628801952000,0.001212121212121212
1628801982000,0.0005973715651135006
1628802012000,0.0
1628802042000,0.0
1628802072000,0.0006020469596628537
1628802102000,0.0
1628802132000,0.0005991611743559018
1628802162000,0.0
1628802192000,0.0
1628802222000,0.0005910165484633571
1628802252000,0.0006002400960384152
1628802282000,0.0
1628802312000,0.0005988023952095807
1628802342000,0.0005966587112171838
1628802372000,0.0
1628802402000,0.0005998800239952009
1628802432000,0.0006053268765133173
1628802462000,0.0006112469437652813
1628802492000,0.0
1628802522000,0.0
1628802552000,0.0
1628802582000,0.0006035003017501509
1628802612000,0.0
1628802642000,0.0
1628802672000,0.0
1628802702000,0.0
1628802732000,0.0006105006105006105
1628802762000,0.0
1628802792000,0.0
1628802822000,0.0
1628802852000,0.0006075334143377885
1628802882000,0.0
1628802912000,0.0
1628802942000,0.0005970149253731342
1628802972000,0.0
1628803002000,0.0006045949214026603
1628803032000,0.0
1628803062000,0.0006150061500615006
1628803092000,0.0
1628803122000,0.0006006006006006006
1628803152000,0.0
1628803182000,0.0
1628803212000,0.0006053268765133173
1628803242000,0.000588235294117647
1628803272000,0.0
1628803302000,0.0
1628803332000,0.0005924170616113746
1628803362000,0.0
1628803392000,0.0
1628803422000,0.0006002400960384152
1628803452000,0.0
1628803482000,0.0
1628803512000,0.0006150061500615006
1628803542000,0.0005875440658049354
1628803572000,0.0006020469596628537
1628803602000,0.0
1628803632000,0.0005959475566150177
1628803662000,0.0006142506142506142
1628803692000,0.0
1628803722000,0.0005966587112171838
1628803752000,0.0
1628803782000,0.0006009615384615385
1628803812000,0.0006097560975609756
1628803842000,0.0005984440454817473
1628803872000,0.0
1628803902000,0.0006203473945409428
1628803932000,0.0006027727546714887
1628803962000,0.0
1628803992000,0.0
1628804022000,0.0006153846153846153
1628804052000,0.0
1628804082000,0.0006123698714023269
1628804112000,0.0
1628804142000,0.0
1628804172000,0.0006042296072507553
1628804202000,0.0006131207847946045
1628804232000,0.0006082725060827251
1628804262000,0.0
1628804292000,0.0
1628804322000,0.0
1628804352000,0.0005973715651135006
1628804382000,0.0012277470841006752
1628804412000,0.0
1628804442000,0.0
1628804472000,0.0011785503830288745
1628804502000,0.0
1628804532000,0.0
1628804562000,0.0
1628804592000,0.0
1628804622000,0.0006082725060827251
1628804652000,0.0006119951040391675
1628804682000,0.0
1628804712000,0.0
1628804742000,0.0006042296072507553
1628804772000,0.0006064281382656155
1628804802000,0.0006045949214026603
1628804832000,0.0
1628804862000,0.0
1628804892000,0.0006013229104028864
1628804922000,0.0
1628804952000,0.0006101281269066504
1628804982000,0.0
1628805012000,0.0006006006006006006
1628805042000,0.0006056935190793457
1628805072000,0.0
1628805102000,0.0
1628805132000,0.0
1628805162000,0.0006031363088057902
1628805192000,0.0
1628805222000,0.0
1628805252000,0.0
1628805282000,0.0006097560975609756
1628805312000,0.0006024096385542169
1628805342000,0.0
1628805372000,0.0
1628805402000,0.0
1628805432000,0.0
1628805462000,0.0005917159763313611
1628805492000,0.0
1628805522000,0.0
1628805552000,0.0
1628805582000,0.0006035003017501509
1628805612000,0.0
1628805642000,0.0
1628805672000,0.0
1628805702000,0.0006101281269066504
1628805732000,0.0
1628805762000,0.0
1628805792000,0.0
1628805822000,0.0006038647342995169
1628805852000,0.0
1628805882000,0.0
1628805912000,0.0
1628805942000,0.0006013229104028864
1628805972000,0.0005920663114268798
1628806002000,0.0006031363088057902
1628806032000,0.0
1628806062000,0.0
1628806092000,0.0
1628806122000,0.0006157635467980296
1628806152000,0.0
1628806182000,0.0
1628806212000,0.0
1628806242000,0.0006056935190793457
1628806272000,0.0
1628806302000,0.0
1628806332000,0.0006131207847946045
1628806362000,0.0006020469596628537
1628806392000,0.0006090133982947625
1628806422000,0.0
1628806452000,0.0
1628806482000,0.0
1628806512000,0.0006056935190793457
1628806542000,0.0
1628806572000,0.0
1628806602000,0.0005998800239952009
1628806632000,0.0006169031462060457
1628806662000,0.0
1628806692000,0.0
1628806722000,0.0
1628806752000,0.0
1628806782000,0.0005858230814294082
1628806812000,0.0
1628806842000,0.0
1628806872000,0.0
1628806902000,0.0
1628806932000,0.0
1628806962000,0.0
1628806992000,0.0006142506142506142
1628807022000,0.0006101281269066504
1628807052000,0.0005973715651135006
1628807082000,0.0006226650062266501
1628807112000,0.0
1628807142000,0.0
1628807172000,0.0005938242280285036
1628807202000,0.0
1628807232000,0.0006031363088057902
1628807262000,0.0
1628807292000,0.0
1628807322000,0.0006067961165048543
1628807352000,0.0005952380952380952
1628807382000,0.0
1628807412000,0.0
1628807442000,0.0
1628807472000,0.0
1628807502000,0.0
1628807532000,0.0
1628807562000,0.0
1628807592000,0.0006222775357809582
1628807622000,0.0005970149253731342
1628807652000,0.0006079027355623102
1628807682000,0.0006230529595015578
1628807712000,0.0
1628807742000,0.0005963029218843173
1628807772000,0.0006138735420503376
1628807802000,0.0
1628807832000,0.0
1628807862000,0.0006038647342995169
1628807892000,0.0
1628807922000,0.0006127450980392157
1628807952000,0.0
1628807982000,0.0
1628808012000,0.0012476606363069245
1628808042000,0.0005970149253731342
1628808072000,0.0
1628808102000,0.0
1628808132000,0.0
1628808162000,0.0
1628808192000,0.0
1628808222000,0.0006180469715698393
1628808252000,0.0
1628808282000,0.0
1628808312000,0.0
1628808342000,0.0
1628808372000,0.0
1628808402000,0.0
1628808432000,0.0
1628808462000,0.0
1628808492000,0.0
1628808522000,0.0
1628808552000,0.0
1628808582000,0.0
1628808612000,0.0
1628808642000,0.0
1628808672000,0.0
1628808702000,0.0
1628808732000,0.0
1628808762000,0.0005980861244019139
1628808792000,0.0
1628808822000,0.0
1628808852000,0.0005963029218843173
1628808882000,0.0006027727546714887
1628808912000,0.0
1628808942000,0.0005963029218843173
1628808972000,0.0012040939193257074
1628809002000,0.0006226650062266501
1628809032000,0.0005988023952095807
1628809062000,0.0
1628809092000,0.0005984440454817473
1628809122000,0.0
1628809152000,0.0006093845216331506
1628809182000,0.0005927682276229994
1628809212000,0.0
1628809242000,0.0005988023952095807
1628809272000,0.0
1628809302000,0.0
1628809332000,0.0
1628809362000,0.0
1628809392000,0.0
1628809422000,0.0006123698714023269
1628809452000,0.0
1628809482000,0.0006020469596628537
1628809512000,0.0005966587112171838
1628809542000,0.0005963029218843173
1628809572000,0.0
1628809602000,0.0
1628809632000,0.0
1628809662000,0.0005966587112171838
1628809692000,0.0005934718100890207
1628809722000,0.0
1628809752000,0.0
1628809782000,0.0
1628809812000,0.0
1628809842000,0.0
1628809872000,0.0
1628809902000,0.0
1628809932000,0.0006112469437652813
1628809962000,0.0006067961165048543
1628809992000,0.0
1628810022000,0.0006064281382656155
1628810052000,0.0005984440454817473
1628810082000,0.0006203473945409428
1628810112000,0.0005896226415094339
1628810142000,0.0011968880909634947
1628810172000,0.0
1628810202000,0.0
1628810232000,0.0
1628810262000,0.0
1628810292000,0.0
1628810322000,0.0
1628810352000,0.0006157635467980296
1628810382000,0.0006172839506172839
1628810412000,0.0
1628810442000,0.0006053268765133173
1628810472000,0.0
1628810502000,0.0
1628810532000,0.0005952380952380952
1628810562000,0.0
1628810592000,0.0005952380952380952
1628810622000,0.0011968880909634947
1628810652000,0.0
1628810682000,0.0
1628810712000,0.0006002400960384152
1628810742000,0.0
1628810772000,0.0006222775357809582
1628810802000,0.0
1628810832000,0.0
1628810862000,0.0
1628810892000,0.0
1628810922000,0.0
1628810952000,0.0005991611743559018
1628810982000,0.0006038647342995169
1628811012000,0.0005885815185403178
1628811042000,0.0
1628811072000,0.0
1628811102000,0.0
1628811132000,0.0006053268765133173
1628811162000,0.0012012012012012011
1628811192000,0.0
1628811222000,0.0005970149253731342
1628811252000,0.0
1628811282000,0.0
1628811312000,0.0
1628811342000,0.0
1628811372000,0.0
1628811402000,0.0
1628811432000,0.0005973715651135006
1628811462000,0.0
1628811492000,0.0
1628811522000,0.0005938242280285036
1628811552000,0.0
1628811582000,0.0006027727546714887
1628811612000,0.000585480093676815
1628811642000,0.0006024096385542169
1628811672000,0.0006131207847946045
1628811702000,0.0
1628811732000,0.0
1628811762000,0.0
1628811792000,0.0005995203836930455
1628811822000,0.0
1628811852000,0.0
1628811882000,0.0
1628811912000,0.0
1628811942000,0.0
1628811972000,0.0
1628812002000,0.0006134969325153375
1628812032000,0.0006060606060606062
1628812062000,0.0
1628812092000,0.0006138735420503376
1628812122000,0.0
1628812152000,0.0
1628812182000,0.0
1628812212000,0.0
1628812242000,0.0
1628812272000,0.0006056935190793457
1628812302000,0.0
1628812332000,0.0005984440454817473
1628812362000,0.0
1628812392000,0.0006067961165048543
1628812422000,0.0
1628812452000,0.0
1628812482000,0.0
1628812512000,0.0
1628812542000,0.0
1628812572000,0.0005977286312014345
1628812602000,0.0
1628812632000,0.0005998800239952009
1628812662000,0.0006013229104028864
1628812692000,0.0006071645415907711
1628812722000,0.0
1628812752000,0.0
1628812782000,0.0
1628812812000,0.0
1628812842000,0.001203369434416366
1628812872000,0.0
1628812902000,0.0
1628812932000,0.0006101281269066504
1628812962000,0.0006031363088057902
1628812992000,0.0
1628813022000,0.0
1628813052000,0.0
1628813082000,0.0
1628813112000,0.0
1628813142000,0.0
1628813172000,0.0005991611743559018
1628813202000,0.0
1628813232000,0.0
1628813262000,0.0006079027355623102
1628813292000,0.0
1628813322000,0.0
1628813352000,0.0
1628813382000,0.0
1628813412000,0.0
1628813442000,0.0
1628813472000,0.0
1628813502000,0.0
1628813532000,0.0
1628813562000,0.0
1628813592000,0.0
1628813622000,0.0005892751915144372
1628813652000,0.0
1628813682000,0.0
1628813712000,0.0005980861244019139
1628813742000,0.0
1628813772000,0.0006053268765133173
1628813802000,0.0006002400960384152
1628813832000,0.0
1628813862000,0.0006071645415907711
1628813892000,0.0
1628813922000,0.0
1628813952000,0.0006131207847946045
1628813982000,0.0006075334143377885
1628814012000,0.0
1628814042000,0.0006090133982947625
1628814072000,0.0005995203836930455
1628814102000,0.0005938242280285036
1628814132000,0.0
1628814162000,0.0006123698714023269
1628814192000,0.0
1628814222000,0.0
1628814252000,0.0006067961165048543
1628814282000,0.0
1628814312000,0.0
1628814342000,0.0
1628814372000,0.0
1628814402000,0.0
1628814432000,0.0011897679952409279
1628814462000,0.0006138735420503376
1628814492000,0.0
1628814522000,0.0
1628814552000,0.0005984440454817473
1628814582000,0.0
1628814612000,0.0006042296072507553
1628814642000,0.0006045949214026603
1628814672000,0.0
1628814702000,0.0006079027355623102
1628814732000,0.0005963029218843173
1628814762000,0.0
1628814792000,0.0
1628814822000,0.0006060606060606062
1628814852000,0.0006016847172081829
1628814882000,0.0
1628814912000,0.0005858230814294082
1628814942000,0.0
1628814972000,0.0006045949214026603
1628815002000,0.0011926058437686346
1628815032000,0.0
1628815062000,0.0006035003017501509
1628815092000,0.0006138735420503376
1628815122000,0.0006090133982947625
1628815152000,0.0
1628815182000,0.0
1628815212000,0.0
1628815242000,0.0006138735420503376
1628815272000,0.0
1628815302000,0.0006108735491753207
1628815332000,0.0
1628815362000,0.0005952380952380952
1628815392000,0.0
1628815422000,0.0
1628815452000,0.0
1628815482000,0.0
1628815512000,0.0
1628815542000,0.0006060606060606062
1628815572000,0.0006150061500615006
1628815602000,0.0006165228113440197
1628815632000,0.0
1628815662000,0.0006056935190793457
1628815692000,0.0
1628815722000,0.0
1628815752000,0.0005977286312014345
1628815782000,0.0006131207847946045
1628815812000,0.0
1628815842000,0.0
1628815872000,0.0
1628815902000,0.0
1628815932000,0.0011723329425556855
1628815962000,0.0
1628815992000,0.0011911852293031567
1628816022000,0.0
1628816052000,0.0006045949214026603
1628816082000,0.0005934718100890207
1628816112000,0.0
1628816142000,0.0
1628816172000,0.0
1628816202000,0.0
1628816232000,0.0
1628816262000,0.0012187690432663009
1628816292000,0.0
1628816322000,0.0006002400960384152
1628816352000,0.0
1628816382000,0.0
1628816412000,0.0
1628816442000,0.0006075334143377885
1628816472000,0.0
1628816502000,0.0017899761336515516
1628816532000,0.0006108735491753207
1628816562000,0.0006195786864931846
1628816592000,0.0
1628816622000,0.0
1628816652000,0.0006053268765133173
1628816682000,0.0006138735420503376
1628816712000,0.0
1628816742000,0.0
1628816772000,0.0006146281499692684
1628816802000,0.0
1628816832000,0.0005959475566150177
1628816862000,0.0
1628816892000,0.0
1628816922000,0.0006042296072507553
1628816952000,0.0
1628816982000,0.0
1628817012000,0.0006075334143377885
1628817042000,0.0
1628817072000,0.0
1628817102000,0.0
1628817132000,0.0
1628817162000,0.0006101281269066504
1628817192000,0.0
1628817222000,0.0
1628817252000,0.0
1628817282000,0.0
1628817312000,0.0
1628817342000,0.0006002400960384152
1628817372000,0.0
1628817402000,0.0
1628817432000,0.0
1628817462000,0.0
1628817492000,0.0
1628817522000,0.0
1628817552000,0.0
1628817582000,0.0
1628817612000,0.0
1628817642000,0.0
1628817672000,0.0006056935190793457
1628817702000,0.0005973715651135006
1628817732000,0.0
1628817762000,0.0
1628817792000,0.0
1628817822000,0.0
1628817852000,0.0
1628817882000,0.0006112469437652813
1628817912000,0.0
1628817942000,0.0
1628817972000,0.0
1628818002000,0.0006090133982947625
1628818032000,0.0
1628818062000,0.0006064281382656155
1628818092000,0.0006067961165048543
1628818122000,0.0
1628818152000,0.0006090133982947625
1628818182000,0.0
1628818212000,0.0006006006006006006
1628818242000,0.0
1628818272000,0.0006045949214026603
1628818302000,0.0006188118811881187
1628818332000,0.0
1628818362000,0.0
1628818392000,0.0
1628818422000,0.0
1628818452000,0.0
1628818482000,0.0
1628818512000,0.0
1628818542000,0.0
1628818572000,0.0006218905472636817
1628818602000,0.0
1628818632000,0.0005878894767783657
1628818662000,0.0
1628818692000,0.0
1628818722000,0.0
1628818752000,0.0
1628818782000,0.0011883541295306002
1628818812000,0.0
1628818842000,0.0006020469596628537
1628818872000,0.0
1628818902000,0.0
1628818932000,0.0
1628818962000,0.0
1628818992000,0.0006184291898577612
1628819022000,0.0
1628819052000,0.0
1628819082000,0.0005948839976204639
1628819112000,0.0
1628819142000,0.0
1628819172000,0.0
1628819202000,0.0006203473945409428
1628819232000,0.0
1628819262000,0.0005963029218843173
1628819292000,0.0005995203836930455
1628819322000,0.0
1628819352000,0.0
1628819382000,0.001203369434416366
1628819412000,0.0
1628819442000,0.0005885815185403178
1628819472000,0.0
1628819502000,0.0
1628819532000,0.0
1628819562000,0.0
1628819592000,0.0
1628819622000,0.0
1628819652000,0.0005948839976204639
1628819682000,0.0006016847172081829
1628819712000,0.0
1628819742000,0.0
1628819772000,0.0
1628819802000,0.0
1628819832000,0.0
1628819862000,0.0
1628819892000,0.0005995203836930455
1628819922000,0.0
1628819952000,0.0
1628819982000,0.0
1628820012000,0.0
1628820042000,0.0005865102639296188
1628820072000,0.0005892751915144372
1628820102000,0.0006079027355623102
1628820132000,0.0
1628820162000,0.0006199628022318662
1628820192000,0.0
1628820222000,0.0
1628820252000,0.0006093845216331506
1628820282000,0.0
1628820312000,0.0006024096385542169
1628820342000,0.0006082725060827251
1628820372000,0.0
1628820402000,0.0
1628820432000,0.0005980861244019139
1628820462000,0.0
1628820492000,0.0
1628820522000,0.0
1628820552000,0.0005924170616113746
1628820582000,0.0006031363088057902
1628820612000,0.0
1628820642000,0.0005995203836930455
1628820672000,0.0
1628820702000,0.0
1628820732000,0.0
1628820762000,0.0
1628820792000,0.0
1628820822000,0.0006045949214026603
1628820852000,0.0
1628820882000,0.0
1628820912000,0.0
1628820942000,0.0
1628820972000,0.0
1628821002000,0.0
1628821032000,0.0
1628821062000,0.0
1628821092000,0.0
1628821122000,0.0006108735491753207
1628821152000,0.0
1628821182000,0.0006027727546714887
1628821212000,0.0006024096385542169
1628821242000,0.0005861664712778429
1628821272000,0.0006079027355623102
1628821302000,0.0
1628821332000,0.0
1628821362000,0.0006053268765133173
1628821392000,0.0
1628821422000,0.0006215040397762585
1628821452000,0.0005984440454817473
1628821482000,0.0005952380952380952
1628821512000,0.0
1628821542000,0.0
1628821572000,0.0006064281382656155
1628821602000,0.0006049606775559589
1628821632000,0.0
1628821662000,0.0
1628821692000,0.0
1628821722000,0.0
1628821752000,0.0006031363088057902
1628821782000,0.0006016847172081829
1628821812000,0.0006056935190793457
1628821842000,0.0005945303210463732
1628821872000,0.0
1628821902000,0.0
1628821932000,0.0011834319526627221
1628821962000,0.0
1628821992000,0.0
1628822022000,0.0
1628822052000,0.0
1628822082000,0.0
1628822112000,0.0006119951040391675
1628822142000,0.0006020469596628537
1628822172000,0.0
1628822202000,0.0
1628822232000,0.0006146281499692684
1628822262000,0.0
1628822292000,0.0006142506142506142
1628822322000,0.0006134969325153375
1628822352000,0.0
1628822382000,0.0006142506142506142
1628822412000,0.0006082725060827251
1628822442000,0.0
1628822472000,0.0005995203836930455
1628822502000,0.0006097560975609756
1628822532000,0.0
1628822562000,0.0
1628822592000,0.0
1628822622000,0.0
1628822652000,0.0
1628822682000,0.0006002400960384152
1628822712000,0.0
1628822742000,0.0006105006105006105
1628822772000,0.0
1628822802000,0.0
1628822832000,0.0
1628822862000,0.0
1628822892000,0.0
1628822922000,0.0
1628822952000,0.0
1628822982000,0.0006042296072507553
1628823012000,0.0
1628823042000,0.0006165228113440197
1628823072000,0.0
1628823102000,0.0
1628823132000,0.0
1628823162000,0.0
1628823192000,0.0
1628823222000,0.0005948839976204639
1628823252000,0.0005931198102016608
1628823282000,0.0
1628823312000,0.0
1628823342000,0.0005955926146515784
1628823372000,0.0006016847172081829
1628823402000,0.0
1628823432000,0.0006199628022318662
1628823462000,0.0005966587112171838
1628823492000,0.0
1628823522000,0.0006116207951070336
1628823552000,0.0
1628823582000,0.0
1628823612000,0.0006009615384615385
1628823642000,0.0006131207847946045
1628823672000,0.0006119951040391675
1628823702000,0.0
1628823732000,0.0
1628823762000,0.0005970149253731342
1628823792000,0.0006060606060606062
1628823822000,0.0
1628823852000,0.0
1628823882000,0.0005913660555884093
1628823912000,0.0
1628823942000,0.0
1628823972000,0.0005988023952095807
1628824002000,0.0006071645415907711
1628824032000,0.0006086427267194157
1628824062000,0.0
1628824092000,0.0012353304508956149
1628824122000,0.0
1628824152000,0.0
1628824182000,0.0006153846153846153
1628824212000,0.0005938242280285036
1628824242000,0.0
1628824272000,0.0
1628824302000,0.0
1628824332000,0.0005910165484633571
1628824362000,0.0
1628824392000,0.0006119951040391675
1628824422000,0.0
1628824452000,0.0
1628824482000,0.0
1628824512000,0.0
1628824542000,0.0
1628824572000,0.0005980861244019139
1628824602000,0.0006060606060606062
1628824632000,0.0
1628824662000,0.0006079027355623102
1628824692000,0.0
1628824722000,0.0
1628824752000,0.0006150061500615006
1628824782000,0.0
1628824812000,0.0
1628824842000,0.0
1628824872000,0.0
1628824902000,0.0
1628824932000,0.0005910165484633571
1628824962000,0.0006105006105006105
1628824992000,0.0005952380952380952
1628825022000,0.0
1628825052000,0.0
1628825082000,0.0
1628825112000,0.0
1628825142000,0.0006031363088057902
1628825172000,0.0005938242280285036
1628825202000,0.0
1628825232000,0.0
1628825262000,0.0006150061500615006
1628825292000,0.0
1628825322000,0.0
1628825352000,0.0
1628825382000,0.0
1628825412000,0.0
1628825442000,0.0
1628825472000,0.0
1628825502000,0.0005920663114268798
1628825532000,0.0005952380952380952
1628825562000,0.0
1628825592000,0.0
1628825622000,0.0012368583797155227
1628825652000,0.0006049606775559589
1628825682000,0.0
1628825712000,0.0
1628825742000,0.0
1628825772000,0.0005948839976204639
1628825802000,0.0006146281499692684
1628825832000,0.0006031363088057902
1628825862000,0.0
1628825892000,0.0
1628825922000,0.0006020469596628537
1628825952000,0.0
1628825982000,0.0
1628826012000,0.0006116207951070336
1628826042000,0.0
1628826072000,0.0
1628826102000,0.0
1628826132000,0.0
1628826162000,0.0
1628826192000,0.0005941770647653001
1628826222000,0.0006150061500615006
1628826252000,0.0
1628826282000,0.0006093845216331506
1628826312000,0.0
1628826342000,0.0
1628826372000,0.0
1628826402000,0.0006053268765133173
1628826432000,0.0
1628826462000,0.0
1628826492000,0.0006027727546714887
1628826522000,0.0
1628826552000,0.0
1628826582000,0.0005952380952380952
1628826612000,0.0
1628826642000,0.0005998800239952009
1628826672000,0.0005973715651135006
1628826702000,0.0006056935190793457
1628826732000,0.0005995203836930455
1628826762000,0.0
1628826792000,0.0006207324643078832
1628826822000,0.0006165228113440197
1628826852000,0.0
1628826882000,0.0
1628826912000,0.0
1628826942000,0.0
1628826972000,0.0006064281382656155
1628827002000,0.0
1628827032000,0.0
1628827062000,0.0
1628827092000,0.0005865102639296188
1628827122000,0.0
1628827152000,0.0
1628827182000,0.0
1628827212000,0.0
1628827242000,0.0006079027355623102
1628827272000,0.0
1628827302000,0.0
1628827332000,0.0
1628827362000,0.0
1628827392000,0.0
1628827422000,0.0006211180124223603
1628827452000,0.0
1628827482000,0.0006020469596628537
1628827512000,0.0
1628827542000,0.0006016847172081829
1628827572000,0.0
1628827602000,0.0
1628827632000,0.0
1628827662000,0.0
1628827692000,0.0
1628827722000,0.0
1628827752000,0.0
1628827782000,0.0
1628827812000,0.0
1628827842000,0.0005934718100890207
1628827872000,0.0
1628827902000,0.0011961722488038275
1628827932000,0.0006053268765133173
1628827962000,0.0
1628827992000,0.0006150061500615006
1628828022000,0.0
1628828052000,0.0
1628828082000,0.0
1628828112000,0.0
1628828142000,0.0005995203836930455
1628828172000,0.0005889281507656067
1628828202000,0.0006191950464396285
1628828232000,0.0
1628828262000,0.0005977286312014345
1628828292000,0.0
1628828322000,0.0012106537530266347
1628828352000,0.0
1628828382000,0.0
1628828412000,0.0
1628828442000,0.0005988023952095807
1628828472000,0.0
1628828502000,0.0
1628828532000,0.0
1628828562000,0.0
1628828592000,0.0
1628828622000,0.0
1628828652000,0.0006064281382656155
1628828682000,0.0
1628828712000,0.0
1628828742000,0.0
1628828772000,0.0
1628828802000,0.0005934718100890207
1628828832000,0.0
1628828862000,0.0006038647342995169
1628828892000,0.0
1628828922000,0.0
1628828952000,0.0
1628828982000,0.0
1628829012000,0.0
1628829042000,0.0
1628829072000,0.0
1628829102000,0.0
1628829132000,0.0
1628829162000,0.0
1628829192000,0.0
1628829222000,0.0
1628829252000,0.0
1628829282000,0.0
1628829312000,0.0
1628829342000,0.0
1628829372000,0.0
1628829402000,0.0
1628829432000,0.0
1628829462000,0.0
1628829492000,0.0
1628829522000,0.0
1628829552000,0.0
1628829582000,0.0005980861244019139
1628829612000,0.0
1628829642000,0.0
1628829672000,0.0005977286312014345
1628829702000,0.0
1628829732000,0.0006075334143377885
1628829762000,0.0006090133982947625
1628829792000,0.0006071645415907711
1628829822000,0.0006049606775559589
1628829852000,0.0
1628829882000,0.0
1628829912000,0.0
1628829942000,0.0
1628829972000,0.0
1628830002000,0.0
1628830032000,0.0
1628830062000,0.0006053268765133173
1628830092000,0.0
1628830122000,0.0
1628830152000,0.0012026458208057728
1628830182000,0.0006086427267194157
1628830212000,0.0
1628830242000,0.0
1628830272000,0.0
1628830302000,0.0006049606775559589
1628830332000,0.0
1628830362000,0.0
1628830392000,0.0
1628830422000,0.0
1628830452000,0.0006150061500615006
1628830482000,0.0
1628830512000,0.0006116207951070336
1628830542000,0.0
1628830572000,0.0
1628830602000,0.0
1628830632000,0.0
1628830662000,0.0
1628830692000,0.0006009615384615385
1628830722000,0.0005948839976204639
1628830752000,0.0
1628830782000,0.0
1628830812000,0.0
1628830842000,0.0
1628830872000,0.0006002400960384152
1628830902000,0.0006006006006006006
1628830932000,0.0005903187721369539
1628830962000,0.0
1628830992000,0.0005959475566150177
1628831022000,0.0
1628831052000,0.0
1628831082000,0.0
1628831112000,0.0
1628831142000,0.0
1628831172000,0.0
1628831202000,0.0
1628831232000,0.0
1628831262000,0.0005959475566150177
1628831292000,0.0005896226415094339
1628831322000,0.0
1628831352000,0.0
1628831382000,0.0006027727546714887
1628831412000,0.0
1628831442000,0.0
1628831472000,0.0
1628831502000,0.0
1628831532000,0.0
1628831562000,0.0
1628831592000,0.0006134969325153375
1628831622000,0.0
1628831652000,0.0
1628831682000,0.0005945303210463732
1628831712000,0.0
1628831742000,0.0
1628831772000,0.0005934718100890207
1628831802000,0.0012461059190031153
1628831832000,0.0
1628831862000,0.0
1628831892000,0.0
1628831922000,0.0
1628831952000,0.0005988023952095807
1628831982000,0.0005995203836930455
1628832012000,0.0006142506142506142
1628832042000,0.0
1628832072000,0.0
1628832102000,0.0005875440658049354
1628832132000,0.0006020469596628537
1628832162000,0.0
1628832192000,0.0006053268765133173
1628832222000,0.0006191950464396285
1628832252000,0.0
1628832282000,0.0012247397428046538
1628832312000,0.0006009615384615385
1628832342000,0.0
1628832372000,0.0
1628832402000,0.0011834319526627221
1628832432000,0.0
1628832462000,0.0006067961165048543
1628832492000,0.0
1628832522000,0.0
1628832552000,0.0
1628832582000,0.0
1628832612000,0.0006082725060827251
1628832642000,0.0
1628832672000,0.0
1628832702000,0.0006013229104028864
1628832732000,0.0006079027355623102
1628832762000,0.0
1628832792000,0.0
1628832822000,0.0
1628832852000,0.0
1628832882000,0.0006042296072507553
1628832912000,0.0
1628832942000,0.0
1628832972000,0.000588235294117647
1628833002000,0.0006101281269066504
1628833032000,0.0
1628833062000,0.0
1628833092000,0.0
1628833122000,0.0005980861244019139
1628833152000,0.0
1628833182000,0.0
1628833212000,0.0
1628833242000,0.0006049606775559589
1628833272000,0.0
1628833302000,0.0
1628833332000,0.0
1628833362000,0.0006165228113440197
1628833392000,0.0
1628833422000,0.0
1628833452000,0.0006027727546714887
1628833482000,0.0
1628833512000,0.0
1628833542000,0.0
1628833572000,0.0005995203836930455
1628833602000,0.0
1628833632000,0.0
1628833662000,0.0
1628833692000,0.0006086427267194157
1628833722000,0.0
1628833752000,0.0
1628833782000,0.0
1628833812000,0.0
1628833842000,0.0006108735491753207
1628833872000,0.0
1628833902000,0.0005998800239952009
1628833932000,0.0
1628833962000,0.0006150061500615006
1628833992000,0.0
1628834022000,0.0006105006105006105
1628834052000,0.0
1628834082000,0.0
1628834112000,0.0006002400960384152
1628834142000,0.0005959475566150177
1628834172000,0.0
1628834202000,0.0
1628834232000,0.0
1628834262000,0.0005977286312014345
1628834292000,0.0
1628834322000,0.0
1628834352000,0.0006009615384615385
1628834382000,0.0
1628834412000,0.0006116207951070336
1628834442000,0.0
1628834472000,0.0
1628834502000,0.0
1628834532000,0.0
1628834562000,0.0006045949214026603
1628834592000,0.0
1628834622000,0.0
1628834652000,0.0005903187721369539
1628834682000,0.0005963029218843173
1628834712000,0.0006049606775559589
1628834742000,0.0005973715651135006
1628834772000,0.0
1628834802000,0.0
1628834832000,0.0
1628834862000,0.0006079027355623102
1628834892000,0.0006082725060827251
1628834922000,0.0
1628834952000,0.0
1628834982000,0.0
1628835012000,0.0
1628835042000,0.0006009615384615385
1628835072000,0.0005899705014749262
1628835102000,0.0
1628835132000,0.0012247397428046538
1628835162000,0.0
1628835192000,0.0006157635467980296
1628835222000,0.0
1628835252000,0.0005896226415094339
1628835282000,0.0006086427267194157
1628835312000,0.0
1628835342000,0.0006188118811881187
1628835372000,0.0
1628835402000,0.0
1628835432000,0.0006142506142506142
1628835462000,0.0
1628835492000,0.0
1628835522000,0.0
1628835552000,0.0
1628835582000,0.0005924170616113746
1628835612000,0.0006027727546714887
1628835642000,0.0
1628835672000,0.0006009615384615385
1628835702000,0.0006165228113440197
1628835732000,0.0
1628835762000,0.0006027727546714887
1628835792000,0.0
1628835822000,0.0
1628835852000,0.0
1628835882000,0.0
1628835912000,0.0
1628835942000,0.0
1628835972000,0.0006112469437652813
1628836002000,0.0
1628836032000,0.0005913660555884093
1628836062000,0.0
1628836092000,0.0
1628836122000,0.0
1628836152000,0.0006031363088057902
1628836182000,0.0
1628836212000,0.0006075334143377885
1628836242000,0.0011841326228537595
1628836272000,0.0
1628836302000,0.0005871990604815032
1628836332000,0.0
1628836362000,0.0
1628836392000,0.0006105006105006105
1628836422000,0.0
1628836452000,0.0
1628836482000,0.0
1628836512000,0.0
1628836542000,0.0
1628836572000,0.0006218905472636817
1628836602000,0.0
1628836632000,0.0
1628836662000,0.0
1628836692000,0.0
1628836722000,0.0006056935190793457
1628836752000,0.0
1628836782000,0.0006031363088057902
1628836812000,0.0005896226415094339
1628836842000,0.0
1628836872000,0.0011890606420927464
1628836902000,0.0
1628836932000,0.0
1628836962000,0.0
1628836992000,0.0005945303210463732
1628837022000,0.0
1628837052000,0.0
1628837082000,0.0006090133982947625
1628837112000,0.0
1628837142000,0.0
1628837172000,0.0
1628837202000,0.0
1628837232000,0.0006042296072507553
1628837262000,0.0
1628837292000,0.0
1628837322000,0.0
1628837352000,0.0
1628837382000,0.0
1628837412000,0.0006038647342995169
1628837442000,0.0
1628837472000,0.0006138735420503376
1628837502000,0.0006009615384615385
1628837532000,0.0
1628837562000,0.0006134969325153375
1628837592000,0.0
1628837622000,0.0006138735420503376
1628837652000,0.0
1628837682000,0.0
1628837712000,0.0
1628837742000,0.0
1628837772000,0.0
1628837802000,0.0005984440454817473
1628837832000,0.0006108735491753207
1628837862000,0.0006056935190793457
1628837892000,0.0
1628837922000,0.0
1628837952000,0.0006038647342995169
1628837982000,0.0
1628838012000,0.0006067961165048543
1628838042000,0.0
1628838072000,0.0012172854534388314
1628838102000,0.001215066828675577
1628838132000,0.0011890606420927464
1628838162000,0.0005913660555884093
1628838192000,0.0
1628838222000,0.0
1628838252000,0.0
1628838282000,0.0006176652254478072
1628838312000,0.0005966587112171838
1628838342000,0.0
1628838372000,0.0006222775357809582
1628838402000,0.0
1628838432000,0.0006071645415907711
1628838462000,0.0012391573729863693
1628838492000,0.0
1628838522000,0.0005941770647653001
1628838552000,0.0
1628838582000,0.0
1628838612000,0.0
1628838642000,0.0005995203836930455
1628838672000,0.0
1628838702000,0.0006038647342995169
1628838732000,0.0
1628838762000,0.0
1628838792000,0.0
1628838822000,0.0
1628838852000,0.0006123698714023269
1628838882000,0.0
1628838912000,0.0
1628838942000,0.0006067961165048543
1628838972000,0.0006042296072507553
1628839002000,0.0
1628839032000,0.0006188118811881187
1628839062000,0.0
1628839092000,0.0
1628839122000,0.0
1628839152000,0.0
1628839182000,0.0006112469437652813
1628839212000,0.0
1628839242000,0.0
1628839272000,0.0005984440454817473
1628839302000,0.0
1628839332000,0.0
1628839362000,0.0
1628839392000,0.0
1628839422000,0.0006172839506172839
1628839452000,0.0
1628839482000,0.0
1628839512000,0.0
1628839542000,0.0
1628839572000,0.0
1628839602000,0.0
1628839632000,0.0
1628839662000,0.0
1628839692000,0.0
1628839722000,0.0
1628839752000,0.0
1628839782000,0.0
1628839812000,0.0
1628839842000,0.0
1628839872000,0.0006131207847946045
1628839902000,0.0006079027355623102
1628839932000,0.0
1628839962000,0.0
1628839992000,0.0006123698714023269
1628840022000,0.0006215040397762585
1628840052000,0.0
1628840082000,0.0
1628840112000,0.0005966587112171838
1628840142000,0.0
1628840172000,0.0
1628840202000,0.0006031363088057902
1628840232000,0.0
1628840262000,0.0006006006006006006
1628840292000,0.0
1628840322000,0.0
1628840352000,0.0006097560975609756
1628840382000,0.0
1628840412000,0.0006035003017501509
1628840442000,0.0006101281269066504
1628840472000,0.0
1628840502000,0.0006009615384615385
1628840532000,0.0005955926146515784
1628840562000,0.0005892751915144372
1628840592000,0.0
1628840622000,0.0005984440454817473
1628840652000,0.0
1628840682000,0.0
1628840712000,0.0005920663114268798
1628840742000,0.0
1628840772000,0.0
1628840802000,0.0
1628840832000,0.0
1628840862000,0.000588235294117647
1628840892000,0.0005966587112171838
1628840922000,0.0
1628840952000,0.0
1628840982000,0.0
1628841012000,0.0006138735420503376
1628841042000,0.0
1628841072000,0.0
1628841102000,0.0005963029218843173
1628841132000,0.0
1628841162000,0.0
1628841192000,0.0006090133982947625
1628841222000,0.0
1628841252000,0.0
1628841282000,0.0
1628841312000,0.0006049606775559589
1628841342000,0.0006123698714023269
1628841372000,0.0
1628841402000,0.0
1628841432000,0.0006138735420503376
1628841462000,0.0
1628841492000,0.0
1628841522000,0.0
1628841552000,0.0012004801920768304
1628841582000,0.0
1628841612000,0.0
1628841642000,0.0006211180124223603
1628841672000,0.0005889281507656067
1628841702000,0.0006119951040391675
1628841732000,0.0006053268765133173
1628841762000,0.0
1628841792000,0.0
1628841822000,0.0
1628841852000,0.0
1628841882000,0.0
1628841912000,0.0006024096385542169
1628841942000,0.0005878894767783657
1628841972000,0.0
1628842002000,0.0005941770647653001
1628842032000,0.0006053268765133173
1628842062000,0.0
1628842092000,0.0005984440454817473
1628842122000,0.0
1628842152000,0.000585480093676815
1628842182000,0.0012338062924120911
1628842212000,0.0006031363088057902
1628842242000,0.0
1628842272000,0.0
1628842302000,0.0
1628842332000,0.0
1628842362000,0.0
1628842392000,0.0
1628842422000,0.0
1628842452000,0.0
1628842482000,0.0
1628842512000,0.0005977286312014345
1628842542000,0.0
1628842572000,0.0006097560975609756
1628842602000,0.0011855364552459987
1628842632000,0.0
1628842662000,0.0
1628842692000,0.0005934718100890207
1628842722000,0.0006090133982947625
1628842752000,0.0
1628842782000,0.0
1628842812000,0.0
1628842842000,0.0
1628842872000,0.0
1628842902000,0.0
1628842932000,0.0006064281382656155
1628842962000,0.0
1628842992000,0.0006119951040391675
1628843022000,0.0
1628843052000,0.0
1628843082000,0.0
1628843112000,0.0
1628843142000,0.0006180469715698393
1628843172000,0.0
1628843202000,0.0
1628843232000,0.0
1628843262000,0.0
1628843292000,0.0
1628843322000,0.0006134969325153375
1628843352000,0.0006184291898577612
1628843382000,0.0
1628843412000,0.0006016847172081829
1628843442000,0.0006097560975609756
1628843472000,0.0
1628843502000,0.0006105006105006105
1628843532000,0.0
1628843562000,0.0
1628843592000,0.0
1628843622000,0.0
1628843652000,0.0
1628843682000,0.0
1628843712000,0.0
1628843742000,0.0
1628843772000,0.0
1628843802000,0.0
1628843832000,0.0
1628843862000,0.0005966587112171838
1628843892000,0.0006053268765133173
1628843922000,0.0
1628843952000,0.0
1628843982000,0.0
1628844012000,0.0
1628844042000,0.0
1628844072000,0.0
1628844102000,0.001218026796589525
1628844132000,0.0006180469715698393
1628844162000,0.0
1628844192000,0.0
1628844222000,0.0005988023952095807
1628844252000,0.0
1628844282000,0.0
1628844312000,0.0
1628844342000,0.0
1628844372000,0.0
1628844402000,0.0
1628844432000,0.0
1628844462000,0.0
1628844492000,0.0006045949214026603
1628844522000,0.0
1628844552000,0.0006038647342995169
1628844582000,0.0
1628844612000,0.0
1628844642000,0.0005963029218843173
1628844672000,0.0006075334143377885
1628844702000,0.0
1628844732000,0.0006234413965087283
1628844762000,0.0
1628844792000,0.0
1628844822000,0.0006009615384615385
1628844852000,0.0
1628844882000,0.0
1628844912000,0.0
1628844942000,0.0
1628844972000,0.0
1628845002000,0.0006064281382656155
1628845032000,0.0005913660555884093
1628845062000,0.0
1628845092000,0.0
1628845122000,0.0
1628845152000,0.0
1628845182000,0.0
1628845212000,0.0
1628845242000,0.0005952380952380952
1628845272000,0.0
1628845302000,0.0
1628845332000,0.0011827321111768185
1628845362000,0.0
1628845392000,0.0
1628845422000,0.0
1628845452000,0.0
1628845482000,0.0006079027355623102
1628845512000,0.0006016847172081829
1628845542000,0.0
1628845572000,0.0
1628845602000,0.0005955926146515784
1628845632000,0.0
1628845662000,0.0006064281382656155
1628845692000,0.0
1628845722000,0.0
1628845752000,0.0
1628845782000,0.0
1628845812000,0.0
1628845842000,0.0
1628845872000,0.0
1628845902000,0.0005955926146515784
1628845932000,0.0
1628845962000,0.0
1628845992000,0.0
1628846022000,0.0
1628846052000,0.0
1628846082000,0.0006013229104028864
1628846112000,0.0006045949214026603
1628846142000,0.0006218905472636817
1628846172000,0.0
1628846202000,0.0
1628846232000,0.0
1628846262000,0.0006035003017501509
1628846292000,0.0
1628846322000,0.0006150061500615006
1628846352000,0.0
1628846382000,0.0
1628846412000,0.0
1628846442000,0.0
1628846472000,0.0
1628846502000,0.0
1628846532000,0.0
1628846562000,0.0
1628846592000,0.0
1628846622000,0.0006053268765133173
1628846652000,0.0
1628846682000,0.0
1628846712000,0.0006067961165048543
1628846742000,0.0
1628846772000,0.0
1628846802000,0.0
1628846832000,0.0
1628846862000,0.0
1628846892000,0.0006049606775559589
1628846922000,0.0
1628846952000,0.0006031363088057902
1628846982000,0.0006097560975609756
1628847012000,0.0
1628847042000,0.0006031363088057902
1628847072000,0.0005973715651135006
1628847102000,0.0
1628847132000,0.0006053268765133173
1628847162000,0.0
1628847192000,0.0
1628847222000,0.0005980861244019139
1628847252000,0.0
1628847282000,0.0012084592145015106
1628847312000,0.0005931198102016608
1628847342000,0.0
1628847372000,0.0
1628847402000,0.0
1628847432000,0.0
1628847462000,0.0
1628847492000,0.0
1628847522000,0.0
1628847552000,0.0
1628847582000,0.0
1628847612000,0.0006045949214026603
1628847642000,0.0
1628847672000,0.0005834305717619603
1628847702000,0.0006157635467980296
1628847732000,0.0
1628847762000,0.0
1628847792000,0.0
1628847822000,0.0
1628847852000,0.0006169031462060457
1628847882000,0.0006108735491753207
1628847912000,0.0006031363088057902
1628847942000,0.0006053268765133173
1628847972000,0.0
1628848002000,0.0006013229104028864
1628848032000,0.0
1628848062000,0.0
1628848092000,0.0
1628848122000,0.0
1628848152000,0.0
1628848182000,0.0
1628848212000,0.0
1628848242000,0.0005963029218843173
1628848272000,0.0006123698714023269
1628848302000,0.0012106537530266347
1628848332000,0.0006097560975609756
1628848362000,0.0
1628848392000,0.0
1628848422000,0.0006042296072507553
1628848452000,0.0006142506142506142
1628848482000,0.0
1628848512000,0.0
1628848542000,0.0
1628848572000,0.0
1628848602000,0.0
1628848632000,0.0
1628848662000,0.0
1628848692000,0.0
1628848722000,0.0006134969325153375
1628848752000,0.0
1628848782000,0.0
1628848812000,0.0
1628848842000,0.0
1628848872000,0.0006027727546714887
1628848902000,0.0
1628848932000,0.0
1628848962000,0.0006002400960384152
1628848992000,0.0
1628849022000,0.0
1628849052000,0.0
1628849082000,0.0
1628849112000,0.0006064281382656155
1628849142000,0.0006020469596628537
1628849172000,0.0
1628849202000,0.0
1628849232000,0.0006191950464396285
1628849262000,0.0006134969325153375
1628849292000,0.0
1628849322000,0.0
1628849352000,0.0
1628849382000,0.0
1628849412000,0.0
1628849442000,0.0006112469437652813
1628849472000,0.0
1628849502000,0.0
1628849532000,0.0
1628849562000,0.0
1628849592000,0.0
1628849622000,0.0006090133982947625
1628849652000,0.0
1628849682000,0.0
1628849712000,0.0
1628849742000,0.0
1628849772000,0.0012062726176115801
1628849802000,0.0
1628849832000,0.0
1628849862000,0.0
1628849892000,0.0005889281507656067
1628849922000,0.0
1628849952000,0.0006024096385542169
1628849982000,0.0006112469437652813
1628850012000,0.0
1628850042000,0.0
1628850072000,0.0
1628850102000,0.0006138735420503376
1628850132000,0.0
1628850162000,0.0
1628850192000,0.0
1628850222000,0.0006134969325153375
1628850252000,0.0
1628850282000,0.0
1628850312000,0.0
1628850342000,0.0
1628850372000,0.0
1628850402000,0.0
1628850432000,0.0006086427267194157
1628850462000,0.0
1628850492000,0.0
1628850522000,0.0
1628850552000,0.0
1628850582000,0.0
1628850612000,0.0
1628850642000,0.0
1628850672000,0.0
1628850702000,0.0
1628850732000,0.0
1628850762000,0.0006082725060827251
1628850792000,0.0005959475566150177
1628850822000,0.0
1628850852000,0.0005903187721369539
1628850882000,0.0
1628850912000,0.0
1628850942000,0.0
1628850972000,0.0005966587112171838
1628851002000,0.0
1628851032000,0.0
1628851062000,0.0
1628851092000,0.0
1628851122000,0.0
1628851152000,0.0
1628851182000,0.0
1628851212000,0.0
1628851242000,0.0006123698714023269
1628851272000,0.0006075334143377885
1628851302000,0.0
1628851332000,0.0
1628851362000,0.0006184291898577612
1628851392000,0.0006038647342995169
1628851422000,0.0
1628851452000,0.0
1628851482000,0.0
1628851512000,0.0
1628851542000,0.0
1628851572000,0.0
1628851602000,0.0005963029218843173
1628851632000,0.0
1628851662000,0.0
1628851692000,0.0
1628851722000,0.0006169031462060457
1628851752000,0.0
1628851782000,0.0006009615384615385
1628851812000,0.0
1628851842000,0.0
1628851872000,0.0006079027355623102
1628851902000,0.0
1628851932000,0.0
1628851962000,0.0006042296072507553
1628851992000,0.0
1628852022000,0.0
1628852052000,0.0006020469596628537
1628852082000,0.0
1628852112000,0.0005966587112171838
1628852142000,0.0
1628852172000,0.0
1628852202000,0.0
1628852232000,0.0005984440454817473
1628852262000,0.0006090133982947625
1628852292000,0.0
1628852322000,0.0006056935190793457
1628852352000,0.0006142506142506142
1628852382000,0.0
1628852412000,0.0006053268765133173
1628852442000,0.0
1628852472000,0.0
1628852502000,0.0
1628852532000,0.0
1628852562000,0.0
1628852592000,0.0
1628852622000,0.0006042296072507553
1628852652000,0.0
1628852682000,0.0005991611743559018
1628852712000,0.0
1628852742000,0.0005885815185403178
1628852772000,0.0
1628852802000,0.0006071645415907711
1628852832000,0.0
1628852862000,0.0
1628852892000,0.0
1628852922000,0.0
1628852952000,0.0006053268765133173
1628852982000,0.0
1628853012000,0.0
1628853042000,0.0
1628853072000,0.0006188118811881187
1628853102000,0.0
1628853132000,0.0006199628022318662
1628853162000,0.0006086427267194157
1628853192000,0.0
1628853222000,0.0
1628853252000,0.0
1628853282000,0.0
1628853312000,0.0
1628853342000,0.0
1628853372000,0.0
1628853402000,0.0
1628853432000,0.0
1628853462000,0.0
1628853492000,0.0006075334143377885
1628853522000,0.0006222775357809582
1628853552000,0.0006105006105006105
1628853582000,0.0
1628853612000,0.0
1628853642000,0.0
1628853672000,0.0005988023952095807
1628853702000,0.0
1628853732000,0.0
1628853762000,0.0
1628853792000,0.0
1628853822000,0.0
1628853852000,0.0
1628853882000,0.0
1628853912000,0.0006049606775559589
1628853942000,0.0
1628853972000,0.0006188118811881187
1628854002000,0.0
1628854032000,0.0
1628854062000,0.0
1628854092000,0.0005889281507656067
1628854122000,0.0
1628854152000,0.0
1628854182000,0.0005970149253731342
1628854212000,0.0
1628854242000,0.0006090133982947625
1628854272000,0.0
1628854302000,0.0006105006105006105
1628854332000,0.0005927682276229994
1628854362000,0.0006090133982947625
1628854392000,0.0006016847172081829
1628854422000,0.0006016847172081829
1628854452000,0.0
1628854482000,0.0
1628854512000,0.0
1628854542000,0.0
1628854572000,0.0005988023952095807
1628854602000,0.0
1628854632000,0.0
1628854662000,0.0006086427267194157
1628854692000,0.0
1628854722000,0.0
1628854752000,0.0
1628854782000,0.0006027727546714887
1628854812000,0.0
1628854842000,0.0006199628022318662
1628854872000,0.0
1628854902000,0.0
1628854932000,0.0005988023952095807
1628854962000,0.0
1628854992000,0.0006053268765133173
1628855022000,0.000588235294117647
1628855052000,0.0
1628855082000,0.0006067961165048543
1628855112000,0.0006093845216331506
1628855142000,0.0
1628855172000,0.0
1628855202000,0.0
1628855232000,0.0006116207951070336
1628855262000,0.0
1628855292000,0.0
1628855322000,0.0
1628855352000,0.0
1628855382000,0.0
1628855412000,0.0006180469715698393
1628855442000,0.0006038647342995169
1628855472000,0.0
1628855502000,0.0
1628855532000,0.0
1628855562000,0.0
1628855592000,0.0006042296072507553
1628855622000,0.0
1628855652000,0.0
1628855682000,0.0006203473945409428
1628855712000,0.0
1628855742000,0.0
1628855772000,0.0
1628855802000,0.0
1628855832000,0.0005931198102016608
1628855862000,0.0006086427267194157
1628855892000,0.0
1628855922000,0.0
1628855952000,0.0
1628855982000,0.0
1628856012000,0.0
1628856042000,0.0
1628856072000,0.0
1628856102000,0.0006127450980392157
1628856132000,0.0006071645415907711
1628856162000,0.0006035003017501509
1628856192000,0.0
1628856222000,0.0
1628856252000,0.0
1628856282000,0.0006093845216331506
1628856312000,0.0
1628856342000,0.0
1628856372000,0.0006108735491753207
1628856402000,0.0006038647342995169
1628856432000,0.0
1628856462000,0.0
1628856492000,0.0006097560975609756
1628856522000,0.0
1628856552000,0.0005896226415094339
1628856582000,0.0
1628856612000,0.0
1628856642000,0.0
1628856672000,0.0006006006006006006
1628856702000,0.0006064281382656155
1628856732000,0.0
1628856762000,0.0005910165484633571
1628856792000,0.0
1628856822000,0.0
1628856852000,0.0
1628856882000,0.0
1628856912000,0.0006105006105006105
1628856942000,0.0
1628856972000,0.0
1628857002000,0.0
1628857032000,0.0
1628857062000,0.0005998800239952009
1628857092000,0.0
1628857122000,0.0
1628857152000,0.0
1628857182000,0.0006045949214026603
1628857212000,0.0
1628857242000,0.0006211180124223603
1628857272000,0.0
1628857302000,0.0
1628857332000,0.0
1628857362000,0.0
1628857392000,0.0
1628857422000,0.0
1628857452000,0.0006146281499692684
1628857482000,0.0006127450980392157
1628857512000,0.0
1628857542000,0.0
1628857572000,0.0
1628857602000,0.0
1628857632000,0.0
1628857662000,0.0
1628857692000,0.0
1628857722000,0.0
1628857752000,0.0012360939431396785
1628857782000,0.0
1628857812000,0.0006116207951070336
1628857842000,0.0006079027355623102
1628857872000,0.0
1628857902000,0.0
1628857932000,0.0005955926146515784
1628857962000,0.0
1628857992000,0.0006035003017501509
1628858022000,0.0005858230814294082
1628858052000,0.0
1628858082000,0.0006079027355623102
1628858112000,0.0
1628858142000,0.0
1628858172000,0.0005998800239952009
1628858202000,0.0006157635467980296
1628858232000,0.0006116207951070336
1628858262000,0.0
1628858292000,0.0006060606060606062
1628858322000,0.0
1628858352000,0.0
1628858382000,0.0006027727546714887
1628858412000,0.0
1628858442000,0.0006064281382656155
1628858472000,0.0
1628858502000,0.0
1628858532000,0.0012062726176115801
1628858562000,0.0
1628858592000,0.0006060606060606062
1628858622000,0.0005984440454817473
1628858652000,0.0
1628858682000,0.0
1628858712000,0.0006150061500615006
1628858742000,0.0
1628858772000,0.0006101281269066504
1628858802000,0.0
1628858832000,0.0
1628858862000,0.0
1628858892000,0.0
1628858922000,0.0
1628858952000,0.0
1628858982000,0.0
1628859012000,0.0
1628859042000,0.0
1628859072000,0.0
1628859102000,0.0006002400960384152
1628859132000,0.0
1628859162000,0.0
1628859192000,0.0
1628859222000,0.0005988023952095807
1628859252000,0.0
1628859282000,0.0
1628859312000,0.0
1628859342000,0.0
1628859372000,0.0
1628859402000,0.0
1628859432000,0.0
1628859462000,0.0005995203836930455
1628859492000,0.0
1628859522000,0.0005878894767783657
1628859552000,0.0006075334143377885
1628859582000,0.0
1628859612000,0.0
1628859642000,0.0
1628859672000,0.0
1628859702000,0.0
1628859732000,0.0
1628859762000,0.0006169031462060457
1628859792000,0.0006184291898577612
1628859822000,0.0
1628859852000,0.0
1628859882000,0.0
1628859912000,0.0
1628859942000,0.0
1628859972000,0.000588235294117647
1628860002000,0.0
1628860032000,0.0006123698714023269
1628860062000,0.0
1628860092000,0.0006116207951070336
1628860122000,0.0
1628860152000,0.0011976047904191614
1628860182000,0.0
1628860212000,0.0
1628860242000,0.0006067961165048543
1628860272000,0.0005973715651135006
1628860302000,0.0
1628860332000,0.0
1628860362000,0.0006161429451632778
1628860392000,0.0
1628860422000,0.0
1628860452000,0.0005938242280285036
1628860482000,0.0
1628860512000,0.0
1628860542000,0.0
1628860572000,0.0
1628860602000,0.0
1628860632000,0.0
1628860662000,0.0006045949214026603
1628860692000,0.0
1628860722000,0.0
1628860752000,0.0
1628860782000,0.0
1628860812000,0.0006020469596628537
1628860842000,0.0006002400960384152
1628860872000,0.0
1628860902000,0.0
1628860932000,0.0
1628860962000,0.0
1628860992000,0.0
1628861022000,0.0006060606060606062
1628861052000,0.0006127450980392157
1628861082000,0.0
1628861112000,0.0
1628861142000,0.0
1628861172000,0.0005903187721369539
1628861202000,0.0
1628861232000,0.0
1628861262000,0.0
1628861292000,0.0005865102639296188
1628861322000,0.0
1628861352000,0.0005948839976204639
1628861382000,0.0006230529595015578
1628861412000,0.0005934718100890207
1628861442000,0.0
1628861472000,0.0
1628861502000,0.0006075334143377885
1628861532000,0.0
1628861562000,0.0006146281499692684
1628861592000,0.0
1628861622000,0.0
1628861652000,0.0006002400960384152
1628861682000,0.0
1628861712000,0.0
1628861742000,0.0
1628861772000,0.0
1628861802000,0.0006042296072507553
1628861832000,0.0005892751915144372
1628861862000,0.0
1628861892000,0.0
1628861922000,0.0
1628861952000,0.0
1628861982000,0.0011961722488038275
1628862012000,0.0
1628862042000,0.0005959475566150177
1628862072000,0.0
1628862102000,0.0
1628862132000,0.0005931198102016608
1628862162000,0.0005980861244019139
1628862192000,0.0
1628862222000,0.0006045949214026603
1628862252000,0.0
1628862282000,0.0
1628862312000,0.0
1628862342000,0.0
1628862372000,0.0
1628862402000,0.0
1628862432000,0.0005998800239952009
1628862462000,0.0005878894767783657
1628862492000,0.0
1628862522000,0.0
1628862552000,0.0005927682276229994
1628862582000,0.0
1628862612000,0.0
1628862642000,0.0
1628862672000,0.0
1628862702000,0.0006176652254478072
1628862732000,0.0
1628862762000,0.0006042296072507553
1628862792000,0.0005952380952380952
1628862822000,0.0006127450980392157
1628862852000,0.0
1628862882000,0.0
1628862912000,0.0006176652254478072
1628862942000,0.0
1628862972000,0.0006009615384615385
1628863002000,0.0006027727546714887
1628863032000,0.0006169031462060457
1628863062000,0.0
1628863092000,0.0
1628863122000,0.0
1628863152000,0.0
1628863182000,0.0
1628863212000,0.0
1628863242000,0.0
1628863272000,0.0
1628863302000,0.0
1628863332000,0.0
1628863362000,0.0006146281499692684
1628863392000,0.0
1628863422000,0.0006042296072507553
1628863452000,0.0
1628863482000,0.0
1628863512000,0.0011876484560570072
1628863542000,0.0
1628863572000,0.0
1628863602000,0.0
1628863632000,0.0
1628863662000,0.0006119951040391675
1628863692000,0.0
1628863722000,0.0006064281382656155
1628863752000,0.0
1628863782000,0.0
1628863812000,0.0
1628863842000,0.0
1628863872000,0.0005977286312014345
1628863902000,0.0
1628863932000,0.0
1628863962000,0.0
1628863992000,0.0005973715651135006
1628864022000,0.0006082725060827251
1628864052000,0.0
1628864082000,0.0
1628864112000,0.0
1628864142000,0.0006086427267194157
1628864172000,0.0006038647342995169
1628864202000,0.0006013229104028864
1628864232000,0.0005920663114268798
1628864262000,0.0006031363088057902
1628864292000,0.0
1628864322000,0.0
1628864352000,0.0005991611743559018
1628864382000,0.0005998800239952009
1628864412000,0.0
1628864442000,0.0006024096385542169
1628864472000,0.0
1628864502000,0.0
1628864532000,0.0006097560975609756
1628864562000,0.0006101281269066504
1628864592000,0.0
1628864622000,0.0
1628864652000,0.0
1628864682000,0.0
1628864712000,0.0
1628864742000,0.0
1628864772000,0.0
1628864802000,0.0
1628864832000,0.0
1628864862000,0.0
1628864892000,0.0
1628864922000,0.0011841326228537595
1628864952000,0.0006146281499692684
1628864982000,0.0006108735491753207
1628865012000,0.0
1628865042000,0.0
1628865072000,0.0006108735491753207
1628865102000,0.0
1628865132000,0.0
1628865162000,0.0
1628865192000,0.0006150061500615006
1628865222000,0.0
1628865252000,0.0
1628865282000,0.0006024096385542169
1628865312000,0.0
1628865342000,0.0
1628865372000,0.0
1628865402000,0.0
1628865432000,0.0
1628865462000,0.0006006006006006006
1628865492000,0.0
1628865522000,0.0
1628865552000,0.0006169031462060457
1628865582000,0.0
1628865612000,0.0005868544600938967
1628865642000,0.0
1628865672000,0.0
1628865702000,0.0
1628865732000,0.0006180469715698393
1628865762000,0.0
1628865792000,0.0
1628865822000,0.0
1628865852000,0.0
1628865882000,0.0
1628865912000,0.0
1628865942000,0.0
1628865972000,0.0006002400960384152
1628866002000,0.0005980861244019139
1628866032000,0.0
1628866062000,0.0006150061500615006
1628866092000,0.0
1628866122000,0.0006013229104028864
1628866152000,0.0
1628866182000,0.0006009615384615385
1628866212000,0.0
1628866242000,0.0006079027355623102
1628866272000,0.0
1628866302000,0.0
1628866332000,0.0
1628866362000,0.0
1628866392000,0.0006049606775559589
1628866422000,0.0
1628866452000,0.0
1628866482000,0.0
1628866512000,0.0
1628866542000,0.0
1628866572000,0.0
1628866602000,0.0
1628866632000,0.0
1628866662000,0.0
1628866692000,0.0006006006006006006
1628866722000,0.0
1628866752000,0.0006172839506172839
1628866782000,0.0006042296072507553
1628866812000,0.0006016847172081829
1628866842000,0.0
1628866872000,0.0
1628866902000,0.0
1628866932000,0.0
1628866962000,0.0
1628866992000,0.0
1628867022000,0.0006031363088057902
1628867052000,0.0
1628867082000,0.0
1628867112000,0.0
1628867142000,0.0
1628867172000,0.0
1628867202000,0.0
1628867232000,0.0
1628867262000,0.0
1628867292000,0.0
1628867322000,0.0
1628867352000,0.0005938242280285036
1628867382000,0.0012217470983506415
1628867412000,0.0006191950464396285
1628867442000,0.0
1628867472000,0.0005941770647653001
1628867502000,0.0
1628867532000,0.0
1628867562000,0.0
1628867592000,0.0
1628867622000,0.0
1628867652000,0.0005959475566150177
1628867682000,0.0005988023952095807
1628867712000,0.0005844535359438924
1628867742000,0.0
1628867772000,0.0
1628867802000,0.0
1628867832000,0.0
1628867862000,0.0
1628867892000,0.0
1628867922000,0.0
1628867952000,0.0
1628867982000,0.0
1628868012000,0.0
1628868042000,0.0
1628868072000,0.0006086427267194157
1628868102000,0.0
1628868132000,0.0006071645415907711
1628868162000,0.0005984440454817473
1628868192000,0.0
1628868222000,0.0
1628868252000,0.0006131207847946045
1628868282000,0.0005966587112171838
1628868312000,0.0
1628868342000,0.0005973715651135006
1628868372000,0.0006079027355623102
1628868402000,0.0
1628868432000,0.0
1628868462000,0.0
1628868492000,0.0
1628868522000,0.0
1628868552000,0.0006123698714023269
1628868582000,0.0006105006105006105
1628868612000,0.0
1628868642000,0.0005984440454817473
1628868672000,0.0
1628868702000,0.0005945303210463732
1628868732000,0.0
1628868762000,0.0
1628868792000,0.0
1628868822000,0.0
1628868852000,0.0
1628868882000,0.0006031363088057902
1628868912000,0.0006090133982947625
1628868942000,0.0006097560975609756
1628868972000,0.0005927682276229994
1628869002000,0.0
1628869032000,0.0
1628869062000,0.0
1628869092000,0.0012099213551119178
1628869122000,0.0
1628869152000,0.0
1628869182000,0.0
1628869212000,0.0006067961165048543
1628869242000,0.0
1628869272000,0.0
1628869302000,0.0
1628869332000,0.0
1628869362000,0.0
1628869392000,0.0
1628869422000,0.0
1628869452000,0.0
1628869482000,0.0
1628869512000,0.0
1628869542000,0.0
1628869572000,0.0
1628869602000,0.0
1628869632000,0.0
1628869662000,0.0
1628869692000,0.0
1628869722000,0.0
1628869752000,0.0
1628869782000,0.0006150061500615006
1628869812000,0.0006016847172081829
1628869842000,0.0
1628869872000,0.0
1628869902000,0.0005934718100890207
1628869932000,0.0
1628869962000,0.0006064281382656155
1628869992000,0.0
1628870022000,0.0
1628870052000,0.0
1628870082000,0.0
1628870112000,0.0005931198102016608
1628870142000,0.0
1628870172000,0.0005959475566150177
1628870202000,0.0
1628870232000,0.0
1628870262000,0.0
1628870292000,0.0006031363088057902
1628870322000,0.0
1628870352000,0.0
1628870382000,0.0006116207951070336
1628870412000,0.0
1628870442000,0.0006112469437652813
1628870472000,0.0
1628870502000,0.0
1628870532000,0.0
1628870562000,0.0
1628870592000,0.0006180469715698393
1628870622000,0.0
1628870652000,0.0006024096385542169
1628870682000,0.0
1628870712000,0.0
1628870742000,0.0
1628870772000,0.0
1628870802000,0.0
1628870832000,0.0
1628870862000,0.0
1628870892000,0.0
1628870922000,0.0005820721769499418
1628870952000,0.0006024096385542169
1628870982000,0.0006079027355623102
1628871012000,0.0
1628871042000,0.0
1628871072000,0.0005970149253731342
1628871102000,0.0
1628871132000,0.0
1628871162000,0.0
1628871192000,0.0
1628871222000,0.0
1628871252000,0.0006075334143377885
1628871282000,0.0
1628871312000,0.0006195786864931846
1628871342000,0.0
1628871372000,0.0
1628871402000,0.0
1628871432000,0.0
1628871462000,0.0
1628871492000,0.0006075334143377885
1628871522000,0.0
1628871552000,0.0
1628871582000,0.0
1628871612000,0.0
1628871642000,0.0006090133982947625
1628871672000,0.0
1628871702000,0.0005906674542232723
1628871732000,0.0006053268765133173
1628871762000,0.0
1628871792000,0.0006016847172081829
1628871822000,0.0
1628871852000,0.0005998800239952009
1628871882000,0.0
1628871912000,0.0
1628871942000,0.0
1628871972000,0.0
1628872002000,0.0
1628872032000,0.0
1628872062000,0.0
1628872092000,0.001243008079552517
1628872122000,0.0
1628872152000,0.0
1628872182000,0.0005980861244019139
1628872212000,0.0
1628872242000,0.0005938242280285036
1628872272000,0.0005966587112171838
1628872302000,0.0006064281382656155
1628872332000,0.0
1628872362000,0.0
1628872392000,0.0005973715651135006
1628872422000,0.0006093845216331506
1628872452000,0.0005899705014749262
1628872482000,0.0006150061500615006
1628872512000,0.0005952380952380952
1628872542000,0.0
1628872572000,0.0006090133982947625
1628872602000,0.0
1628872632000,0.0
1628872662000,0.0
1628872692000,0.0
1628872722000,0.0006150061500615006
1628872752000,0.0
1628872782000,0.0
1628872812000,0.0
1628872842000,0.0
1628872872000,0.0006086427267194157
1628872902000,0.0012143290831815425
1628872932000,0.0006027727546714887
1628872962000,0.0005948839976204639
1628872992000,0.0
1628873022000,0.0
1628873052000,0.0
1628873082000,0.0
1628873112000,0.0
1628873142000,0.0
1628873172000,0.0
1628873202000,0.0005910165484633571
1628873232000,0.0
1628873262000,0.0011890606420927464
1628873292000,0.0006116207951070336
1628873322000,0.0
1628873352000,0.0
1628873382000,0.0
1628873412000,0.0006031363088057902
1628873442000,0.0006230529595015578
1628873472000,0.0012202562538133007
1628873502000,0.001221001221001221
1628873532000,0.0
1628873562000,0.0005991611743559018
1628873592000,0.0
1628873622000,0.0
1628873652000,0.0
1628873682000,0.0012070006035003018
1628873712000,0.0005927682276229994
1628873742000,0.0005948839976204639
1628873772000,0.0
1628873802000,0.0
1628873832000,0.0
1628873862000,0.0006013229104028864
1628873892000,0.0006020469596628537
1628873922000,0.0
1628873952000,0.0
1628873982000,0.0
1628874012000,0.0006090133982947625
1628874042000,0.0005861664712778429
1628874072000,0.0
1628874102000,0.0006116207951070336
1628874132000,0.0
1628874162000,0.0
1628874192000,0.0006127450980392157
1628874222000,0.0012070006035003018
1628874252000,0.0
1628874282000,0.0
1628874312000,0.0
1628874342000,0.000588235294117647
1628874372000,0.0
1628874402000,0.0006184291898577612
1628874432000,0.0
1628874462000,0.0005995203836930455
1628874492000,0.0006172839506172839
1628874522000,0.0012300123001230013
1628874552000,0.0
1628874582000,0.0
1628874612000,0.0005889281507656067
1628874642000,0.0005844535359438924
1628874672000,0.0
1628874702000,0.0
1628874732000,0.0006108735491753207
1628874762000,0.0005934718100890207
1628874792000,0.0012406947890818859
1628874822000,0.0
1628874852000,0.0
1628874882000,0.0
1628874912000,0.0
1628874942000,0.0
1628874972000,0.0006172839506172839
1628875002000,0.0
1628875032000,0.0
1628875062000,0.0006157635467980296
1628875092000,0.0
1628875122000,0.0
1628875152000,0.0006075334143377885
1628875182000,0.00121580547112462
1628875212000,0.0
1628875242000,0.0
1628875272000,0.0
1628875302000,0.0006016847172081829
1628875332000,0.0
1628875362000,0.0
1628875392000,0.0
1628875422000,0.0
1628875452000,0.0006093845216331506
1628875482000,0.0006027727546714887
1628875512000,0.0006024096385542169
1628875542000,0.0
1628875572000,0.0006009615384615385
1628875602000,0.0
1628875632000,0.0
1628875662000,0.0006172839506172839
1628875692000,0.0
1628875722000,0.0
1628875752000,0.0
1628875782000,0.0
1628875812000,0.0006226650062266501
1628875842000,0.0006215040397762585
1628875872000,0.0
1628875902000,0.0
1628875932000,0.0
1628875962000,0.0
1628875992000,0.0005899705014749262
1628876022000,0.0006049606775559589
1628876052000,0.0006060606060606062
1628876082000,0.0005920663114268798
1628876112000,0.0
1628876142000,0.0006169031462060457
1628876172000,0.0005920663114268798
1628876202000,0.0
1628876232000,0.0
1628876262000,0.0005963029218843173
1628876292000,0.0
1628876322000,0.0
1628876352000,0.0
1628876382000,0.0
1628876412000,0.0005988023952095807
1628876442000,0.0
1628876472000,0.0005948839976204639
1628876502000,0.0
1628876532000,0.0
1628876562000,0.0
1628876592000,0.0
1628876622000,0.0
1628876652000,0.0006134969325153375
1628876682000,0.0
1628876712000,0.0006082725060827251
1628876742000,0.0
1628876772000,0.0
1628876802000,0.0
1628876832000,0.0
1628876862000,0.0
1628876892000,0.0006056935190793457
1628876922000,0.000588235294117647
1628876952000,0.0
1628876982000,0.0
1628877012000,0.0
1628877042000,0.0
1628877072000,0.0006101281269066504
1628877102000,0.0
1628877132000,0.0006165228113440197
1628877162000,0.0
1628877192000,0.0006071645415907711
1628877222000,0.0
1628877252000,0.0006157635467980296
1628877282000,0.0
1628877312000,0.0006016847172081829
1628877342000,0.0
1628877372000,0.0
1628877402000,0.0006006006006006006
1628877432000,0.0012099213551119178
1628877462000,0.0006049606775559589
1628877492000,0.0011855364552459987
1628877522000,0.0
1628877552000,0.0006071645415907711
1628877582000,0.0006013229104028864
1628877612000,0.0
1628877642000,0.0012026458208057728
1628877672000,0.0
1628877702000,0.0
1628877732000,0.0006222775357809582
1628877762000,0.0006038647342995169
1628877792000,0.0006049606775559589
1628877822000,0.0
1628877852000,0.0
1628877882000,0.0
1628877912000,0.0006123698714023269
1628877942000,0.0
1628877972000,0.0
1628878002000,0.0
1628878032000,0.0
1628878062000,0.0
1628878092000,0.0006038647342995169
1628878122000,0.0
1628878152000,0.0
1628878182000,0.0005913660555884093
1628878212000,0.0
1628878242000,0.0
1628878272000,0.0
1628878302000,0.0
1628878332000,0.0006024096385542169
1628878362000,0.0
1628878392000,0.0
1628878422000,0.0
1628878452000,0.0
1628878482000,0.0
1628878512000,0.0005913660555884093
1628878542000,0.0
1628878572000,0.0
1628878602000,0.0
1628878632000,0.0006009615384615385
1628878662000,0.0006222775357809582
1628878692000,0.0005963029218843173
1628878722000,0.0006009615384615385
1628878752000,0.0006060606060606062
1628878782000,0.0
1628878812000,0.0
1628878842000,0.0006067961165048543
1628878872000,0.0
1628878902000,0.0006090133982947625
1628878932000,0.0006031363088057902
1628878962000,0.0
1628878992000,0.0006207324643078832
1628879022000,0.0006013229104028864
1628879052000,0.0006112469437652813
1628879082000,0.0
1628879112000,0.0005995203836930455
1628879142000,0.0
1628879172000,0.0006086427267194157
1628879202000,0.0
1628879232000,0.0
1628879262000,0.0
1628879292000,0.0
1628879322000,0.0
1628879352000,0.0006176652254478072
1628879382000,0.0006101281269066504
1628879412000,0.0
1628879442000,0.0006093845216331506
1628879472000,0.000588235294117647
1628879502000,0.0
1628879532000,0.0006042296072507553
1628879562000,0.0
1628879592000,0.0005841121495327102
1628879622000,0.0005941770647653001
1628879652000,0.0
1628879682000,0.0
1628879712000,0.0
1628879742000,0.0
1628879772000,0.0
1628879802000,0.0
1628879832000,0.0
1628879862000,0.0
1628879892000,0.0006002400960384152
1628879922000,0.0
1628879952000,0.0005892751915144372
1628879982000,0.0
1628880012000,0.0005892751915144372
1628880042000,0.0006006006006006006
1628880072000,0.0
1628880102000,0.0005899705014749262
1628880132000,0.0
1628880162000,0.0006075334143377885
1628880192000,0.0
1628880222000,0.0006002400960384152
1628880252000,0.0
1628880282000,0.0
1628880312000,0.0
1628880342000,0.0
1628880372000,0.0
1628880402000,0.0005899705014749262
1628880432000,0.0
1628880462000,0.0
1628880492000,0.0
1628880522000,0.0
1628880552000,0.0006169031462060457
1628880582000,0.0
1628880612000,0.0
1628880642000,0.0
1628880672000,0.0
1628880702000,0.0
1628880732000,0.0
1628880762000,0.0
1628880792000,0.0005959475566150177
1628880822000,0.0
1628880852000,0.0
1628880882000,0.0
1628880912000,0.0
1628880942000,0.0
1628880972000,0.0
1628881002000,0.0
1628881032000,0.0005970149253731342
1628881062000,0.0
1628881092000,0.0
1628881122000,0.0
1628881152000,0.0
1628881182000,0.0005980861244019139
1628881212000,0.0
1628881242000,0.0005955926146515784
1628881272000,0.0
1628881302000,0.0
1628881332000,0.0
1628881362000,0.0006038647342995169
1628881392000,0.0
1628881422000,0.0
1628881452000,0.0
1628881482000,0.0
1628881512000,0.0
1628881542000,0.0006002400960384152
1628881572000,0.0005910165484633571
1628881602000,0.0005896226415094339
1628881632000,0.0
1628881662000,0.0005959475566150177
1628881692000,0.0006009615384615385
1628881722000,0.0
1628881752000,0.0
1628881782000,0.0005991611743559018
1628881812000,0.0
1628881842000,0.0
1628881872000,0.0
1628881902000,0.0
1628881932000,0.0006024096385542169
1628881962000,0.0
1628881992000,0.0
1628882022000,0.0005991611743559018
1628882052000,0.0006049606775559589
1628882082000,0.0
1628882112000,0.0
1628882142000,0.0
1628882172000,0.0
1628882202000,0.0
1628882232000,0.0006119951040391675
1628882262000,0.0
1628882292000,0.0005875440658049354
1628882322000,0.0006150061500615006
1628882352000,0.0
1628882382000,0.0
1628882412000,0.0
1628882442000,0.0
1628882472000,0.0
1628882502000,0.0
1628882532000,0.0
1628882562000,0.0005959475566150177
1628882592000,0.0
1628882622000,0.0
1628882652000,0.0006222775357809582
1628882682000,0.0011904761904761904
1628882712000,0.0
1628882742000,0.0005970149253731342
1628882772000,0.0
1628882802000,0.0
1628882832000,0.0
1628882862000,0.0
1628882892000,0.0
1628882922000,0.0
1628882952000,0.0
1628882982000,0.0006045949214026603
1628883012000,0.0
1628883042000,0.0
1628883072000,0.0
1628883102000,0.0
1628883132000,0.0006024096385542169
1628883162000,0.0
1628883192000,0.0005998800239952009
1628883222000,0.0
1628883252000,0.0
1628883282000,0.0
1628883312000,0.0
1628883342000,0.0005945303210463732
1628883372000,0.0
1628883402000,0.0
1628883432000,0.0
1628883462000,0.0006090133982947625
1628883492000,0.0
1628883522000,0.0
1628883552000,0.0005847953216374268
1628883582000,0.0006064281382656155
1628883612000,0.0
1628883642000,0.0005973715651135006
1628883672000,0.0
1628883702000,0.0
1628883732000,0.0
1628883762000,0.0
1628883792000,0.0
1628883822000,0.0
1628883852000,0.0
1628883882000,0.0
1628883912000,0.0005837711617046117
1628883942000,0.0
1628883972000,0.0
1628884002000,0.0
1628884032000,0.0
1628884062000,0.0
1628884092000,0.0
1628884122000,0.0006024096385542169
1628884152000,0.0
1628884182000,0.0006090133982947625
1628884212000,0.0006093845216331506
1628884242000,0.0
1628884272000,0.0
1628884302000,0.0
1628884332000,0.0005910165484633571
1628884362000,0.0
1628884392000,0.0006009615384615385
1628884422000,0.0011961722488038275
1628884452000,0.0
1628884482000,0.0
1628884512000,0.0
1628884542000,0.0
1628884572000,0.0
1628884602000,0.0005955926146515784
1628884632000,0.0005966587112171838
1628884662000,0.0006024096385542169
1628884692000,0.0006071645415907711
1628884722000,0.0
1628884752000,0.0
1628884782000,0.0006157635467980296
1628884812000,0.0
1628884842000,0.0
1628884872000,0.0
1628884902000,0.0
1628884932000,0.0
1628884962000,0.0
1628884992000,0.0
1628885022000,0.0
1628885052000,0.0005988023952095807
1628885082000,0.0
1628885112000,0.0
1628885142000,0.0
1628885172000,0.0
1628885202000,0.0
1628885232000,0.0
1628885262000,0.0
1628885292000,0.0
1628885322000,0.0005963029218843173
1628885352000,0.0006027727546714887
1628885382000,0.0
1628885412000,0.0005963029218843173
1628885442000,0.0
1628885472000,0.0
1628885502000,0.0006013229104028864
1628885532000,0.0
1628885562000,0.001203369434416366
1628885592000,0.0
1628885622000,0.0006172839506172839
1628885652000,0.0
1628885682000,0.0006108735491753207
1628885712000,0.0006101281269066504
1628885742000,0.0
1628885772000,0.0006049606775559589
1628885802000,0.0
1628885832000,0.0
1628885862000,0.0
1628885892000,0.0
1628885922000,0.0005807200929152149
1628885952000,0.0
1628885982000,0.0
1628886012000,0.0
1628886042000,0.0
1628886072000,0.0
1628886102000,0.0
1628886132000,0.0006153846153846153
1628886162000,0.0006079027355623102
1628886192000,0.0
1628886222000,0.0
1628886252000,0.0
1628886282000,0.0
1628886312000,0.0
1628886342000,0.0006053268765133173
1628886372000,0.0005924170616113746
1628886402000,0.0005861664712778429
1628886432000,0.0
1628886462000,0.0005970149253731342
1628886492000,0.0005906674542232723
1628886522000,0.0006134969325153375
1628886552000,0.0006035003017501509
1628886582000,0.0
1628886612000,0.0006002400960384152
1628886642000,0.0
1628886672000,0.0
1628886702000,0.0
1628886732000,0.0006053268765133173
1628886762000,0.0
1628886792000,0.0
1628886822000,0.0006009615384615385
1628886852000,0.0006082725060827251
1628886882000,0.0
1628886912000,0.0
1628886942000,0.0
1628886972000,0.0006027727546714887
1628887002000,0.0
1628887032000,0.0
1628887062000,0.0006024096385542169
1628887092000,0.0
1628887122000,0.0
1628887152000,0.0
1628887182000,0.0
1628887212000,0.0006071645415907711
1628887242000,0.0
1628887272000,0.0006064281382656155
1628887302000,0.0
1628887332000,0.0
1628887362000,0.0006042296072507553
1628887392000,0.001199040767386091
1628887422000,0.0
1628887452000,0.0
1628887482000,0.0
1628887512000,0.0
1628887542000,0.0
1628887572000,0.0005998800239952009
1628887602000,0.0006042296072507553
1628887632000,0.0
1628887662000,0.0
1628887692000,0.0
1628887722000,0.0006042296072507553
1628887752000,0.0
1628887782000,0.0
1628887812000,0.0006150061500615006
1628887842000,0.00121580547112462
1628887872000,0.0005924170616113746
1628887902000,0.000585480093676815
1628887932000,0.0006230529595015578
1628887962000,0.0
1628887992000,0.0
1628888022000,0.0
1628888052000,0.0
1628888082000,0.0011940298507462687
1628888112000,0.0
1628888142000,0.0
1628888172000,0.0
1628888202000,0.0006119951040391675
1628888232000,0.0006211180124223603
1628888262000,0.0
1628888292000,0.0006020469596628537
1628888322000,0.0012062726176115801
1628888352000,0.0006013229104028864
1628888382000,0.0
1628888412000,0.0
1628888442000,0.0
1628888472000,0.0
1628888502000,0.0
1628888532000,0.0
1628888562000,0.0
1628888592000,0.0006075334143377885
1628888622000,0.0
1628888652000,0.0
1628888682000,0.0005970149253731342
1628888712000,0.0
1628888742000,0.0
1628888772000,0.0006127450980392157
1628888802000,0.0006027727546714887
1628888832000,0.0
1628888862000,0.0
1628888892000,0.0005934718100890207
1628888922000,0.0006002400960384152
1628888952000,0.0006108735491753207
1628888982000,0.0006142506142506142
1628889012000,0.0
1628889042000,0.0
1628889072000,0.0
1628889102000,0.0
1628889132000,0.0
1628889162000,0.0005865102639296188
1628889192000,0.0
1628889222000,0.0
1628889252000,0.0
1628889282000,0.0
1628889312000,0.0
1628889342000,0.0
1628889372000,0.0
1628889402000,0.0
1628889432000,0.0
1628889462000,0.0005917159763313611
1628889492000,0.0006146281499692684
1628889522000,0.0
1628889552000,0.0
1628889582000,0.0
1628889612000,0.0
1628889642000,0.0006067961165048543
1628889672000,0.0
1628889702000,0.0
1628889732000,0.0005948839976204639
1628889762000,0.0005955926146515784
1628889792000,0.0
1628889822000,0.0006031363088057902
1628889852000,0.0
1628889882000,0.0
1628889912000,0.0
1628889942000,0.0012195121951219512
1628889972000,0.0006049606775559589
1628890002000,0.0
1628890032000,0.0
1628890062000,0.0
1628890092000,0.0
1628890122000,0.0006093845216331506
1628890152000,0.0006020469596628537
1628890182000,0.0
1628890212000,0.0
1628890242000,0.0
1628890272000,0.0006195786864931846
1628890302000,0.0012070006035003018
1628890332000,0.0
1628890362000,0.0
1628890392000,0.0
1628890422000,0.0
1628890452000,0.0
1628890482000,0.0
1628890512000,0.0006038647342995169
1628890542000,0.0006064281382656155
1628890572000,0.0005938242280285036
1628890602000,0.0
1628890632000,0.0005948839976204639
1628890662000,0.0
1628890692000,0.0
1628890722000,0.0
1628890752000,0.0
1628890782000,0.0
1628890812000,0.0
1628890842000,0.0
1628890872000,0.0
1628890902000,0.0
1628890932000,0.0006049606775559589
1628890962000,0.0
1628890992000,0.0
1628891022000,0.0
1628891052000,0.0005998800239952009
1628891082000,0.0
1628891112000,0.0005920663114268798
1628891142000,0.0
1628891172000,0.0005963029218843173
1628891202000,0.0
1628891232000,0.0
1628891262000,0.0006053268765133173
1628891292000,0.0
1628891322000,0.0
1628891352000,0.0006184291898577612
1628891382000,0.0
1628891412000,0.0
1628891442000,0.0
1628891472000,0.0006176652254478072
1628891502000,0.0005948839976204639
1628891532000,0.0
1628891562000,0.0
1628891592000,0.0005892751915144372
1628891622000,0.0
1628891652000,0.0
1628891682000,0.0005952380952380952
1628891712000,0.0
1628891742000,0.0
1628891772000,0.0
1628891802000,0.0
1628891832000,0.0006108735491753207
1628891862000,0.0006042296072507553
1628891892000,0.0
1628891922000,0.0006031363088057902
1628891952000,0.0
1628891982000,0.0
1628892012000,0.0005980861244019139
1628892042000,0.0
1628892072000,0.0
1628892102000,0.0
1628892132000,0.0
1628892162000,0.0005955926146515784
1628892192000,0.0
1628892222000,0.0005998800239952009
1628892252000,0.0
1628892282000,0.0
1628892312000,0.0
1628892342000,0.0006131207847946045
1628892372000,0.0
1628892402000,0.0
1628892432000,0.0
1628892462000,0.0005984440454817473
1628892492000,0.0
1628892522000,0.0
1628892552000,0.0
1628892582000,0.0006067961165048543
1628892612000,0.0
1628892642000,0.0
1628892672000,0.0
1628892702000,0.0
1628892732000,0.0
1628892762000,0.0
1628892792000,0.0005973715651135006
1628892822000,0.0
1628892852000,0.0
1628892882000,0.0
1628892912000,0.0
1628892942000,0.0
1628892972000,0.0
1628893002000,0.0
1628893032000,0.0006123698714023269
1628893062000,0.0
1628893092000,0.0
1628893122000,0.0006184291898577612
1628893152000,0.0006024096385542169
1628893182000,0.0
1628893212000,0.0005966587112171838
1628893242000,0.0
1628893272000,0.0
1628893302000,0.0006079027355623102
1628893332000,0.0
1628893362000,0.0006071645415907711
1628893392000,0.0
1628893422000,0.0
1628893452000,0.0
1628893482000,0.0
1628893512000,0.0
1628893542000,0.0
1628893572000,0.0005896226415094339
1628893602000,0.0005970149253731342
1628893632000,0.0
1628893662000,0.0006131207847946045
1628893692000,0.0005988023952095807
1628893722000,0.0
1628893752000,0.0
1628893782000,0.0005991611743559018
1628893812000,0.0006002400960384152
1628893842000,0.0
1628893872000,0.0
1628893902000,0.0006131207847946045
1628893932000,0.0
1628893962000,0.0006016847172081829
1628893992000,0.0
1628894022000,0.0
1628894052000,0.0006123698714023269
1628894082000,0.0
1628894112000,0.0
1628894142000,0.0006108735491753207
1628894172000,0.0005910165484633571
1628894202000,0.0006009615384615385
1628894232000,0.0
1628894262000,0.0
1628894292000,0.0006006006006006006
1628894322000,0.0
1628894352000,0.0005899705014749262
1628894382000,0.0
1628894412000,0.0
1628894442000,0.0
1628894472000,0.0
1628894502000,0.0
1628894532000,0.0
1628894562000,0.0005980861244019139
1628894592000,0.001215066828675577
1628894622000,0.0
1628894652000,0.0
1628894682000,0.0
1628894712000,0.0
1628894742000,0.0006108735491753207
1628894772000,0.0
1628894802000,0.0005988023952095807
1628894832000,0.0005966587112171838
1628894862000,0.0005938242280285036
1628894892000,0.0006112469437652813
1628894922000,0.0
1628894952000,0.0005995203836930455
1628894982000,0.0
1628895012000,0.0005878894767783657
1628895042000,0.0006161429451632778
1628895072000,0.0
1628895102000,0.0006024096385542169
1628895132000,0.001201923076923077
1628895162000,0.0
1628895192000,0.0
1628895222000,0.0006082725060827251
1628895252000,0.0
1628895282000,0.0
1628895312000,0.0
1628895342000,0.0006150061500615006
1628895372000,0.0005995203836930455
1628895402000,0.0
1628895432000,0.0006060606060606062
1628895462000,0.0
1628895492000,0.0
1628895522000,0.0
1628895552000,0.0011820330969267141
1628895582000,0.0
1628895612000,0.0005973715651135006
1628895642000,0.0
1628895672000,0.0005938242280285036
1628895702000,0.0
1628895732000,0.0
1628895762000,0.0
1628895792000,0.0006127450980392157
1628895822000,0.0
1628895852000,0.0
1628895882000,0.0005980861244019139
1628895912000,0.0006020469596628537
1628895942000,0.0
1628895972000,0.0006006006006006006
1628896002000,0.0005924170616113746
1628896032000,0.0005920663114268798
1628896062000,0.0
1628896092000,0.0006119951040391675
1628896122000,0.0
1628896152000,0.0
1628896182000,0.0005984440454817473
1628896212000,0.0
1628896242000,0.0006101281269066504
1628896272000,0.0
1628896302000,0.0
1628896332000,0.0005998800239952009
1628896362000,0.0
1628896392000,0.0006020469596628537
1628896422000,0.0
1628896452000,0.0
1628896482000,0.0
1628896512000,0.0006195786864931846
1628896542000,0.0011940298507462687
1628896572000,0.0
1628896602000,0.0
1628896632000,0.0006038647342995169
1628896662000,0.0
1628896692000,0.0
1628896722000,0.0006157635467980296
1628896752000,0.0
1628896782000,0.0005980861244019139
1628896812000,0.0
1628896842000,0.0005973715651135006
1628896872000,0.0005966587112171838
1628896902000,0.0
1628896932000,0.0006180469715698393
1628896962000,0.0
1628896992000,0.0
1628897022000,0.0
1628897052000,0.000588235294117647
1628897082000,0.0006056935190793457
1628897112000,0.0
1628897142000,0.0
1628897172000,0.0
1628897202000,0.0
1628897232000,0.0006038647342995169
1628897262000,0.0005941770647653001
1628897292000,0.0
1628897322000,0.0006082725060827251
1628897352000,0.0
1628897382000,0.0006009615384615385
1628897412000,0.0005988023952095807
1628897442000,0.0
1628897472000,0.0
1628897502000,0.0005970149253731342
1628897532000,0.0
1628897562000,0.0
1628897592000,0.0
1628897622000,0.0
1628897652000,0.0006097560975609756
1628897682000,0.0006090133982947625
1628897712000,0.0
1628897742000,0.0006075334143377885
1628897772000,0.0006027727546714887
1628897802000,0.0006071645415907711
1628897832000,0.0
1628897862000,0.0006009615384615385
1628897892000,0.0
1628897922000,0.0
1628897952000,0.0
1628897982000,0.0
1628898012000,0.0
1628898042000,0.0
1628898072000,0.0006105006105006105
1628898102000,0.0
1628898132000,0.0
1628898162000,0.0
1628898192000,0.0
1628898222000,0.0
1628898252000,0.0
1628898282000,0.0005903187721369539
1628898312000,0.0006123698714023269
1628898342000,0.0
1628898372000,0.0
1628898402000,0.0
1628898432000,0.0
1628898462000,0.0
1628898492000,0.0006016847172081829
1628898522000,0.0
1628898552000,0.0006042296072507553
1628898582000,0.0
1628898612000,0.0
1628898642000,0.0
1628898672000,0.0
1628898702000,0.0006060606060606062
1628898732000,0.0
1628898762000,0.001203369434416366
1628898792000,0.0
1628898822000,0.0006053268765133173
1628898852000,0.0
1628898882000,0.0
1628898912000,0.0005970149253731342
1628898942000,0.0006157635467980296
1628898972000,0.0
1628899002000,0.0006134969325153375
1628899032000,0.0
1628899062000,0.0
1628899092000,0.0
1628899122000,0.0006009615384615385
1628899152000,0.0
1628899182000,0.0006131207847946045
1628899212000,0.0
1628899242000,0.0
1628899272000,0.0
1628899302000,0.0
1628899332000,0.0006067961165048543
1628899362000,0.0
1628899392000,0.0
1628899422000,0.0
1628899452000,0.0006006006006006006
1628899482000,0.0
1628899512000,0.0005966587112171838
1628899542000,0.0
1628899572000,0.0
1628899602000,0.0
1628899632000,0.0005998800239952009
1628899662000,0.0
1628899692000,0.0
1628899722000,0.0
1628899752000,0.0
1628899782000,0.0006146281499692684
1628899812000,0.0
1628899842000,0.0
1628899872000,0.0
1628899902000,0.0
1628899932000,0.0
1628899962000,0.0
1628899992000,0.0
1628900022000,0.0
1628900052000,0.0006150061500615006
1628900082000,0.0
1628900112000,0.0006131207847946045
1628900142000,0.0
1628900172000,0.0
1628900202000,0.0005995203836930455
1628900232000,0.0
1628900262000,0.0011820330969267141
1628900292000,0.0
1628900322000,0.0006165228113440197
1628900352000,0.0005963029218843173
1628900382000,0.0005945303210463732
1628900412000,0.0
1628900442000,0.0
1628900472000,0.0006101281269066504
1628900502000,0.0
1628900532000,0.0
1628900562000,0.0005966587112171838
1628900592000,0.0
1628900622000,0.0
1628900652000,0.0006215040397762585
1628900682000,0.0
1628900712000,0.0
1628900742000,0.0005984440454817473
1628900772000,0.0
1628900802000,0.0
1628900832000,0.0
1628900862000,0.0006035003017501509
1628900892000,0.0
1628900922000,0.0
1628900952000,0.0
1628900982000,0.0
1628901012000,0.0
1628901042000,0.0005963029218843173
1628901072000,0.0006060606060606062
1628901102000,0.0006108735491753207
1628901132000,0.0
1628901162000,0.0
1628901192000,0.0
1628901222000,0.0
1628901252000,0.0006049606775559589
1628901282000,0.0
1628901312000,0.0006101281269066504
1628901342000,0.0
1628901372000,0.0006075334143377885
1628901402000,0.0
1628901432000,0.0005941770647653001
1628901462000,0.0
1628901492000,0.0
1628901522000,0.0
1628901552000,0.0
1628901582000,0.0
1628901612000,0.0
1628901642000,0.0
1628901672000,0.0
1628901702000,0.0006013229104028864
1628901732000,0.0
1628901762000,0.0
1628901792000,0.0005934718100890207
1628901822000,0.0
1628901852000,0.0
1628901882000,0.0
1628901912000,0.0006123698714023269
1628901942000,0.0
1628901972000,0.0
1628902002000,0.0
1628902032000,0.0006020469596628537
1628902062000,0.0
1628902092000,0.0
1628902122000,0.0
1628902152000,0.0
1628902182000,0.0
1628902212000,0.0
1628902242000,0.0
1628902272000,0.0005899705014749262
1628902302000,0.0
1628902332000,0.0
1628902362000,0.0006105006105006105
1628902392000,0.0
1628902422000,0.0
1628902452000,0.0006082725060827251
1628902482000,0.0006002400960384152
1628902512000,0.0
1628902542000,0.0
1628902572000,0.0
1628902602000,0.0006035003017501509
1628902632000,0.0006042296072507553
1628902662000,0.0006053268765133173
1628902692000,0.0
1628902722000,0.0005995203836930455
1628902752000,0.0
1628902782000,0.0012322858903265556
1628902812000,0.0
1628902842000,0.0
1628902872000,0.0006105006105006105
1628902902000,0.0
1628902932000,0.0006002400960384152
1628902962000,0.0006165228113440197
1628902992000,0.0
1628903022000,0.0006123698714023269
1628903052000,0.0005948839976204639
1628903082000,0.001215066828675577
1628903112000,0.0
1628903142000,0.0
1628903172000,0.0
1628903202000,0.0
1628903232000,0.0
1628903262000,0.0006127450980392157
1628903292000,0.0006031363088057902
1628903322000,0.0
1628903352000,0.0005984440454817473
1628903382000,0.0005931198102016608
1628903412000,0.0
1628903442000,0.0
1628903472000,0.0
1628903502000,0.0006038647342995169
1628903532000,0.0
1628903562000,0.0
1628903592000,0.0
1628903622000,0.0
1628903652000,0.0006060606060606062
1628903682000,0.0
1628903712000,0.0
1628903742000,0.0005959475566150177
1628903772000,0.0
1628903802000,0.0006049606775559589
1628903832000,0.0
1628903862000,0.0
1628903892000,0.0
1628903922000,0.0005931198102016608
1628903952000,0.0
1628903982000,0.0
1628904012000,0.0006153846153846153
1628904042000,0.0
1628904072000,0.0
1628904102000,0.0
1628904132000,0.0
1628904162000,0.0006053268765133173
1628904192000,0.0006105006105006105
1628904222000,0.0
1628904252000,0.0
1628904282000,0.0
1628904312000,0.0
1628904342000,0.0006093845216331506
1628904372000,0.0006105006105006105
1628904402000,0.0
1628904432000,0.0006038647342995169
1628904462000,0.0
1628904492000,0.0006038647342995169
1628904522000,0.0
1628904552000,0.0
1628904582000,0.0006020469596628537
1628904612000,0.0
1628904642000,0.0
1628904672000,0.0006153846153846153
1628904702000,0.0
1628904732000,0.0
1628904762000,0.0
1628904792000,0.0005892751915144372
1628904822000,0.0
1628904852000,0.0
1628904882000,0.0
1628904912000,0.0005977286312014345
1628904942000,0.0006082725060827251
1628904972000,0.0005938242280285036
1628905002000,0.0
1628905032000,0.0
1628905062000,0.0
1628905092000,0.0
1628905122000,0.0005875440658049354
1628905152000,0.0
1628905182000,0.0
1628905212000,0.001223990208078335
1628905242000,0.0006024096385542169
1628905272000,0.0
1628905302000,0.0
1628905332000,0.0
1628905362000,0.0006038647342995169
1628905392000,0.0
1628905422000,0.0
1628905452000,0.0006002400960384152
1628905482000,0.0
1628905512000,0.0
1628905542000,0.0
1628905572000,0.0006071645415907711
1628905602000,0.0006042296072507553
1628905632000,0.0
1628905662000,0.0
1628905692000,0.0
1628905722000,0.0
1628905752000,0.0
1628905782000,0.0006105006105006105
1628905812000,0.0
1628905842000,0.0
1628905872000,0.0
1628905902000,0.0006053268765133173
1628905932000,0.0
1628905962000,0.0
1628905992000,0.0
1628906022000,0.0
1628906052000,0.0005917159763313611
1628906082000,0.0
1628906112000,0.0
1628906142000,0.0
1628906172000,0.0
1628906202000,0.0
1628906232000,0.0
1628906262000,0.0
1628906292000,0.0
1628906322000,0.0
1628906352000,0.0
1628906382000,0.0
1628906412000,0.0006038647342995169
1628906442000,0.0
1628906472000,0.0
1628906502000,0.0
1628906532000,0.0
1628906562000,0.0
1628906592000,0.0006082725060827251
1628906622000,0.0006097560975609756
1628906652000,0.0
1628906682000,0.0006180469715698393
1628906712000,0.0006105006105006105
1628906742000,0.0005927682276229994
1628906772000,0.0006024096385542169
1628906802000,0.0
1628906832000,0.0006105006105006105
1628906862000,0.0
1628906892000,0.0
1628906922000,0.0
1628906952000,0.0
1628906982000,0.0006020469596628537
1628907012000,0.0
1628907042000,0.0
1628907072000,0.0006097560975609756
1628907102000,0.0006056935190793457
1628907132000,0.0
1628907162000,0.0005917159763313611
1628907192000,0.0006127450980392157
1628907222000,0.0
1628907252000,0.0012172854534388314
1628907282000,0.0006075334143377885
1628907312000,0.0
1628907342000,0.0
1628907372000,0.0
1628907402000,0.0
1628907432000,0.0006067961165048543
1628907462000,0.0006075334143377885
1628907492000,0.0
1628907522000,0.0
1628907552000,0.0
1628907582000,0.0
1628907612000,0.0
1628907642000,0.0
1628907672000,0.0
1628907702000,0.0
1628907732000,0.0006002400960384152
1628907762000,0.0
1628907792000,0.0
1628907822000,0.0006038647342995169
1628907852000,0.0
1628907882000,0.0
1628907912000,0.0
1628907942000,0.0
1628907972000,0.0005948839976204639
1628908002000,0.0
1628908032000,0.0005917159763313611
1628908062000,0.0
1628908092000,0.0
1628908122000,0.0006123698714023269
1628908152000,0.0
1628908182000,0.0
1628908212000,0.0006079027355623102
1628908242000,0.0
1628908272000,0.0006093845216331506
1628908302000,0.0006035003017501509
1628908332000,0.0
1628908362000,0.0
1628908392000,0.0
1628908422000,0.0005871990604815032
1628908452000,0.0012084592145015106
1628908482000,0.0
1628908512000,0.0006172839506172839
1628908542000,0.0
1628908572000,0.0
1628908602000,0.0005984440454817473
1628908632000,0.0005885815185403178
1628908662000,0.0006188118811881187
1628908692000,0.0
1628908722000,0.0005889281507656067
1628908752000,0.0005920663114268798
1628908782000,0.0006035003017501509
1628908812000,0.0
1628908842000,0.0005889281507656067
1628908872000,0.0
1628908902000,0.0
1628908932000,0.0005858230814294082
1628908962000,0.0
1628908992000,0.0
1628909022000,0.0
1628909052000,0.0
1628909082000,0.0
1628909112000,0.0
1628909142000,0.0
1628909172000,0.0
1628909202000,0.0
1628909232000,0.0
1628909262000,0.0006169031462060457
1628909292000,0.0
1628909322000,0.0
1628909352000,0.0
1628909382000,0.0
1628909412000,0.0
1628909442000,0.0
1628909472000,0.0
1628909502000,0.0006188118811881187
1628909532000,0.0
1628909562000,0.0
1628909592000,0.0012012012012012011
1628909622000,0.0
1628909652000,0.0006075334143377885
1628909682000,0.0005984440454817473
1628909712000,0.0005948839976204639
1628909742000,0.0
1628909772000,0.0
1628909802000,0.0
1628909832000,0.0
1628909862000,0.0
1628909892000,0.0
1628909922000,0.0005899705014749262
1628909952000,0.0
1628909982000,0.0006024096385542169
1628910012000,0.0
1628910042000,0.0
1628910072000,0.0005977286312014345
1628910102000,0.0
1628910132000,0.0006045949214026603
1628910162000,0.0
1628910192000,0.0
1628910222000,0.0
1628910252000,0.0005966587112171838
1628910282000,0.0005927682276229994
1628910312000,0.0005941770647653001
1628910342000,0.0
1628910372000,0.0006108735491753207
1628910402000,0.0005991611743559018
1628910432000,0.0006090133982947625
1628910462000,0.0
1628910492000,0.0006153846153846153
1628910522000,0.0006079027355623102
1628910552000,0.0006138735420503376
1628910582000,0.0
1628910612000,0.0
1628910642000,0.0006105006105006105
1628910672000,0.0005991611743559018
1628910702000,0.0
1628910732000,0.0
1628910762000,0.0006165228113440197
1628910792000,0.0
1628910822000,0.0
1628910852000,0.0006079027355623102
1628910882000,0.0
1628910912000,0.0
1628910942000,0.0
1628910972000,0.0006006006006006006
1628911002000,0.0005998800239952009
1628911032000,0.0
1628911062000,0.0006020469596628537
1628911092000,0.0
1628911122000,0.0
1628911152000,0.0
1628911182000,0.0006042296072507553
1628911212000,0.0
1628911242000,0.0
1628911272000,0.0012165450121654502
1628911302000,0.0
1628911332000,0.0006035003017501509
1628911362000,0.0
1628911392000,0.0006079027355623102
1628911422000,0.0
1628911452000,0.0005995203836930455
1628911482000,0.0
1628911512000,0.0
1628911542000,0.0
1628911572000,0.0
1628911602000,0.0
1628911632000,0.0
1628911662000,0.0006031363088057902
1628911692000,0.0006002400960384152
1628911722000,0.0006142506142506142
1628911752000,0.0
1628911782000,0.0
1628911812000,0.0
1628911842000,0.0005998800239952009
1628911872000,0.0
1628911902000,0.0006056935190793457
1628911932000,0.0
1628911962000,0.0
1628911992000,0.0
1628912022000,0.0
1628912052000,0.0
1628912082000,0.0006049606775559589
1628912112000,0.0
1628912142000,0.0
1628912172000,0.0
1628912202000,0.0
1628912232000,0.0
1628912262000,0.0005948839976204639
1628912292000,0.0
1628912322000,0.0
1628912352000,0.0
1628912382000,0.0
1628912412000,0.0005861664712778429
1628912442000,0.0
1628912472000,0.0
1628912502000,0.0
1628912532000,0.0
1628912562000,0.0
1628912592000,0.0
1628912622000,0.0
1628912652000,0.0
1628912682000,0.0
1628912712000,0.0
1628912742000,0.0005955926146515784
1628912772000,0.0
1628912802000,0.0
1628912832000,0.0
1628912862000,0.0
1628912892000,0.0
1628912922000,0.0
1628912952000,0.0
1628912982000,0.0
1628913012000,0.0006138735420503376
1628913042000,0.0
1628913072000,0.0
1628913102000,0.0
1628913132000,0.0006123698714023269
1628913162000,0.0
1628913192000,0.0
1628913222000,0.0012172854534388314
1628913252000,0.0
1628913282000,0.0
1628913312000,0.0
1628913342000,0.0006075334143377885
1628913372000,0.0
1628913402000,0.0
1628913432000,0.0006024096385542169
1628913462000,0.0
1628913492000,0.0
1628913522000,0.0005920663114268798
1628913552000,0.0006105006105006105
1628913582000,0.0
1628913612000,0.0
1628913642000,0.0
1628913672000,0.0005941770647653001
1628913702000,0.0
1628913732000,0.0005973715651135006
1628913762000,0.0005871990604815032
1628913792000,0.0006131207847946045
1628913822000,0.0
1628913852000,0.0006075334143377885
1628913882000,0.0
1628913912000,0.0
1628913942000,0.0006042296072507553
1628913972000,0.0
1628914002000,0.0
1628914032000,0.0
1628914062000,0.0006105006105006105
1628914092000,0.0005920663114268798
1628914122000,0.0
1628914152000,0.0006146281499692684
1628914182000,0.0
1628914212000,0.0
1628914242000,0.0012040939193257074
1628914272000,0.0
1628914302000,0.0
1628914332000,0.0
1628914362000,0.0
1628914392000,0.0011897679952409279
1628914422000,0.0006016847172081829
1628914452000,0.0
1628914482000,0.0
1628914512000,0.0006211180124223603
1628914542000,0.0
1628914572000,0.0006027727546714887
1628914602000,0.0006153846153846153
1628914632000,0.0
1628914662000,0.0
1628914692000,0.0
1628914722000,0.0006093845216331506
1628914752000,0.0
1628914782000,0.0
1628914812000,0.0006009615384615385
1628914842000,0.0
1628914872000,0.0006035003017501509
1628914902000,0.0
1628914932000,0.0
1628914962000,0.0006127450980392157
1628914992000,0.0
1628915022000,0.0
1628915052000,0.0
1628915082000,0.0
1628915112000,0.0
1628915142000,0.0
1628915172000,0.0006016847172081829
1628915202000,0.0
1628915232000,0.0
1628915262000,0.0006045949214026603
1628915292000,0.0
1628915322000,0.0
1628915352000,0.0
1628915382000,0.0
1628915412000,0.0
1628915442000,0.0006016847172081829
1628915472000,0.0
1628915502000,0.0
1628915532000,0.0006134969325153375
1628915562000,0.0006101281269066504
1628915592000,0.0
1628915622000,0.0
1628915652000,0.0
1628915682000,0.0006157635467980296
1628915712000,0.0
1628915742000,0.0
1628915772000,0.0
1628915802000,0.0
1628915832000,0.0
1628915862000,0.0
1628915892000,0.0
1628915922000,0.0
1628915952000,0.0
1628915982000,0.0
1628916012000,0.0
1628916042000,0.0
1628916072000,0.0
1628916102000,0.0
1628916132000,0.0
1628916162000,0.0
1628916192000,0.0
1628916222000,0.0005973715651135006
1628916252000,0.0
1628916282000,0.0
1628916312000,0.0
1628916342000,0.001195457262402869
1628916372000,0.0
1628916402000,0.0005955926146515784
1628916432000,0.0
1628916462000,0.0
1628916492000,0.0
1628916522000,0.0
1628916552000,0.0
1628916582000,0.0
1628916612000,0.0
1628916642000,0.0006123698714023269
1628916672000,0.0
1628916702000,0.0006112469437652813
1628916732000,0.0006112469437652813
1628916762000,0.0006222775357809582
1628916792000,0.0
1628916822000,0.0
1628916852000,0.0006123698714023269
1628916882000,0.0006056935190793457
1628916912000,0.0
1628916942000,0.0
1628916972000,0.0
1628917002000,0.0
1628917032000,0.0
1628917062000,0.0005885815185403178
1628917092000,0.0
1628917122000,0.0
1628917152000,0.0
1628917182000,0.0006002400960384152
1628917212000,0.0006075334143377885
1628917242000,0.0
1628917272000,0.0006169031462060457
1628917302000,0.0
1628917332000,0.0
1628917362000,0.0012026458208057728
1628917392000,0.0
1628917422000,0.0005927682276229994
1628917452000,0.0
1628917482000,0.0006049606775559589
1628917512000,0.0
1628917542000,0.0
1628917572000,0.0006053268765133173
1628917602000,0.0
1628917632000,0.0006031363088057902
1628917662000,0.0
1628917692000,0.0
1628917722000,0.0
1628917752000,0.0
1628917782000,0.0
1628917812000,0.0
1628917842000,0.0
1628917872000,0.0006116207951070336
1628917902000,0.0
1628917932000,0.0
1628917962000,0.0
1628917992000,0.0
1628918022000,0.0
1628918052000,0.0
1628918082000,0.0
1628918112000,0.0
1628918142000,0.0006031363088057902
1628918172000,0.0
1628918202000,0.0006067961165048543
1628918232000,0.0005995203836930455
1628918262000,0.0
1628918292000,0.0
1628918322000,0.0
1628918352000,0.0005998800239952009
1628918382000,0.0
1628918412000,0.0006150061500615006
1628918442000,0.0006075334143377885
1628918472000,0.0
1628918502000,0.0011997600479904018
1628918532000,0.0
1628918562000,0.0006112469437652813
1628918592000,0.0
1628918622000,0.0
1628918652000,0.0
1628918682000,0.0012307692307692306
1628918712000,0.0
1628918742000,0.0005980861244019139
1628918772000,0.0
1628918802000,0.0
1628918832000,0.0
1628918862000,0.0
1628918892000,0.0
1628918922000,0.0
1628918952000,0.0005970149253731342
1628918982000,0.0
1628919012000,0.0
1628919042000,0.0006006006006006006
1628919072000,0.0
1628919102000,0.0
1628919132000,0.0
1628919162000,0.0006035003017501509
1628919192000,0.0
1628919222000,0.0
1628919252000,0.0006060606060606062
1628919282000,0.0
1628919312000,0.0
1628919342000,0.0
1628919372000,0.0
1628919402000,0.0
1628919432000,0.0
1628919462000,0.0006006006006006006
1628919492000,0.0
1628919522000,0.0
1628919552000,0.0
1628919582000,0.0
1628919612000,0.0
1628919642000,0.0005998800239952009
1628919672000,0.0005803830528148577
1628919702000,0.0005941770647653001
1628919732000,0.0005917159763313611
1628919762000,0.0
1628919792000,0.0012048192771084338
1628919822000,0.0006064281382656155
1628919852000,0.0
1628919882000,0.0
1628919912000,0.0
1628919942000,0.0
1628919972000,0.0005927682276229994
1628920002000,0.0
1628920032000,0.0
1628920062000,0.0
1628920092000,0.0
1628920122000,0.0
1628920152000,0.0
1628920182000,0.0
1628920212000,0.0006127450980392157
1628920242000,0.0
1628920272000,0.0
1628920302000,0.0
1628920332000,0.0
1628920362000,0.0006176652254478072
1628920392000,0.0
1628920422000,0.0
1628920452000,0.0
1628920482000,0.0
1628920512000,0.0006079027355623102
1628920542000,0.0
1628920572000,0.0006090133982947625
1628920602000,0.0006105006105006105
1628920632000,0.0
1628920662000,0.0
1628920692000,0.0006203473945409428
1628920722000,0.0
1628920752000,0.0
1628920782000,0.0
1628920812000,0.0
1628920842000,0.0
1628920872000,0.0
1628920902000,0.0006203473945409428
1628920932000,0.0
1628920962000,0.0
1628920992000,0.0
1628921022000,0.0006020469596628537
1628921052000,0.0
1628921082000,0.0006056935190793457
1628921112000,0.0006031363088057902
1628921142000,0.0
1628921172000,0.0
1628921202000,0.0
1628921232000,0.0
1628921262000,0.0006153846153846153
1628921292000,0.0006067961165048543
1628921322000,0.0006180469715698393
1628921352000,0.0005934718100890207
1628921382000,0.0
1628921412000,0.0
1628921442000,0.0006006006006006006
1628921472000,0.0006105006105006105
1628921502000,0.0
1628921532000,0.0
1628921562000,0.0005959475566150177
1628921592000,0.0
1628921622000,0.0006134969325153375
1628921652000,0.0
1628921682000,0.0
1628921712000,0.0
1628921742000,0.0
1628921772000,0.0006049606775559589
1628921802000,0.0
1628921832000,0.0
1628921862000,0.0
1628921892000,0.0
1628921922000,0.0
1628921952000,0.0
1628921982000,0.0
1628922012000,0.0
1628922042000,0.0
1628922072000,0.0006101281269066504
1628922102000,0.0
1628922132000,0.0006013229104028864
1628922162000,0.0006013229104028864
1628922192000,0.0
1628922222000,0.0005991611743559018
1628922252000,0.0012399256044637321
1628922282000,0.0
1628922312000,0.0
1628922342000,0.0005945303210463732
1628922372000,0.0
1628922402000,0.0
1628922432000,0.0006031363088057902
1628922462000,0.0006101281269066504
1628922492000,0.0
1628922522000,0.0006134969325153375
1628922552000,0.0
1628922582000,0.0006067961165048543
1628922612000,0.0005988023952095807
1628922642000,0.0
1628922672000,0.0
1628922702000,0.0
1628922732000,0.0
1628922762000,0.0006101281269066504
1628922792000,0.0
1628922822000,0.0
1628922852000,0.0
1628922882000,0.0006097560975609756
1628922912000,0.0
1628922942000,0.0
1628922972000,0.0
1628923002000,0.0
1628923032000,0.0
1628923062000,0.0
1628923092000,0.0005899705014749262
1628923122000,0.0
1628923152000,0.0
1628923182000,0.0005970149253731342
1628923212000,0.0005934718100890207
1628923242000,0.0006180469715698393
1628923272000,0.0
1628923302000,0.0
1628923332000,0.0
1628923362000,0.0006112469437652813
1628923392000,0.0
1628923422000,0.0
1628923452000,0.0006134969325153375
1628923482000,0.0
1628923512000,0.0005941770647653001
1628923542000,0.0005977286312014345
1628923572000,0.0
1628923602000,0.0
1628923632000,0.0
1628923662000,0.0
1628923692000,0.0
1628923722000,0.0006049606775559589
1628923752000,0.0
1628923782000,0.0
1628923812000,0.0
1628923842000,0.0
1628923872000,0.0
1628923902000,0.0
1628923932000,0.0
1628923962000,0.0
1628923992000,0.0
1628924022000,0.0006119951040391675
1628924052000,0.0
1628924082000,0.0006027727546714887
1628924112000,0.0
1628924142000,0.0
1628924172000,0.0006203473945409428
1628924202000,0.0
1628924232000,0.0
1628924262000,0.0006027727546714887
1628924292000,0.0
1628924322000,0.0
1628924352000,0.0
1628924382000,0.0005984440454817473
1628924412000,0.0
1628924442000,0.0005966587112171838
1628924472000,0.0
1628924502000,0.0012399256044637321
1628924532000,0.0
1628924562000,0.0
1628924592000,0.0005988023952095807
1628924622000,0.0006215040397762585
1628924652000,0.0
1628924682000,0.0
1628924712000,0.0
1628924742000,0.0
1628924772000,0.0
1628924802000,0.0
1628924832000,0.0006153846153846153
1628924862000,0.0
1628924892000,0.0
1628924922000,0.0
1628924952000,0.0
1628924982000,0.0
1628925012000,0.0
1628925042000,0.0006211180124223603
1628925072000,0.0006188118811881187
1628925102000,0.0
1628925132000,0.0006071645415907711
1628925162000,0.0
1628925192000,0.0
1628925222000,0.0005995203836930455
1628925252000,0.0
1628925282000,0.0005885815185403178
1628925312000,0.0005988023952095807
1628925342000,0.0
1628925372000,0.0
1628925402000,0.0
1628925432000,0.0005917159763313611
1628925462000,0.0
1628925492000,0.0
1628925522000,0.0
1628925552000,0.0
1628925582000,0.0006188118811881187
1628925612000,0.0018382352941176468
1628925642000,0.0
1628925672000,0.0006184291898577612
1628925702000,0.0
1628925732000,0.0
1628925762000,0.0
1628925792000,0.0
1628925822000,0.0
1628925852000,0.0
1628925882000,0.0
1628925912000,0.0
1628925942000,0.0012353304508956149
1628925972000,0.0
1628926002000,0.0
1628926032000,0.0
1628926062000,0.0
1628926092000,0.0006134969325153375
1628926122000,0.0
1628926152000,0.0006042296072507553
1628926182000,0.0
1628926212000,0.0
1628926242000,0.0
1628926272000,0.0
1628926302000,0.0
1628926332000,0.0006090133982947625
1628926362000,0.0
1628926392000,0.0
1628926422000,0.0006131207847946045
1628926452000,0.0005945303210463732
1628926482000,0.0005871990604815032
1628926512000,0.0
1628926542000,0.0006079027355623102
1628926572000,0.0006013229104028864
1628926602000,0.0
1628926632000,0.0006067961165048543
1628926662000,0.0011933174224343676
1628926692000,0.0
1628926722000,0.0
1628926752000,0.0
1628926782000,0.0
1628926812000,0.0006108735491753207
1628926842000,0.0
1628926872000,0.0005998800239952009
1628926902000,0.0
1628926932000,0.0005885815185403178
1628926962000,0.0
1628926992000,0.0
1628927022000,0.0
1628927052000,0.0
1628927082000,0.0
1628927112000,0.0
1628927142000,0.0
1628927172000,0.0
1628927202000,0.0
1628927232000,0.0
1628927262000,0.0
1628927292000,0.0
1628927322000,0.0
1628927352000,0.0005995203836930455
1628927382000,0.0
1628927412000,0.0
1628927442000,0.0
1628927472000,0.0006079027355623102
1628927502000,0.0
1628927532000,0.0
1628927562000,0.0005927682276229994
1628927592000,0.0006060606060606062
1628927622000,0.0
1628927652000,0.0
1628927682000,0.0
1628927712000,0.0006060606060606062
1628927742000,0.0006079027355623102
1628927772000,0.0
1628927802000,0.0
1628927832000,0.0
1628927862000,0.0006067961165048543
1628927892000,0.0006027727546714887
1628927922000,0.0
1628927952000,0.0
1628927982000,0.0
1628928012000,0.0
1628928042000,0.0
1628928072000,0.0006060606060606062
1628928102000,0.0005988023952095807
1628928132000,0.0
1628928162000,0.0
1628928192000,0.0
1628928222000,0.0
1628928252000,0.0
1628928282000,0.0
1628928312000,0.0006002400960384152
1628928342000,0.0
1628928372000,0.0
1628928402000,0.0
1628928432000,0.0
1628928462000,0.0
1628928492000,0.0
1628928522000,0.0
1628928552000,0.0
1628928582000,0.0005966587112171838
1628928612000,0.0
1628928642000,0.0006199628022318662
1628928672000,0.0
1628928702000,0.0
1628928732000,0.0
1628928762000,0.0
1628928792000,0.0
1628928822000,0.001203369434416366
1628928852000,0.0011983223487118035
1628928882000,0.0
1628928912000,0.0
1628928942000,0.0
1628928972000,0.0
1628929002000,0.0
1628929032000,0.0
1628929062000,0.0
1628929092000,0.0005955926146515784
1628929122000,0.0006086427267194157
1628929152000,0.0
1628929182000,0.0
1628929212000,0.0
1628929242000,0.0
1628929272000,0.0006056935190793457
1628929302000,0.0
1628929332000,0.0
1628929362000,0.00121580547112462
1628929392000,0.0005847953216374268
1628929422000,0.0
1628929452000,0.0
1628929482000,0.0006075334143377885
1628929512000,0.0
1628929542000,0.0
1628929572000,0.0005970149253731342
1628929602000,0.0
1628929632000,0.0
1628929662000,0.0
1628929692000,0.0
1628929722000,0.0
1628929752000,0.0
1628929782000,0.0
1628929812000,0.0
1628929842000,0.0
1628929872000,0.0
1628929902000,0.0
1628929932000,0.0
1628929962000,0.0006086427267194157
1628929992000,0.0
1628930022000,0.0
1628930052000,0.0
1628930082000,0.0
1628930112000,0.0
1628930142000,0.0005998800239952009
1628930172000,0.0
1628930202000,0.0
1628930232000,0.0006142506142506142
1628930262000,0.0
1628930292000,0.0
1628930322000,0.0
1628930352000,0.0006153846153846153
1628930382000,0.0
1628930412000,0.0
1628930442000,0.0
1628930472000,0.0
1628930502000,0.0
1628930532000,0.0
1628930562000,0.0
1628930592000,0.0
1628930622000,0.0005977286312014345
1628930652000,0.0
1628930682000,0.0
1628930712000,0.0
1628930742000,0.0
1628930772000,0.0
1628930802000,0.0006086427267194157
1628930832000,0.0012055455093429774
1628930862000,0.0006027727546714887
1628930892000,0.0
1628930922000,0.0
1628930952000,0.0006002400960384152
1628930982000,0.0
1628931012000,0.0006142506142506142
1628931042000,0.0
1628931072000,0.0
1628931102000,0.0006191950464396285
1628931132000,0.0
1628931162000,0.0006082725060827251
1628931192000,0.0
1628931222000,0.0
1628931252000,0.0
1628931282000,0.0
1628931312000,0.0006064281382656155
1628931342000,0.0
1628931372000,0.0
1628931402000,0.0
1628931432000,0.0
1628931462000,0.0
1628931492000,0.001212856276531231
1628931522000,0.0012165450121654502
1628931552000,0.0005984440454817473
1628931582000,0.0
1628931612000,0.0
1628931642000,0.0006097560975609756
1628931672000,0.0
1628931702000,0.0006071645415907711
1628931732000,0.0
1628931762000,0.0
1628931792000,0.0
1628931822000,0.0
1628931852000,0.0
1628931882000,0.0
1628931912000,0.0
1628931942000,0.0
1628931972000,0.0006064281382656155
1628932002000,0.0
1628932032000,0.0
1628932062000,0.0
1628932092000,0.0
1628932122000,0.0
1628932152000,0.0
1628932182000,0.0005948839976204639
1628932212000,0.0
1628932242000,0.0
1628932272000,0.0
1628932302000,0.0005970149253731342
1628932332000,0.0
1628932362000,0.0011682242990654205
1628932392000,0.0012338062924120911
1628932422000,0.0
1628932452000,0.0
1628932482000,0.0006131207847946045
1628932512000,0.0
1628932542000,0.0
1628932572000,0.0
1628932602000,0.0006180469715698393
1628932632000,0.0
1628932662000,0.0006226650062266501
1628932692000,0.0
1628932722000,0.0005952380952380952
1628932752000,0.0
1628932782000,0.0
1628932812000,0.001199040767386091
1628932842000,0.0
1628932872000,0.0005927682276229994
1628932902000,0.0005920663114268798
1628932932000,0.0005927682276229994
1628932962000,0.0
1628932992000,0.0
1628933022000,0.0
1628933052000,0.0
1628933082000,0.0
1628933112000,0.0006013229104028864
1628933142000,0.0
1628933172000,0.0
1628933202000,0.0
1628933232000,0.0
1628933262000,0.0005973715651135006
1628933292000,0.0
1628933322000,0.0006056935190793457
1628933352000,0.0005885815185403178
1628933382000,0.0
1628933412000,0.0
1628933442000,0.0
1628933472000,0.0
1628933502000,0.0006101281269066504
1628933532000,0.0005868544600938967
1628933562000,0.0
1628933592000,0.0
1628933622000,0.0
1628933652000,0.0
1628933682000,0.0005977286312014345
1628933712000,0.0
1628933742000,0.0
1628933772000,0.0
1628933802000,0.0
1628933832000,0.0
1628933862000,0.0
1628933892000,0.0
1628933922000,0.0
1628933952000,0.0005973715651135006
1628933982000,0.0
1628934012000,0.0
1628934042000,0.0
1628934072000,0.0
1628934102000,0.0006053268765133173
1628934132000,0.0006112469437652813
1628934162000,0.0
1628934192000,0.0005830903790087462
1628934222000,0.0
1628934252000,0.0
1628934282000,0.0
1628934312000,0.0
1628934342000,0.0
1628934372000,0.0005984440454817473
1628934402000,0.0006131207847946045
1628934432000,0.0
1628934462000,0.0005998800239952009
1628934492000,0.0
1628934522000,0.0005844535359438924
1628934552000,0.0006071645415907711
1628934582000,0.0
1628934612000,0.0006002400960384152
1628934642000,0.0006086427267194157
1628934672000,0.0
1628934702000,0.0005995203836930455
1628934732000,0.0
1628934762000,0.0005917159763313611
1628934792000,0.0
1628934822000,0.0
1628934852000,0.0
1628934882000,0.0
1628934912000,0.0
1628934942000,0.0005899705014749262
1628934972000,0.0
1628935002000,0.0005952380952380952
1628935032000,0.0006020469596628537
1628935062000,0.0
1628935092000,0.0
1628935122000,0.0006222775357809582
1628935152000,0.0
1628935182000,0.0
1628935212000,0.0
1628935242000,0.0
1628935272000,0.0
1628935302000,0.0005966587112171838
1628935332000,0.0
1628935362000,0.0
1628935392000,0.0006020469596628537
1628935422000,0.0005963029218843173
1628935452000,0.0
1628935482000,0.0
1628935512000,0.0006009615384615385
1628935542000,0.0
1628935572000,0.0006157635467980296
1628935602000,0.0
1628935632000,0.0
1628935662000,0.0
1628935692000,0.0
1628935722000,0.0006105006105006105
1628935752000,0.0005934718100890207
1628935782000,0.0
1628935812000,0.0
1628935842000,0.0005841121495327102
1628935872000,0.0
1628935902000,0.0
1628935932000,0.0005955926146515784
1628935962000,0.0005920663114268798
1628935992000,0.0
1628936022000,0.0
1628936052000,0.0
1628936082000,0.0
1628936112000,0.0
1628936142000,0.0
1628936172000,0.0005995203836930455
1628936202000,0.001223990208078335
1628936232000,0.0
1628936262000,0.0
1628936292000,0.0
1628936322000,0.0012040939193257074
1628936352000,0.0
1628936382000,0.0006222775357809582
1628936412000,0.0
1628936442000,0.0006056935190793457
1628936472000,0.0006105006105006105
1628936502000,0.0
1628936532000,0.0
1628936562000,0.0006146281499692684
1628936592000,0.0006031363088057902
1628936622000,0.0005938242280285036
1628936652000,0.0006082725060827251
1628936682000,0.0
1628936712000,0.0006031363088057902
1628936742000,0.0
1628936772000,0.0
1628936802000,0.0006067961165048543
1628936832000,0.0005917159763313611
1628936862000,0.0006024096385542169
1628936892000,0.0005899705014749262
1628936922000,0.0
1628936952000,0.0006064281382656155
1628936982000,0.0
1628937012000,0.0
1628937042000,0.0006035003017501509
1628937072000,0.0
1628937102000,0.0005903187721369539
1628937132000,0.0005931198102016608
1628937162000,0.0006105006105006105
1628937192000,0.0
1628937222000,0.0006053268765133173
1628937252000,0.0
1628937282000,0.0006191950464396285
1628937312000,0.0
1628937342000,0.0
1628937372000,0.0
1628937402000,0.0006020469596628537
1628937432000,0.0
1628937462000,0.0
1628937492000,0.0006071645415907711
1628937522000,0.0
1628937552000,0.0
1628937582000,0.0
1628937612000,0.0006199628022318662
1628937642000,0.0
1628937672000,0.0
1628937702000,0.0
1628937732000,0.0006108735491753207
1628937762000,0.0
1628937792000,0.0
1628937822000,0.0005934718100890207
1628937852000,0.0
1628937882000,0.0
1628937912000,0.0
1628937942000,0.0005973715651135006
1628937972000,0.0012476606363069245
1628938002000,0.0
1628938032000,0.0
1628938062000,0.0006053268765133173
1628938092000,0.0
1628938122000,0.0
1628938152000,0.0
1628938182000,0.0006116207951070336
1628938212000,0.0006024096385542169
1628938242000,0.0
1628938272000,0.0006112469437652813
1628938302000,0.0006020469596628537
1628938332000,0.0
1628938362000,0.0005952380952380952
1628938392000,0.0
1628938422000,0.0
1628938452000,0.0
1628938482000,0.0006038647342995169
1628938512000,0.0
1628938542000,0.0
1628938572000,0.0
1628938602000,0.0
1628938632000,0.0
1628938662000,0.0
1628938692000,0.0
1628938722000,0.0006020469596628537
1628938752000,0.0005970149253731342
1628938782000,0.0
1628938812000,0.0005998800239952009
1628938842000,0.0
1628938872000,0.0
1628938902000,0.0006138735420503376
1628938932000,0.0
1628938962000,0.0
1628938992000,0.0
1628939022000,0.0
1628939052000,0.0
1628939082000,0.0006116207951070336
1628939112000,0.0
1628939142000,0.0
1628939172000,0.0
1628939202000,0.0
1628939232000,0.0
1628939262000,0.0005991611743559018
1628939292000,0.0005995203836930455
1628939322000,0.0
1628939352000,0.0005938242280285036
1628939382000,0.0006042296072507553
1628939412000,0.0005934718100890207
1628939442000,0.0006108735491753207
1628939472000,0.0
1628939502000,0.0006045949214026603
1628939532000,0.0
1628939562000,0.0006056935190793457
1628939592000,0.0
1628939622000,0.0
1628939652000,0.0
1628939682000,0.0
1628939712000,0.0
1628939742000,0.0
1628939772000,0.0006060606060606062
1628939802000,0.0005896226415094339
1628939832000,0.0006071645415907711
1628939862000,0.0006119951040391675
1628939892000,0.0
1628939922000,0.0
1628939952000,0.0
1628939982000,0.0005941770647653001
1628940012000,0.0006042296072507553
1628940042000,0.0
1628940072000,0.0
1628940102000,0.0006119951040391675
1628940132000,0.0
1628940162000,0.0
1628940192000,0.0006101281269066504
1628940222000,0.0005945303210463732
1628940252000,0.0
1628940282000,0.0
1628940312000,0.0
1628940342000,0.0006146281499692684
1628940372000,0.0005927682276229994
1628940402000,0.0006134969325153375
1628940432000,0.0006157635467980296
1628940462000,0.0
1628940492000,0.0006031363088057902
1628940522000,0.0
1628940552000,0.0
1628940582000,0.0005973715651135006
1628940612000,0.0
1628940642000,0.0
1628940672000,0.0
1628940702000,0.0006031363088057902
1628940732000,0.0006161429451632778
1628940762000,0.0006138735420503376
1628940792000,0.0
1628940822000,0.0
1628940852000,0.0006009615384615385
1628940882000,0.0006153846153846153
1628940912000,0.0
1628940942000,0.0005970149253731342
1628940972000,0.0006038647342995169
1628941002000,0.0
1628941032000,0.0
1628941062000,0.0
1628941092000,0.0
1628941122000,0.0
1628941152000,0.0006020469596628537
1628941182000,0.0
1628941212000,0.0
1628941242000,0.0006195786864931846
1628941272000,0.0
1628941302000,0.0
1628941332000,0.0
1628941362000,0.0
1628941392000,0.0005948839976204639
1628941422000,0.0
1628941452000,0.0
1628941482000,0.0
1628941512000,0.0
1628941542000,0.0006075334143377885
1628941572000,0.0006146281499692684
1628941602000,0.0
1628941632000,0.0
1628941662000,0.001212121212121212
1628941692000,0.0006027727546714887
1628941722000,0.0
1628941752000,0.0
1628941782000,0.0
1628941812000,0.0
1628941842000,0.0006006006006006006
1628941872000,0.0006097560975609756
1628941902000,0.0006093845216331506
1628941932000,0.0006131207847946045
1628941962000,0.0006138735420503376
1628941992000,0.0
1628942022000,0.0006038647342995169
1628942052000,0.0
1628942082000,0.0
1628942112000,0.001177856301531213
1628942142000,0.0
1628942172000,0.0
1628942202000,0.0
1628942232000,0.0
1628942262000,0.0
1628942292000,0.0
1628942322000,0.0006105006105006105
1628942352000,0.0
1628942382000,0.0005927682276229994
1628942412000,0.0006009615384615385
1628942442000,0.0
1628942472000,0.0005945303210463732
1628942502000,0.0
1628942532000,0.0
1628942562000,0.0
1628942592000,0.0
1628942622000,0.0006049606775559589
1628942652000,0.0006150061500615006
1628942682000,0.0005952380952380952
1628942712000,0.0006146281499692684
1628942742000,0.001212121212121212
1628942772000,0.0
1628942802000,0.0
1628942832000,0.0
1628942862000,0.0
1628942892000,0.0
1628942922000,0.0
1628942952000,0.0
1628942982000,0.0
1628943012000,0.0
1628943042000,0.0
1628943072000,0.0
1628943102000,0.0
1628943132000,0.0
1628943162000,0.0
1628943192000,0.0
1628943222000,0.0006006006006006006
1628943252000,0.0006082725060827251
1628943282000,0.0005896226415094339
1628943312000,0.0
1628943342000,0.0005988023952095807
1628943372000,0.0
1628943402000,0.0
1628943432000,0.0006006006006006006
1628943462000,0.0
1628943492000,0.0006105006105006105
1628943522000,0.0006086427267194157
1628943552000,0.0
1628943582000,0.0
1628943612000,0.0
1628943642000,0.0
1628943672000,0.0
1628943702000,0.0005973715651135006
1628943732000,0.0
1628943762000,0.0006108735491753207
1628943792000,0.0
1628943822000,0.0012338062924120911
1628943852000,0.0
1628943882000,0.0006009615384615385
1628943912000,0.0
1628943942000,0.0006053268765133173
1628943972000,0.0
1628944002000,0.0006093845216331506
1628944032000,0.0005988023952095807
1628944062000,0.0
1628944092000,0.0006161429451632778
1628944122000,0.0
1628944152000,0.0
1628944182000,0.0
1628944212000,0.0012106537530266347
1628944242000,0.0
1628944272000,0.0
1628944302000,0.0005952380952380952
1628944332000,0.0
1628944362000,0.0006064281382656155
1628944392000,0.0
1628944422000,0.0
1628944452000,0.0005941770647653001
1628944482000,0.0
1628944512000,0.0
1628944542000,0.0006123698714023269
1628944572000,0.0006105006105006105
1628944602000,0.0006230529595015578
1628944632000,0.0006009615384615385
1628944662000,0.0
1628944692000,0.0006134969325153375
1628944722000,0.0
1628944752000,0.0006097560975609756
1628944782000,0.0
1628944812000,0.0005875440658049354
1628944842000,0.0
1628944872000,0.0005847953216374268
1628944902000,0.0005991611743559018
1628944932000,0.0
1628944962000,0.0
1628944992000,0.0
1628945022000,0.0
1628945052000,0.0006042296072507553
1628945082000,0.0006067961165048543
1628945112000,0.0005970149253731342
1628945142000,0.0
1628945172000,0.0006134969325153375
1628945202000,0.0005966587112171838
1628945232000,0.0
1628945262000,0.0006020469596628537
1628945292000,0.0
1628945322000,0.0006067961165048543
1628945352000,0.0006042296072507553
1628945382000,0.0
1628945412000,0.0006203473945409428
1628945442000,0.0006009615384615385
1628945472000,0.0
1628945502000,0.0
1628945532000,0.0
1628945562000,0.0006024096385542169
1628945592000,0.0006013229104028864
1628945622000,0.0
1628945652000,0.0
1628945682000,0.0006027727546714887
1628945712000,0.0005941770647653001
1628945742000,0.0006138735420503376
1628945772000,0.0006075334143377885
1628945802000,0.0006060606060606062
1628945832000,0.0
1628945862000,0.0
1628945892000,0.0
1628945922000,0.0
1628945952000,0.0
1628945982000,0.0
1628946012000,0.0006169031462060457
1628946042000,0.0
1628946072000,0.0
1628946102000,0.0
1628946132000,0.0006009615384615385
1628946162000,0.0006153846153846153
1628946192000,0.0
1628946222000,0.0006045949214026603
1628946252000,0.0
1628946282000,0.0
1628946312000,0.0
1628946342000,0.0
1628946372000,0.0
1628946402000,0.0006123698714023269
1628946432000,0.0
1628946462000,0.0
1628946492000,0.0006071645415907711
1628946522000,0.0006161429451632778
1628946552000,0.0
1628946582000,0.0
1628946612000,0.0
1628946642000,0.0006009615384615385
1628946672000,0.0
1628946702000,0.001238390092879257
1628946732000,0.0
1628946762000,0.0005941770647653001
1628946792000,0.0
1628946822000,0.0
1628946852000,0.0006184291898577612
1628946882000,0.0005995203836930455
1628946912000,0.0
1628946942000,0.0
1628946972000,0.0006035003017501509
1628947002000,0.0
1628947032000,0.0006064281382656155
1628947062000,0.0
1628947092000,0.0006035003017501509
1628947122000,0.0
1628947152000,0.0005959475566150177
1628947182000,0.0005934718100890207
1628947212000,0.0
1628947242000,0.0
1628947272000,0.0
1628947302000,0.0006042296072507553
1628947332000,0.0
1628947362000,0.0
1628947392000,0.0005885815185403178
1628947422000,0.0
1628947452000,0.0005970149253731342
1628947482000,0.0
1628947512000,0.0
1628947542000,0.0
1628947572000,0.0
1628947602000,0.0
1628947632000,0.0
1628947662000,0.0006031363088057902
1628947692000,0.0
1628947722000,0.0
1628947752000,0.0
1628947782000,0.0
1628947812000,0.0
1628947842000,0.0
1628947872000,0.0
1628947902000,0.0
1628947932000,0.0005931198102016608
1628947962000,0.0005889281507656067
1628947992000,0.0005927682276229994
1628948022000,0.0
1628948052000,0.0
1628948082000,0.0006002400960384152
1628948112000,0.0
1628948142000,0.0
1628948172000,0.0006056935190793457
1628948202000,0.0
1628948232000,0.0
1628948262000,0.0006105006105006105
1628948292000,0.0
1628948322000,0.0
1628948352000,0.0
1628948382000,0.0
1628948412000,0.0005858230814294082
1628948442000,0.0006002400960384152
1628948472000,0.0
1628948502000,0.0
1628948532000,0.0
1628948562000,0.0006184291898577612
1628948592000,0.0
1628948622000,0.0
1628948652000,0.0006112469437652813
1628948682000,0.0
1628948712000,0.0
1628948742000,0.0
1628948772000,0.0006056935190793457
1628948802000,0.0
1628948832000,0.0006075334143377885
1628948862000,0.0006009615384615385
1628948892000,0.0
1628948922000,0.0
1628948952000,0.0006142506142506142
1628948982000,0.0006038647342995169
1628949012000,0.0005984440454817473
1628949042000,0.0
1628949072000,0.0005998800239952009
1628949102000,0.0
1628949132000,0.0
1628949162000,0.0
1628949192000,0.0
1628949222000,0.0
1628949252000,0.0
1628949282000,0.0
1628949312000,0.0
1628949342000,0.0
1628949372000,0.0
1628949402000,0.0006056935190793457
1628949432000,0.0
1628949462000,0.0006218905472636817
1628949492000,0.0
1628949522000,0.0
1628949552000,0.0006020469596628537
1628949582000,0.0
1628949612000,0.0
1628949642000,0.0
1628949672000,0.0
1628949702000,0.0
1628949732000,0.0005959475566150177
1628949762000,0.0
1628949792000,0.0
1628949822000,0.0005952380952380952
1628949852000,0.0
1628949882000,0.0
1628949912000,0.0011961722488038275
1628949942000,0.0
1628949972000,0.0
1628950002000,0.0006211180124223603
1628950032000,0.0
1628950062000,0.0
1628950092000,0.0
1628950122000,0.0
1628950152000,0.0
1628950182000,0.0005977286312014345
1628950212000,0.0
1628950242000,0.0
1628950272000,0.0
1628950302000,0.0
1628950332000,0.0006112469437652813
1628950362000,0.0
1628950392000,0.0006150061500615006
1628950422000,0.0012040939193257074
1628950452000,0.0
1628950482000,0.0006097560975609756
1628950512000,0.0
1628950542000,0.0
1628950572000,0.0005966587112171838
1628950602000,0.0
1628950632000,0.0
1628950662000,0.0005924170616113746
1628950692000,0.0006207324643078832
1628950722000,0.0
1628950752000,0.0005984440454817473
1628950782000,0.0
1628950812000,0.0006056935190793457
1628950842000,0.0006097560975609756
1628950872000,0.0005963029218843173
1628950902000,0.0006157635467980296
1628950932000,0.0
1628950962000,0.0
1628950992000,0.0
1628951022000,0.0
1628951052000,0.0
1628951082000,0.0
1628951112000,0.0005906674542232723
1628951142000,0.0
1628951172000,0.0
1628951202000,0.0
1628951232000,0.0
1628951262000,0.0
1628951292000,0.0006165228113440197
1628951322000,0.0006002400960384152
1628951352000,0.0006097560975609756
1628951382000,0.0006093845216331506
1628951412000,0.0
1628951442000,0.0
1628951472000,0.0
1628951502000,0.0006079027355623102
1628951532000,0.0
1628951562000,0.0
1628951592000,0.0006093845216331506
1628951622000,0.0
1628951652000,0.0005970149253731342
1628951682000,0.0
1628951712000,0.0
1628951742000,0.0006071645415907711
1628951772000,0.0
1628951802000,0.0011976047904191614
1628951832000,0.0
1628951862000,0.0
1628951892000,0.0
1628951922000,0.0
1628951952000,0.0011834319526627221
1628951982000,0.0
1628952012000,0.0006105006105006105
1628952042000,0.0
1628952072000,0.0
1628952102000,0.0
1628952132000,0.0
1628952162000,0.0
1628952192000,0.0005980861244019139
1628952222000,0.0006060606060606062
1628952252000,0.0
1628952282000,0.0
1628952312000,0.0
1628952342000,0.0
1628952372000,0.0
1628952402000,0.0
1628952432000,0.0
1628952462000,0.0
1628952492000,0.0
1628952522000,0.0006067961165048543
1628952552000,0.0006134969325153375
1628952582000,0.0
1628952612000,0.0005903187721369539
1628952642000,0.0006020469596628537
1628952672000,0.0006127450980392157
1628952702000,0.0
1628952732000,0.0006138735420503376
1628952762000,0.0
1628952792000,0.0
1628952822000,0.0
1628952852000,0.0
1628952882000,0.0006142506142506142
1628952912000,0.0
1628952942000,0.0
1628952972000,0.0
1628953002000,0.0
1628953032000,0.0006002400960384152
1628953062000,0.0
1628953092000,0.0006045949214026603
1628953122000,0.0
1628953152000,0.0
1628953182000,0.0
1628953212000,0.0006013229104028864
1628953242000,0.0
1628953272000,0.0
1628953302000,0.0
1628953332000,0.0
1628953362000,0.0005995203836930455
1628953392000,0.0
1628953422000,0.0005970149253731342
1628953452000,0.0
1628953482000,0.0
1628953512000,0.0
1628953542000,0.0
1628953572000,0.0
1628953602000,0.0006138735420503376
1628953632000,0.0
1628953662000,0.0005977286312014345
1628953692000,0.0
1628953722000,0.0
1628953752000,0.0
1628953782000,0.0005941770647653001
1628953812000,0.0012012012012012011
1628953842000,0.0
1628953872000,0.0006031363088057902
1628953902000,0.0
1628953932000,0.0
1628953962000,0.0005977286312014345
1628953992000,0.0
1628954022000,0.0
1628954052000,0.0
1628954082000,0.0006086427267194157
1628954112000,0.0
1628954142000,0.0006146281499692684
1628954172000,0.0006027727546714887
1628954202000,0.0
1628954232000,0.0
1628954262000,0.0
1628954292000,0.0
1628954322000,0.0006199628022318662
1628954352000,0.0
1628954382000,0.0
1628954412000,0.0
1628954442000,0.0
1628954472000,0.0
1628954502000,0.0
1628954532000,0.0006191950464396285
1628954562000,0.0
1628954592000,0.0006053268765133173
1628954622000,0.0006035003017501509
1628954652000,0.0006172839506172839
1628954682000,0.0
1628954712000,0.0
1628954742000,0.0
1628954772000,0.0
1628954802000,0.0
1628954832000,0.0
1628954862000,0.0011820330969267141
1628954892000,0.0006049606775559589
1628954922000,0.0
1628954952000,0.0
1628954982000,0.0
1628955012000,0.0
1628955042000,0.0
1628955072000,0.0
1628955102000,0.0
1628955132000,0.0
1628955162000,0.0
1628955192000,0.0
1628955222000,0.0
1628955252000,0.0006002400960384152
1628955282000,0.0
1628955312000,0.0
1628955342000,0.0006097560975609756
1628955372000,0.0
1628955402000,0.0011855364552459987
1628955432000,0.0
1628955462000,0.0
1628955492000,0.0
1628955522000,0.0005952380952380952
1628955552000,0.0
1628955582000,0.0006134969325153375
1628955612000,0.0006112469437652813
1628955642000,0.0
1628955672000,0.0006082725060827251
1628955702000,0.0005830903790087462
1628955732000,0.0
1628955762000,0.0
1628955792000,0.0
1628955822000,0.0006119951040391675
1628955852000,0.0
1628955882000,0.0011897679952409279
1628955912000,0.0
1628955942000,0.0
1628955972000,0.0
1628956002000,0.0
1628956032000,0.0006038647342995169
1628956062000,0.0
1628956092000,0.0
1628956122000,0.0
1628956152000,0.0
1628956182000,0.0
1628956212000,0.0
1628956242000,0.0006038647342995169
1628956272000,0.0
1628956302000,0.0
1628956332000,0.0
1628956362000,0.0
1628956392000,0.0006165228113440197
1628956422000,0.0
1628956452000,0.0006211180124223603
1628956482000,0.0
1628956512000,0.0005959475566150177
1628956542000,0.0
1628956572000,0.0
1628956602000,0.0
1628956632000,0.0
1628956662000,0.0
1628956692000,0.0006123698714023269
1628956722000,0.0
1628956752000,0.0005920663114268798
1628956782000,0.0
1628956812000,0.0
1628956842000,0.0
1628956872000,0.0
1628956902000,0.0005917159763313611
1628956932000,0.0006056935190793457
1628956962000,0.0
1628956992000,0.0006009615384615385
1628957022000,0.0006086427267194157
1628957052000,0.0
1628957082000,0.0
1628957112000,0.0
1628957142000,0.0006105006105006105
1628957172000,0.0
1628957202000,0.0
1628957232000,0.0005878894767783657
1628957262000,0.0
1628957292000,0.0
1628957322000,0.0006203473945409428
1628957352000,0.0
1628957382000,0.0012077294685990338
1628957412000,0.0
1628957442000,0.0
1628957472000,0.0
1628957502000,0.0
1628957532000,0.0
1628957562000,0.0
1628957592000,0.0006045949214026603
1628957622000,0.0
1628957652000,0.0006079027355623102
1628957682000,0.0
1628957712000,0.0
1628957742000,0.0
1628957772000,0.0
1628957802000,0.0
1628957832000,0.0006119951040391675
1628957862000,0.0006038647342995169
1628957892000,0.0
1628957922000,0.0
1628957952000,0.0
1628957982000,0.0
1628958012000,0.0
1628958042000,0.0
1628958072000,0.0
1628958102000,0.0
1628958132000,0.0
1628958162000,0.0
1628958192000,0.0
1628958222000,0.0
1628958252000,0.0
1628958282000,0.0006024096385542169
1628958312000,0.0
1628958342000,0.0006002400960384152
1628958372000,0.0006027727546714887
1628958402000,0.0
1628958432000,0.0
1628958462000,0.0006009615384615385
1628958492000,0.0
1628958522000,0.0006045949214026603
1628958552000,0.0006119951040391675
1628958582000,0.0
1628958612000,0.0006086427267194157
1628958642000,0.0
1628958672000,0.0005903187721369539
1628958702000,0.0
1628958732000,0.0
1628958762000,0.0006049606775559589
1628958792000,0.0
1628958822000,0.0006064281382656155
1628958852000,0.0
1628958882000,0.0005948839976204639
1628958912000,0.0
1628958942000,0.0005924170616113746
1628958972000,0.0
1628959002000,0.0
1628959032000,0.0
1628959062000,0.0
1628959092000,0.0005991611743559018
1628959122000,0.0
1628959152000,0.0
1628959182000,0.0006138735420503376
1628959212000,0.0
1628959242000,0.0
1628959272000,0.0
1628959302000,0.0
1628959332000,0.0
1628959362000,0.0
1628959392000,0.0006119951040391675
1628959422000,0.0
1628959452000,0.0005995203836930455
1628959482000,0.0
1628959512000,0.0
1628959542000,0.0
1628959572000,0.0
1628959602000,0.0006006006006006006
1628959632000,0.0
1628959662000,0.0
1628959692000,0.0006188118811881187
1628959722000,0.0
1628959752000,0.0006101281269066504
1628959782000,0.0006064281382656155
1628959812000,0.0
1628959842000,0.0
1628959872000,0.0
1628959902000,0.0
1628959932000,0.0
1628959962000,0.0
1628959992000,0.0
1628960022000,0.0006116207951070336
1628960052000,0.0006064281382656155
1628960082000,0.000585480093676815
1628960112000,0.0
1628960142000,0.0005959475566150177
1628960172000,0.0
1628960202000,0.0006146281499692684
1628960232000,0.0006064281382656155
1628960262000,0.0
1628960292000,0.0
1628960322000,0.0
1628960352000,0.0006108735491753207
1628960382000,0.0
1628960412000,0.0005906674542232723
1628960442000,0.0006045949214026603
1628960472000,0.0
1628960502000,0.0005934718100890207
1628960532000,0.0011883541295306002
1628960562000,0.0
1628960592000,0.0
1628960622000,0.001199040767386091
1628960652000,0.0006002400960384152
1628960682000,0.0
1628960712000,0.0
1628960742000,0.0
1628960772000,0.0006161429451632778
1628960802000,0.0006082725060827251
1628960832000,0.0006116207951070336
1628960862000,0.0
1628960892000,0.0
1628960922000,0.0
1628960952000,0.0
1628960982000,0.0
1628961012000,0.0
1628961042000,0.0
1628961072000,0.0
1628961102000,0.0006131207847946045
1628961132000,0.0
1628961162000,0.0006020469596628537
1628961192000,0.0
1628961222000,0.0
1628961252000,0.0006053268765133173
1628961282000,0.0
1628961312000,0.0006067961165048543
1628961342000,0.0005938242280285036
1628961372000,0.0
1628961402000,0.0006067961165048543
1628961432000,0.0
1628961462000,0.0
1628961492000,0.0
1628961522000,0.0
1628961552000,0.0006165228113440197
1628961582000,0.0006112469437652813
1628961612000,0.0006203473945409428
1628961642000,0.0
1628961672000,0.0006035003017501509
1628961702000,0.0
1628961732000,0.0005927682276229994
1628961762000,0.0006105006105006105
1628961792000,0.0006038647342995169
1628961822000,0.0
1628961852000,0.0006060606060606062
1628961882000,0.0005889281507656067
1628961912000,0.0
1628961942000,0.0005945303210463732
1628961972000,0.0
1628962002000,0.0
1628962032000,0.0006093845216331506
1628962062000,0.0
1628962092000,0.0
1628962122000,0.0
1628962152000,0.0006157635467980296
1628962182000,0.0006082725060827251
1628962212000,0.0006016847172081829
1628962242000,0.0
1628962272000,0.0006075334143377885
1628962302000,0.0005934718100890207
1628962332000,0.0
1628962362000,0.0006127450980392157
1628962392000,0.0
1628962422000,0.0
1628962452000,0.0
1628962482000,0.0006016847172081829
1628962512000,0.0
1628962542000,0.0
1628962572000,0.0
1628962602000,0.0
1628962632000,0.0
1628962662000,0.0006053268765133173
1628962692000,0.0
1628962722000,0.0
1628962752000,0.0006176652254478072
1628962782000,0.0
1628962812000,0.0
1628962842000,0.0
1628962872000,0.0
1628962902000,0.0006049606775559589
1628962932000,0.0006165228113440197
1628962962000,0.0006064281382656155
1628962992000,0.0
1628963022000,0.0
1628963052000,0.0
1628963082000,0.0
1628963112000,0.0
1628963142000,0.0006020469596628537
1628963172000,0.0006082725060827251
1628963202000,0.0
1628963232000,0.0
1628963262000,0.0006142506142506142
1628963292000,0.0
1628963322000,0.0006195786864931846
1628963352000,0.0
1628963382000,0.0
1628963412000,0.0
1628963442000,0.0006006006006006006
1628963472000,0.0
1628963502000,0.0
1628963532000,0.0
1628963562000,0.0
1628963592000,0.0005984440454817473
1628963622000,0.0
1628963652000,0.0
1628963682000,0.0
1628963712000,0.0
1628963742000,0.0
1628963772000,0.0
1628963802000,0.0005952380952380952
1628963832000,0.0
1628963862000,0.0
1628963892000,0.0
1628963922000,0.0
1628963952000,0.0005913660555884093
1628963982000,0.0
1628964012000,0.0
1628964042000,0.0
1628964072000,0.0006009615384615385
1628964102000,0.0005945303210463732
1628964132000,0.0
1628964162000,0.0011897679952409279
1628964192000,0.0
1628964222000,0.0
1628964252000,0.0
1628964282000,0.0005934718100890207
1628964312000,0.0
1628964342000,0.0006071645415907711
1628964372000,0.0
1628964402000,0.0006207324643078832
1628964432000,0.0012113870381586915
1628964462000,0.0006157635467980296
1628964492000,0.0
1628964522000,0.0
1628964552000,0.0006101281269066504
1628964582000,0.0
1628964612000,0.0
1628964642000,0.0
1628964672000,0.0006013229104028864
1628964702000,0.0
1628964732000,0.0
1628964762000,0.0
1628964792000,0.0005984440454817473
1628964822000,0.001223990208078335
1628964852000,0.0
1628964882000,0.0
1628964912000,0.0006123698714023269
1628964942000,0.0
1628964972000,0.0
1628965002000,0.0
1628965032000,0.0
1628965062000,0.0006067961165048543
1628965092000,0.0
1628965122000,0.0006016847172081829
1628965152000,0.0
1628965182000,0.0
1628965212000,0.0
1628965242000,0.0
1628965272000,0.0
1628965302000,0.0
1628965332000,0.0006064281382656155
1628965362000,0.0
1628965392000,0.0
1628965422000,0.0006016847172081829
1628965452000,0.0005995203836930455
1628965482000,0.0
1628965512000,0.0005995203836930455
1628965542000,0.0006071645415907711
1628965572000,0.0
1628965602000,0.0
1628965632000,0.0
1628965662000,0.0006027727546714887
1628965692000,0.0
1628965722000,0.0
1628965752000,0.0006016847172081829
1628965782000,0.0
1628965812000,0.0006108735491753207
1628965842000,0.0
1628965872000,0.0006020469596628537
1628965902000,0.0
1628965932000,0.0
1628965962000,0.0006042296072507553
1628965992000,0.0011841326228537595
1628966022000,0.0
1628966052000,0.0
1628966082000,0.0006131207847946045
1628966112000,0.0
1628966142000,0.0006142506142506142
1628966172000,0.0
1628966202000,0.0
1628966232000,0.0006064281382656155
1628966262000,0.0006093845216331506
1628966292000,0.0005824111822947001
1628966322000,0.0006027727546714887
1628966352000,0.0
1628966382000,0.0
1628966412000,0.0
1628966442000,0.0005970149253731342
1628966472000,0.0
1628966502000,0.0
1628966532000,0.0
1628966562000,0.0005970149253731342
1628966592000,0.0
1628966622000,0.0
1628966652000,0.0005955926146515784
1628966682000,0.0006082725060827251
1628966712000,0.0
1628966742000,0.0
1628966772000,0.0005998800239952009
1628966802000,0.0006006006006006006
1628966832000,0.0
1628966862000,0.0
1628966892000,0.0
1628966922000,0.0006131207847946045
1628966952000,0.0
1628966982000,0.0
1628967012000,0.0
1628967042000,0.0
1628967072000,0.0
1628967102000,0.0006020469596628537
1628967132000,0.0006031363088057902
1628967162000,0.0
1628967192000,0.0006108735491753207
1628967222000,0.0
1628967252000,0.0
1628967282000,0.0
1628967312000,0.0006105006105006105
1628967342000,0.0006146281499692684
1628967372000,0.0005984440454817473
1628967402000,0.0
1628967432000,0.0
1628967462000,0.0006016847172081829
1628967492000,0.0006060606060606062
1628967522000,0.0
1628967552000,0.0
1628967582000,0.0
1628967612000,0.0
1628967642000,0.0006031363088057902
1628967672000,0.0006079027355623102
1628967702000,0.0
1628967732000,0.0
1628967762000,0.0006218905472636817
1628967792000,0.0
1628967822000,0.0006222775357809582
1628967852000,0.0
1628967882000,0.0011940298507462687
1628967912000,0.0006097560975609756
1628967942000,0.0
1628967972000,0.0
1628968002000,0.0006002400960384152
1628968032000,0.0006020469596628537
1628968062000,0.0006024096385542169
1628968092000,0.0006053268765133173
1628968122000,0.0
1628968152000,0.0
1628968182000,0.0
1628968212000,0.0
1628968242000,0.0
1628968272000,0.0
1628968302000,0.0
1628968332000,0.0006142506142506142
1628968362000,0.0006112469437652813
1628968392000,0.0
1628968422000,0.0
1628968452000,0.0006146281499692684
1628968482000,0.0
1628968512000,0.0
1628968542000,0.0
1628968572000,0.0011655011655011655
1628968602000,0.0
1628968632000,0.0012187690432663009
1628968662000,0.0006138735420503376
1628968692000,0.0
1628968722000,0.0
1628968752000,0.0
1628968782000,0.0
1628968812000,0.0
1628968842000,0.0
1628968872000,0.0
1628968902000,0.0
1628968932000,0.0012135922330097086
1628968962000,0.0
1628968992000,0.0
1628969022000,0.0
1628969052000,0.0005973715651135006
1628969082000,0.0
1628969112000,0.0006188118811881187
1628969142000,0.0
1628969172000,0.0
1628969202000,0.0005948839976204639
1628969232000,0.0
1628969262000,0.0005959475566150177
1628969292000,0.0
1628969322000,0.0006049606775559589
1628969352000,0.0006112469437652813
1628969382000,0.0006071645415907711
1628969412000,0.0
1628969442000,0.0
1628969472000,0.0
1628969502000,0.0
1628969532000,0.0006093845216331506
1628969562000,0.0006222775357809582
1628969592000,0.0005896226415094339
1628969622000,0.0
1628969652000,0.0
1628969682000,0.0
1628969712000,0.0
1628969742000,0.0
1628969772000,0.0
1628969802000,0.0
1628969832000,0.0
1628969862000,0.0
1628969892000,0.0
1628969922000,0.0006079027355623102
1628969952000,0.0
1628969982000,0.0006090133982947625
1628970012000,0.0
1628970042000,0.0
1628970072000,0.0
1628970102000,0.0
1628970132000,0.0
1628970162000,0.0
1628970192000,0.0006188118811881187
1628970222000,0.0
1628970252000,0.0005959475566150177
1628970282000,0.0006134969325153375
1628970312000,0.0
1628970342000,0.0006116207951070336
1628970372000,0.0
1628970402000,0.0
1628970432000,0.0
1628970462000,0.0
1628970492000,0.0
1628970522000,0.0
1628970552000,0.0
1628970582000,0.0006060606060606062
1628970612000,0.0
1628970642000,0.0
1628970672000,0.0
1628970702000,0.0
1628970732000,0.0
1628970762000,0.0
1628970792000,0.0005966587112171838
1628970822000,0.0
1628970852000,0.0
1628970882000,0.0
1628970912000,0.0005934718100890207
1628970942000,0.0006082725060827251
1628970972000,0.0006042296072507553
1628971002000,0.0
1628971032000,0.0
1628971062000,0.0
1628971092000,0.0005995203836930455
1628971122000,0.0006184291898577612
1628971152000,0.0006101281269066504
1628971182000,0.0
1628971212000,0.0
1628971242000,0.0
1628971272000,0.0
1628971302000,0.0
1628971332000,0.0006035003017501509
1628971362000,0.0006009615384615385
1628971392000,0.0005920663114268798
1628971422000,0.0
1628971452000,0.0006093845216331506
1628971482000,0.0006199628022318662
1628971512000,0.0
1628971542000,0.0
1628971572000,0.0
1628971602000,0.0
1628971632000,0.0
1628971662000,0.0
1628971692000,0.0
1628971722000,0.0
1628971752000,0.0006067961165048543
1628971782000,0.0005948839976204639
1628971812000,0.0
1628971842000,0.0006038647342995169
1628971872000,0.0
1628971902000,0.0
1628971932000,0.0
1628971962000,0.0006086427267194157
1628971992000,0.0
1628972022000,0.0
1628972052000,0.0
1628972082000,0.0
1628972112000,0.0
1628972142000,0.0006112469437652813
1628972172000,0.0
1628972202000,0.0005810575246949448
1628972232000,0.0
1628972262000,0.0
1628972292000,0.0006064281382656155
1628972322000,0.0006020469596628537
1628972352000,0.0006191950464396285
1628972382000,0.0006049606775559589
1628972412000,0.0
1628972442000,0.0
1628972472000,0.0
1628972502000,0.0
1628972532000,0.0
1628972562000,0.0012077294685990338
1628972592000,0.0
1628972622000,0.0
1628972652000,0.0005995203836930455
1628972682000,0.0006079027355623102
1628972712000,0.0
1628972742000,0.0
1628972772000,0.0
1628972802000,0.0
1628972832000,0.0006191950464396285
1628972862000,0.0006060606060606062
1628972892000,0.0
1628972922000,0.0006060606060606062
1628972952000,0.0
1628972982000,0.0
1628973012000,0.0
1628973042000,0.0
1628973072000,0.0006006006006006006
1628973102000,0.0006053268765133173
1628973132000,0.0
1628973162000,0.0
1628973192000,0.0
1628973222000,0.0005991611743559018
1628973252000,0.0
1628973282000,0.0
1628973312000,0.0006119951040391675
1628973342000,0.0
1628973372000,0.0
1628973402000,0.0005938242280285036
1628973432000,0.0
1628973462000,0.0006064281382656155
1628973492000,0.0006127450980392157
1628973522000,0.0
1628973552000,0.0006097560975609756
1628973582000,0.0
1628973612000,0.0011911852293031567
1628973642000,0.0006006006006006006
1628973672000,0.0
1628973702000,0.0
1628973732000,0.0
1628973762000,0.0
1628973792000,0.0006042296072507553
1628973822000,0.0
1628973852000,0.0
1628973882000,0.0
1628973912000,0.0
1628973942000,0.0
1628973972000,0.0
1628974002000,0.0011723329425556855
1628974032000,0.0006024096385542169
1628974062000,0.0006064281382656155
1628974092000,0.0
1628974122000,0.0
1628974152000,0.0005970149253731342
1628974182000,0.0
1628974212000,0.0
1628974242000,0.0
1628974272000,0.0
1628974302000,0.0
1628974332000,0.0
1628974362000,0.0006157635467980296
1628974392000,0.0005952380952380952
1628974422000,0.0005995203836930455
1628974452000,0.0
1628974482000,0.0
1628974512000,0.0005896226415094339
1628974542000,0.0005927682276229994
1628974572000,0.0006218905472636817
1628974602000,0.0
1628974632000,0.0
1628974662000,0.0
1628974692000,0.0
1628974722000,0.0
1628974752000,0.0006071645415907711
1628974782000,0.0
1628974812000,0.0
1628974842000,0.0005924170616113746
1628974872000,0.0006060606060606062
1628974902000,0.0005945303210463732
1628974932000,0.0
1628974962000,0.0006211180124223603
1628974992000,0.0
1628975022000,0.0
1628975052000,0.0006027727546714887
1628975082000,0.0006134969325153375
1628975112000,0.0006042296072507553
1628975142000,0.0
1628975172000,0.0
1628975202000,0.0005963029218843173
1628975232000,0.0005885815185403178
1628975262000,0.0
1628975292000,0.0006134969325153375
1628975322000,0.0
1628975352000,0.0005995203836930455
1628975382000,0.0
1628975412000,0.0
1628975442000,0.0
1628975472000,0.0
1628975502000,0.0
1628975532000,0.0
1628975562000,0.0005903187721369539
1628975592000,0.0006172839506172839
1628975622000,0.0005973715651135006
1628975652000,0.0006123698714023269
1628975682000,0.0006090133982947625
1628975712000,0.0
1628975742000,0.0
1628975772000,0.0006013229104028864
1628975802000,0.0
1628975832000,0.0
1628975862000,0.0
1628975892000,0.0
1628975922000,0.0006134969325153375
1628975952000,0.0005973715651135006
1628975982000,0.0
1628976012000,0.0
1628976042000,0.0
1628976072000,0.0
1628976102000,0.0
1628976132000,0.0
1628976162000,0.0
1628976192000,0.0006035003017501509
1628976222000,0.0012091898428053206
1628976252000,0.0
1628976282000,0.0
1628976312000,0.0006082725060827251
1628976342000,0.0006153846153846153
1628976372000,0.0
1628976402000,0.0
1628976432000,0.0
1628976462000,0.0006086427267194157
1628976492000,0.0
1628976522000,0.0
1628976552000,0.0
1628976582000,0.0
1628976612000,0.0
1628976642000,0.0
1628976672000,0.0
1628976702000,0.0
1628976732000,0.0
1628976762000,0.0
1628976792000,0.0
1628976822000,0.0
1628976852000,0.0005906674542232723
1628976882000,0.0
1628976912000,0.0006131207847946045
1628976942000,0.0
1628976972000,0.0
1628977002000,0.0
1628977032000,0.0006056935190793457
1628977062000,0.0005970149253731342
1628977092000,0.0
1628977122000,0.0
1628977152000,0.0
1628977182000,0.0
1628977212000,0.0
1628977242000,0.0
1628977272000,0.0
1628977302000,0.0
1628977332000,0.0
1628977362000,0.0006195786864931846
1628977392000,0.0
1628977422000,0.0
1628977452000,0.0006161429451632778
1628977482000,0.0
1628977512000,0.0
1628977542000,0.0
1628977572000,0.0
1628977602000,0.0006090133982947625
1628977632000,0.0005963029218843173
1628977662000,0.0
1628977692000,0.0005920663114268798
1628977722000,0.0006053268765133173
1628977752000,0.0012330456226880395
1628977782000,0.0
1628977812000,0.0
1628977842000,0.0006045949214026603
1628977872000,0.0
1628977902000,0.0
1628977932000,0.0
1628977962000,0.0
1628977992000,0.0006060606060606062
1628978022000,0.0
1628978052000,0.0005963029218843173
1628978082000,0.0005991611743559018
1628978112000,0.0
1628978142000,0.0
1628978172000,0.0005917159763313611
1628978202000,0.0
1628978232000,0.0011785503830288745
1628978262000,0.0
1628978292000,0.0005934718100890207
1628978322000,0.0
1628978352000,0.0006131207847946045
1628978382000,0.0
1628978412000,0.0006009615384615385
1628978442000,0.0005913660555884093
1628978472000,0.0
1628978502000,0.0005920663114268798
1628978532000,0.0
1628978562000,0.0
1628978592000,0.0006067961165048543
1628978622000,0.0006064281382656155
1628978652000,0.0
1628978682000,0.0
1628978712000,0.0
1628978742000,0.000588235294117647
1628978772000,0.0006038647342995169
1628978802000,0.0006067961165048543
1628978832000,0.0
1628978862000,0.0006031363088057902
1628978892000,0.0
1628978922000,0.0
1628978952000,0.0
1628978982000,0.0
1628979012000,0.0
1628979042000,0.0012026458208057728
1628979072000,0.0
1628979102000,0.0
1628979132000,0.0006035003017501509
1628979162000,0.0
1628979192000,0.0
1628979222000,0.0
1628979252000,0.0006093845216331506
1628979282000,0.0
1628979312000,0.0005973715651135006
1628979342000,0.0
1628979372000,0.0
1628979402000,0.0005995203836930455
1628979432000,0.0006064281382656155
1628979462000,0.0
1628979492000,0.0006027727546714887
1628979522000,0.0006024096385542169
1628979552000,0.0
1628979582000,0.0
1628979612000,0.0006195786864931846
1628979642000,0.0
1628979672000,0.0
1628979702000,0.0006131207847946045
1628979732000,0.0006013229104028864
1628979762000,0.0
1628979792000,0.0
1628979822000,0.0006024096385542169
1628979852000,0.0
1628979882000,0.0012004801920768304
1628979912000,0.0
1628979942000,0.0
1628979972000,0.0
1628980002000,0.0
1628980032000,0.0006064281382656155
1628980062000,0.0
1628980092000,0.0
1628980122000,0.0
1628980152000,0.0
1628980182000,0.0006020469596628537
1628980212000,0.0
1628980242000,0.0005995203836930455
1628980272000,0.0
1628980302000,0.0
1628980332000,0.0
1628980362000,0.0006112469437652813
1628980392000,0.0
1628980422000,0.0006020469596628537
1628980452000,0.0006127450980392157
1628980482000,0.0012070006035003018
1628980512000,0.0
1628980542000,0.0006064281382656155
1628980572000,0.0006108735491753207
1628980602000,0.0
1628980632000,0.0006169031462060457
1628980662000,0.0
1628980692000,0.0006082725060827251
1628980722000,0.0
1628980752000,0.0
1628980782000,0.0005998800239952009
1628980812000,0.0
1628980842000,0.0
1628980872000,0.0006105006105006105
1628980902000,0.0
1628980932000,0.0
1628980962000,0.0
1628980992000,0.0005966587112171838
1628981022000,0.0005995203836930455
1628981052000,0.0005955926146515784
1628981082000,0.0
1628981112000,0.0
1628981142000,0.0
1628981172000,0.0
1628981202000,0.0006049606775559589
1628981232000,0.0006045949214026603
1628981262000,0.0
1628981292000,0.0
1628981322000,0.0
1628981352000,0.0
1628981382000,0.0006038647342995169
1628981412000,0.0
1628981442000,0.0
1628981472000,0.0
1628981502000,0.0
1628981532000,0.0
1628981562000,0.0006056935190793457
1628981592000,0.0
1628981622000,0.0
1628981652000,0.0006176652254478072
1628981682000,0.0
1628981712000,0.001212121212121212
1628981742000,0.0006071645415907711
1628981772000,0.0
1628981802000,0.0
1628981832000,0.0005927682276229994
1628981862000,0.0
1628981892000,0.0
1628981922000,0.0
1628981952000,0.0
1628981982000,0.0006064281382656155
1628982012000,0.00121580547112462
1628982042000,0.0
1628982072000,0.0005984440454817473
1628982102000,0.0
1628982132000,0.0
1628982162000,0.0005910165484633571
1628982192000,0.0
1628982222000,0.0006027727546714887
1628982252000,0.0006079027355623102
1628982282000,0.0
1628982312000,0.0006207324643078832
1628982342000,0.0
1628982372000,0.0
1628982402000,0.0
1628982432000,0.0
1628982462000,0.0
1628982492000,0.0
1628982522000,0.0
1628982552000,0.0005991611743559018
1628982582000,0.0
1628982612000,0.0006002400960384152
1628982642000,0.0
1628982672000,0.0005980861244019139
1628982702000,0.0006108735491753207
1628982732000,0.0006060606060606062
1628982762000,0.0006112469437652813
1628982792000,0.0006131207847946045
1628982822000,0.0
1628982852000,0.0
1628982882000,0.0
1628982912000,0.0005952380952380952
1628982942000,0.0
1628982972000,0.0005903187721369539
1628983002000,0.0
1628983032000,0.0
1628983062000,0.0
1628983092000,0.0
1628983122000,0.0
1628983152000,0.0
1628983182000,0.0
1628983212000,0.0005934718100890207
1628983242000,0.0
1628983272000,0.0
1628983302000,0.0006002400960384152
1628983332000,0.0
1628983362000,0.0
1628983392000,0.0
1628983422000,0.0006042296072507553
1628983452000,0.0006067961165048543
1628983482000,0.0
1628983512000,0.0
1628983542000,0.0
1628983572000,0.0
1628983602000,0.0006146281499692684
1628983632000,0.0
1628983662000,0.0
1628983692000,0.0
1628983722000,0.0012055455093429774
1628983752000,0.0
1628983782000,0.0006119951040391675
1628983812000,0.0
1628983842000,0.0
1628983872000,0.0
1628983902000,0.0006188118811881187
1628983932000,0.0
1628983962000,0.0
1628983992000,0.0006079027355623102
1628984022000,0.0005977286312014345
1628984052000,0.0
1628984082000,0.0
1628984112000,0.0005865102639296188
1628984142000,0.0
1628984172000,0.0006042296072507553
1628984202000,0.0
1628984232000,0.0006134969325153375
1628984262000,0.0006176652254478072
1628984292000,0.0
1628984322000,0.0
1628984352000,0.0005920663114268798
1628984382000,0.0
1628984412000,0.0
1628984442000,0.0
1628984472000,0.0
1628984502000,0.0
1628984532000,0.0011904761904761904
1628984562000,0.0
1628984592000,0.0
1628984622000,0.0
1628984652000,0.0005959475566150177
1628984682000,0.0
1628984712000,0.0
1628984742000,0.0
1628984772000,0.0006108735491753207
1628984802000,0.0006093845216331506
1628984832000,0.0
1628984862000,0.0
1628984892000,0.0
1628984922000,0.0
1628984952000,0.0005945303210463732
1628984982000,0.0
1628985012000,0.0
1628985042000,0.0
1628985072000,0.0
1628985102000,0.0
1628985132000,0.0
1628985162000,0.0
1628985192000,0.0006027727546714887
1628985222000,0.0
1628985252000,0.0005945303210463732
1628985282000,0.0
1628985312000,0.0
1628985342000,0.0006067961165048543
1628985372000,0.0
1628985402000,0.0
1628985432000,0.0006056935190793457
1628985462000,0.0005871990604815032
1628985492000,0.0006153846153846153
1628985522000,0.001199040767386091
1628985552000,0.0006146281499692684
1628985582000,0.0
1628985612000,0.0
1628985642000,0.0
1628985672000,0.0
1628985702000,0.0
1628985732000,0.0
1628985762000,0.0006002400960384152
1628985792000,0.0
1628985822000,0.0
1628985852000,0.0
1628985882000,0.0
1628985912000,0.0
1628985942000,0.0
1628985972000,0.0
1628986002000,0.0
1628986032000,0.0
1628986062000,0.0005952380952380952
1628986092000,0.0
1628986122000,0.0006082725060827251
1628986152000,0.0
1628986182000,0.0
1628986212000,0.0006086427267194157
1628986242000,0.0006075334143377885
1628986272000,0.0006123698714023269
1628986302000,0.0006093845216331506
1628986332000,0.0
1628986362000,0.0006082725060827251
1628986392000,0.0005988023952095807
1628986422000,0.0
1628986452000,0.0
1628986482000,0.0006045949214026603
1628986512000,0.0
1628986542000,0.0
1628986572000,0.0
1628986602000,0.0006146281499692684
1628986632000,0.0006086427267194157
1628986662000,0.0
1628986692000,0.0006090133982947625
1628986722000,0.0
1628986752000,0.0006002400960384152
1628986782000,0.0005892751915144372
1628986812000,0.0
1628986842000,0.0006086427267194157
1628986872000,0.0
1628986902000,0.0006169031462060457
1628986932000,0.0006105006105006105
1628986962000,0.0006045949214026603
1628986992000,0.0
1628987022000,0.0
1628987052000,0.0
1628987082000,0.0006097560975609756
1628987112000,0.0
1628987142000,0.0006119951040391675
1628987172000,0.0005991611743559018
1628987202000,0.0006161429451632778
1628987232000,0.0
1628987262000,0.0
1628987292000,0.0
1628987322000,0.0012062726176115801
1628987352000,0.0
1628987382000,0.0
1628987412000,0.0006016847172081829
1628987442000,0.0
1628987472000,0.0
1628987502000,0.0
1628987532000,0.0
1628987562000,0.0006127450980392157
1628987592000,0.0
1628987622000,0.0
1628987652000,0.0
1628987682000,0.0006042296072507553
1628987712000,0.0006153846153846153
1628987742000,0.0
1628987772000,0.0
1628987802000,0.0
1628987832000,0.0
1628987862000,0.0
1628987892000,0.0
1628987922000,0.0006082725060827251
1628987952000,0.0
1628987982000,0.0011785503830288745
1628988012000,0.0
1628988042000,0.0
1628988072000,0.0
1628988102000,0.0
1628988132000,0.0006157635467980296
1628988162000,0.0006090133982947625
1628988192000,0.0
1628988222000,0.0
1628988252000,0.0
1628988282000,0.0
1628988312000,0.0
1628988342000,0.0005948839976204639
1628988372000,0.0005952380952380952
1628988402000,0.0006090133982947625
1628988432000,0.0
1628988462000,0.0
1628988492000,0.0
1628988522000,0.0005980861244019139
1628988552000,0.0
1628988582000,0.0
1628988612000,0.0006123698714023269
1628988642000,0.0006090133982947625
1628988672000,0.0
1628988702000,0.0
1628988732000,0.0
1628988762000,0.0006131207847946045
1628988792000,0.0006024096385542169
1628988822000,0.0
1628988852000,0.0
1628988882000,0.0006056935190793457
1628988912000,0.0011848341232227491
1628988942000,0.0
1628988972000,0.0
1628989002000,0.0
1628989032000,0.0
1628989062000,0.0
1628989092000,0.0
1628989122000,0.0
1628989152000,0.0006090133982947625
1628989182000,0.0
1628989212000,0.0
1628989242000,0.0006090133982947625
1628989272000,0.0005991611743559018
1628989302000,0.0006079027355623102
1628989332000,0.0006093845216331506
1628989362000,0.0006093845216331506
1628989392000,0.0
1628989422000,0.0
1628989452000,0.0006211180124223603
1628989482000,0.0006150061500615006
1628989512000,0.0
1628989542000,0.0
1628989572000,0.0
1628989602000,0.0012091898428053206
1628989632000,0.0
1628989662000,0.0
1628989692000,0.0
1628989722000,0.0
1628989752000,0.0006123698714023269
1628989782000,0.0
1628989812000,0.0
1628989842000,0.0
1628989872000,0.0
1628989902000,0.0
1628989932000,0.0
1628989962000,0.0006082725060827251
1628989992000,0.0006191950464396285
1628990022000,0.0
1628990052000,0.0006038647342995169
1628990082000,0.0
1628990112000,0.0
1628990142000,0.0012224938875305626
1628990172000,0.0
1628990202000,0.0
1628990232000,0.0006191950464396285
1628990262000,0.0006060606060606062
1628990292000,0.0
1628990322000,0.0006119951040391675
1628990352000,0.0006002400960384152
1628990382000,0.0006067961165048543
1628990412000,0.0
1628990442000,0.0005984440454817473
1628990472000,0.0
1628990502000,0.0
1628990532000,0.0005959475566150177
1628990562000,0.0005948839976204639
1628990592000,0.0
1628990622000,0.0
1628990652000,0.0
1628990682000,0.0
1628990712000,0.0
1628990742000,0.0005920663114268798
1628990772000,0.0
1628990802000,0.0
1628990832000,0.0005959475566150177
1628990862000,0.0
1628990892000,0.0
1628990922000,0.0
1628990952000,0.0
1628990982000,0.0006119951040391675
1628991012000,0.0006134969325153375
1628991042000,0.0
1628991072000,0.0
1628991102000,0.0
1628991132000,0.0
1628991162000,0.0
1628991192000,0.0
1628991222000,0.0
1628991252000,0.0005966587112171838
1628991282000,0.0006056935190793457
1628991312000,0.0
1628991342000,0.0006086427267194157
1628991372000,0.0
1628991402000,0.0005913660555884093
1628991432000,0.0
1628991462000,0.0
1628991492000,0.0
1628991522000,0.0006031363088057902
1628991552000,0.0
1628991582000,0.0
1628991612000,0.0
1628991642000,0.0
1628991672000,0.0
1628991702000,0.0006082725060827251
1628991732000,0.0011862396204033216
1628991762000,0.0
1628991792000,0.0006049606775559589
1628991822000,0.0
1628991852000,0.0
1628991882000,0.0006067961165048543
1628991912000,0.0
1628991942000,0.0
1628991972000,0.0
1628992002000,0.0
1628992032000,0.0006086427267194157
1628992062000,0.0
1628992092000,0.0
1628992122000,0.0
1628992152000,0.0
1628992182000,0.0006097560975609756
1628992212000,0.0005885815185403178
1628992242000,0.0
1628992272000,0.0005998800239952009
1628992302000,0.0
1628992332000,0.0
1628992362000,0.0005998800239952009
1628992392000,0.0006161429451632778
1628992422000,0.0
1628992452000,0.0006105006105006105
1628992482000,0.0
1628992512000,0.0006211180124223603
1628992542000,0.0
1628992572000,0.0006002400960384152
1628992602000,0.0
1628992632000,0.0
1628992662000,0.0
1628992692000,0.0
1628992722000,0.0005927682276229994
1628992752000,0.0
1628992782000,0.0
1628992812000,0.0005892751915144372
1628992842000,0.0006165228113440197
1628992872000,0.0
1628992902000,0.0006116207951070336
1628992932000,0.0
1628992962000,0.0
1628992992000,0.0006127450980392157
1628993022000,0.0
1628993052000,0.0
1628993082000,0.0
1628993112000,0.0006002400960384152
1628993142000,0.0006112469437652813
1628993172000,0.0
1628993202000,0.0
1628993232000,0.0
1628993262000,0.0
1628993292000,0.0
1628993322000,0.0
1628993352000,0.0
1628993382000,0.0
1628993412000,0.0
1628993442000,0.0
1628993472000,0.0
1628993502000,0.0
1628993532000,0.0
1628993562000,0.0
1628993592000,0.0012040939193257074
1628993622000,0.0006086427267194157
1628993652000,0.0006042296072507553
1628993682000,0.0006176652254478072
1628993712000,0.0
1628993742000,0.0
1628993772000,0.0
1628993802000,0.0
1628993832000,0.0005952380952380952
1628993862000,0.0
1628993892000,0.0006067961165048543
1628993922000,0.0006195786864931846
1628993952000,0.0
1628993982000,0.0
1628994012000,0.0006049606775559589
1628994042000,0.0006020469596628537
1628994072000,0.0
1628994102000,0.0
1628994132000,0.0006042296072507553
1628994162000,0.0
1628994192000,0.0
1628994222000,0.0
1628994252000,0.0006038647342995169
1628994282000,0.0
1628994312000,0.0006112469437652813
1628994342000,0.0006097560975609756
1628994372000,0.0
1628994402000,0.0006146281499692684
1628994432000,0.0
1628994462000,0.0006020469596628537
1628994492000,0.0
1628994522000,0.0005977286312014345
1628994552000,0.0006016847172081829
1628994582000,0.0
1628994612000,0.0
1628994642000,0.0
1628994672000,0.0006006006006006006
1628994702000,0.0
1628994732000,0.0
1628994762000,0.0011911852293031567
1628994792000,0.0
1628994822000,0.0005973715651135006
1628994852000,0.0
1628994882000,0.0005878894767783657
1628994912000,0.0
1628994942000,0.0
1628994972000,0.0
1628995002000,0.0005934718100890207
1628995032000,0.0
1628995062000,0.0
1628995092000,0.0
1628995122000,0.0
1628995152000,0.0006101281269066504
1628995182000,0.0006180469715698393
1628995212000,0.0006064281382656155
1628995242000,0.0
1628995272000,0.0
1628995302000,0.0006067961165048543
1628995332000,0.0005941770647653001
1628995362000,0.0
1628995392000,0.0
1628995422000,0.0
1628995452000,0.0
1628995482000,0.001221001221001221
1628995512000,0.0005991611743559018
1628995542000,0.0006006006006006006
1628995572000,0.0
1628995602000,0.0
1628995632000,0.0
1628995662000,0.0
1628995692000,0.0
1628995722000,0.0
1628995752000,0.0
1628995782000,0.0006165228113440197
1628995812000,0.0
1628995842000,0.0
1628995872000,0.0
1628995902000,0.0
1628995932000,0.0005998800239952009
1628995962000,0.0
1628995992000,0.0
1628996022000,0.0
1628996052000,0.0
1628996082000,0.0
1628996112000,0.0006199628022318662
1628996142000,0.0
1628996172000,0.0006031363088057902
1628996202000,0.0
1628996232000,0.0
1628996262000,0.0006157635467980296
1628996292000,0.0
1628996322000,0.0
1628996352000,0.0005973715651135006
1628996382000,0.0
1628996412000,0.0005903187721369539
1628996442000,0.0
1628996472000,0.0
1628996502000,0.0006038647342995169
1628996532000,0.0005963029218843173
1628996562000,0.0
1628996592000,0.0006119951040391675
1628996622000,0.0006064281382656155
1628996652000,0.0005991611743559018
1628996682000,0.0
1628996712000,0.0005875440658049354
1628996742000,0.0
1628996772000,0.0
1628996802000,0.0006184291898577612
1628996832000,0.0
1628996862000,0.0006002400960384152
1628996892000,0.0
1628996922000,0.0
1628996952000,0.0
1628996982000,0.0006195786864931846
1628997012000,0.0
1628997042000,0.0
1628997072000,0.0005970149253731342
1628997102000,0.0006060606060606062
1628997132000,0.000588235294117647
1628997162000,0.0
1628997192000,0.0
1628997222000,0.0006016847172081829
1628997252000,0.0006031363088057902
1628997282000,0.0
1628997312000,0.0005998800239952009
1628997342000,0.0
1628997372000,0.0006146281499692684
1628997402000,0.0
1628997432000,0.0
1628997462000,0.0
1628997492000,0.0005945303210463732
1628997522000,0.0
1628997552000,0.0006056935190793457
1628997582000,0.0
1628997612000,0.0006222775357809582
1628997642000,0.001212121212121212
1628997672000,0.0
1628997702000,0.0
1628997732000,0.0006082725060827251
1628997762000,0.0006195786864931846
1628997792000,0.0
1628997822000,0.0
1628997852000,0.0006024096385542169
1628997882000,0.0
1628997912000,0.0
1628997942000,0.0006093845216331506
1628997972000,0.0
1628998002000,0.0
1628998032000,0.0
1628998062000,0.0
1628998092000,0.0
1628998122000,0.0
1628998152000,0.0006142506142506142
1628998182000,0.0
1628998212000,0.0
1628998242000,0.0
1628998272000,0.0
1628998302000,0.0006093845216331506
1628998332000,0.0
1628998362000,0.0005830903790087462
1628998392000,0.0
1628998422000,0.0
1628998452000,0.0006134969325153375
1628998482000,0.0
1628998512000,0.0
1628998542000,0.0006191950464396285
1628998572000,0.0
1628998602000,0.0
1628998632000,0.0
1628998662000,0.0
1628998692000,0.0
1628998722000,0.0006119951040391675
1628998752000,0.0
1628998782000,0.0005917159763313611
1628998812000,0.0
1628998842000,0.0
1628998872000,0.0006075334143377885
1628998902000,0.0
1628998932000,0.0
1628998962000,0.0
1628998992000,0.0
1628999022000,0.0006038647342995169
1628999052000,0.0
1628999082000,0.0006009615384615385
1628999112000,0.0
1628999142000,0.0
1628999172000,0.0
1628999202000,0.0005988023952095807
1628999232000,0.0
1628999262000,0.0
1628999292000,0.0
1628999322000,0.0006027727546714887
1628999352000,0.0
1628999382000,0.0
1628999412000,0.0
1628999442000,0.0
1628999472000,0.0
1628999502000,0.0
1628999532000,0.0006127450980392157
1628999562000,0.0
1628999592000,0.0
1628999622000,0.0
1628999652000,0.0
1628999682000,0.0
1628999712000,0.0
1628999742000,0.0006024096385542169
1628999772000,0.0006071645415907711
1628999802000,0.0005844535359438924
1628999832000,0.0006009615384615385
1628999862000,0.0
1628999892000,0.0
1628999922000,0.0006101281269066504
1628999952000,0.0006138735420503376
1628999982000,0.0
1629000012000,0.0005973715651135006
1629000042000,0.0
1629000072000,0.0
1629000102000,0.0005980861244019139
1629000132000,0.0
1629000162000,0.0
1629000192000,0.0
1629000222000,0.0005851375073142189
1629000252000,0.0
1629000282000,0.0005934718100890207
1629000312000,0.0005955926146515784
1629000342000,0.0005966587112171838
1629000372000,0.0
1629000402000,0.0
1629000432000,0.0005963029218843173
1629000462000,0.0
1629000492000,0.0
1629000522000,0.0
1629000552000,0.0
1629000582000,0.0
1629000612000,0.0
1629000642000,0.0
1629000672000,0.0
1629000702000,0.0
1629000732000,0.0005959475566150177
1629000762000,0.0
1629000792000,0.0
1629000822000,0.0
1629000852000,0.0
1629000882000,0.0
1629000912000,0.0011961722488038275
1629000942000,0.0005861664712778429
1629000972000,0.0011997600479904018
1629001002000,0.0
1629001032000,0.0
1629001062000,0.0
1629001092000,0.0
1629001122000,0.0006035003017501509
1629001152000,0.0
1629001182000,0.0
1629001212000,0.0
1629001242000,0.0
1629001272000,0.0
1629001302000,0.0
1629001332000,0.0
1629001362000,0.0
1629001392000,0.0
1629001422000,0.0
1629001452000,0.0
1629001482000,0.0
1629001512000,0.0
1629001542000,0.0006056935190793457
1629001572000,0.0
1629001602000,0.0
1629001632000,0.0
1629001662000,0.0006191950464396285
1629001692000,0.0006067961165048543
1629001722000,0.0
1629001752000,0.0
1629001782000,0.0
1629001812000,0.0
1629001842000,0.0005910165484633571
1629001872000,0.0
1629001902000,0.0
1629001932000,0.0006009615384615385
1629001962000,0.0
1629001992000,0.0
1629002022000,0.0006097560975609756
1629002052000,0.0
1629002082000,0.0006108735491753207
1629002112000,0.0
1629002142000,0.0
1629002172000,0.0
1629002202000,0.0
1629002232000,0.0
1629002262000,0.0005830903790087462
1629002292000,0.0
1629002322000,0.0
1629002352000,0.0006002400960384152
1629002382000,0.0
1629002412000,0.0
1629002442000,0.0006172839506172839
1629002472000,0.0
1629002502000,0.0
1629002532000,0.0
1629002562000,0.0
1629002592000,0.0006002400960384152
1629002622000,0.0006013229104028864
1629002652000,0.0
1629002682000,0.0006105006105006105
1629002712000,0.0
1629002742000,0.0
1629002772000,0.0006002400960384152
1629002802000,0.0006016847172081829
1629002832000,0.0
1629002862000,0.0006006006006006006
1629002892000,0.0006176652254478072
1629002922000,0.0005998800239952009
1629002952000,0.0
1629002982000,0.0
1629003012000,0.0006090133982947625
1629003042000,0.0005924170616113746
1629003072000,0.0006086427267194157
1629003102000,0.0006027727546714887
1629003132000,0.0
1629003162000,0.0006075334143377885
1629003192000,0.0
1629003222000,0.0
1629003252000,0.0
1629003282000,0.0006082725060827251
1629003312000,0.0
1629003342000,0.0006082725060827251
1629003372000,0.0
1629003402000,0.0006090133982947625
1629003432000,0.0
1629003462000,0.0
1629003492000,0.0
1629003522000,0.0005899705014749262
1629003552000,0.0006172839506172839
1629003582000,0.0
1629003612000,0.0
1629003642000,0.0
1629003672000,0.0
1629003702000,0.0
1629003732000,0.0
1629003762000,0.0
1629003792000,0.0006199628022318662
1629003822000,0.0006035003017501509
1629003852000,0.0006134969325153375
1629003882000,0.0006108735491753207
1629003912000,0.0
1629003942000,0.0
1629003972000,0.0
1629004002000,0.0
1629004032000,0.0
1629004062000,0.0006049606775559589
1629004092000,0.0
1629004122000,0.0
1629004152000,0.0
1629004182000,0.0
1629004212000,0.0
1629004242000,0.0
1629004272000,0.0006097560975609756
1629004302000,0.0
1629004332000,0.0
1629004362000,0.0
1629004392000,0.0006079027355623102
1629004422000,0.0
1629004452000,0.0006038647342995169
1629004482000,0.0006067961165048543
1629004512000,0.0006060606060606062
1629004542000,0.0
1629004572000,0.0
1629004602000,0.0
1629004632000,0.0
1629004662000,0.0
1629004692000,0.0006203473945409428
1629004722000,0.0005938242280285036
1629004752000,0.001212856276531231
1629004782000,0.0006013229104028864
1629004812000,0.0005984440454817473
1629004842000,0.0
1629004872000,0.0
1629004902000,0.0
1629004932000,0.0
1629004962000,0.0006146281499692684
1629004992000,0.0
1629005022000,0.0
1629005052000,0.0
1629005082000,0.0
1629005112000,0.0006188118811881187
1629005142000,0.0
1629005172000,0.0
1629005202000,0.0
1629005232000,0.0006093845216331506
1629005262000,0.0
1629005292000,0.0
1629005322000,0.0
1629005352000,0.0
1629005382000,0.0006013229104028864
1629005412000,0.0
1629005442000,0.0
1629005472000,0.0005959475566150177
1629005502000,0.0006119951040391675
1629005532000,0.0
1629005562000,0.0
1629005592000,0.0006108735491753207
1629005622000,0.0
1629005652000,0.0
1629005682000,0.0
1629005712000,0.0
1629005742000,0.0
1629005772000,0.0
1629005802000,0.0
1629005832000,0.0006086427267194157
1629005862000,0.0
1629005892000,0.0005966587112171838
1629005922000,0.0006161429451632778
1629005952000,0.0
1629005982000,0.0
1629006012000,0.0
1629006042000,0.0
1629006072000,0.0
1629006102000,0.0
1629006132000,0.0005970149253731342
1629006162000,0.0
1629006192000,0.0
1629006222000,0.0
1629006252000,0.0006053268765133173
1629006282000,0.0
1629006312000,0.0
1629006342000,0.0
1629006372000,0.0
1629006402000,0.0
1629006432000,0.0
1629006462000,0.0
1629006492000,0.0011983223487118035
1629006522000,0.0006180469715698393
1629006552000,0.0006027727546714887
1629006582000,0.0
1629006612000,0.0006112469437652813
1629006642000,0.0
1629006672000,0.0
1629006702000,0.0012113870381586915
1629006732000,0.0
1629006762000,0.0006049606775559589
1629006792000,0.0006045949214026603
1629006822000,0.0
1629006852000,0.0
1629006882000,0.0
1629006912000,0.0006045949214026603
1629006942000,0.0006082725060827251
1629006972000,0.0006146281499692684
1629007002000,0.0
1629007032000,0.0
1629007062000,0.0
1629007092000,0.0
1629007122000,0.0006161429451632778
1629007152000,0.0
1629007182000,0.0
1629007212000,0.0
1629007242000,0.0
1629007272000,0.0
1629007302000,0.0
1629007332000,0.0
1629007362000,0.0005934718100890207
1629007392000,0.0
1629007422000,0.0006150061500615006
1629007452000,0.0
1629007482000,0.0006093845216331506
1629007512000,0.0
1629007542000,0.0
1629007572000,0.0006053268765133173
1629007602000,0.0006131207847946045
1629007632000,0.0
1629007662000,0.0
1629007692000,0.0
1629007722000,0.0
1629007752000,0.0
1629007782000,0.0
1629007812000,0.0006002400960384152
1629007842000,0.0
1629007872000,0.0
1629007902000,0.0
1629007932000,0.0
1629007962000,0.0
1629007992000,0.0
1629008022000,0.0
1629008352000,0.0
1629008622000,0.0
1629008652000,0.0
1629008682000,0.0
1629008712000,0.0
1629008742000,0.0
1629008772000,0.0
1629008802000,0.0005988023952095807
1629008832000,0.0
1629008862000,0.0
1629008892000,0.0
1629008922000,0.0006042296072507553
1629008952000,0.0
1629008982000,0.0
1629009012000,0.0
1629009042000,0.0
1629009072000,0.0
1629009102000,0.0
1629009132000,0.0
1629009162000,0.0
1629009312000,0.0
1629009312000,0.0
1629009312000,0.0
1629009342000,0.0
1629009372000,0.0
1629009402000,0.0
1629009432000,0.0
1629009462000,0.0
1629009492000,0.0
1629009522000,0.0
1629009552000,0.0
1629009612000,0.0006064281382656155
1629009582000,0.0005988023952095807
1629009642000,0.0
1629009672000,0.0
1629009702000,0.0
1629009732000,0.0006211180124223603
1629009762000,0.0
1629009852000,0.0
1629009882000,0.0
1629009792000,0.0
1629009822000,0.0
1629009972000,0.0
1629009912000,0.0006013229104028864
1629009942000,0.0
1629010002000,0.0
1629010062000,0.0
1629010032000,0.0
1629010092000,0.0
1629009972000,0.0
1629010032000,0.0
1629010002000,0.0
1629010122000,0.0
1629010062000,0.0
1629010092000,0.0
1629010122000,0.0
1629010182000,0.0
1629009972000,0.0
1629010152000,0.0
1629010002000,0.0
1629010092000,0.0
1629010032000,0.0
1629010062000,0.0
1629010182000,0.0
1629010152000,0.0
1629010122000,0.0
1629009972000,0.0
1629010002000,0.0
1629010032000,0.0
1629010092000,0.0
1629010182000,0.0
1629010062000,0.0
1629010152000,0.0
1629010122000,0.0
1629010002000,0.0
1629009972000,0.0
1629010212000,0.0
1629010182000,0.0
1629010152000,0.0
1629010032000,0.0
1629010272000,0.0
1629010062000,0.0
1629010092000,0.0
1629010242000,0.0
1629010302000,0.0006101281269066504
1629010332000,0.0
1629010362000,0.0
1629010272000,0.0
1629010122000,0.0
1629010242000,0.0
1629010302000,0.0006101281269066504
1629010332000,0.0
1629010362000,0.0
1629010152000,0.0
1629010392000,0.0
1629010422000,0.0006119951040391675
1629010452000,0.0
1629010482000,0.0
1629010512000,0.0
1629010542000,0.0
1629010242000,0.0
1629010572000,0.0006067961165048543
1629010092000,0.0
1629010632000,0.0005977286312014345
1629010602000,0.0
1629010032000,0.0
1629010542000,0.0
1629010062000,0.0
1629010572000,0.0006067961165048543
1629010122000,0.0
1629010632000,0.0005977286312014345
1629010602000,0.0
1629010242000,0.0
1629010662000,0.0
1629010542000,0.0
1629010572000,0.0006067961165048543
1629010032000,0.0
1629010062000,0.0
1629010692000,0.0006071645415907711
1629010122000,0.0
1629010722000,0.0
1629010752000,0.0
1629010782000,0.0
1629010812000,0.0005871990604815032
1629010842000,0.0
1629010872000,0.0
1629010902000,0.0
1629010932000,0.0
1629010962000,0.0006207324643078832
1629010992000,0.0
1629011022000,0.0
1629011052000,0.0
1629011082000,0.0
1629011112000,0.0
1629011142000,0.0
1629011172000,0.000585480093676815
1629011202000,0.0
1629011232000,0.0
1629011262000,0.0006079027355623102
1629011292000,0.0006112469437652813
1629011322000,0.0
1629011352000,0.0
1629011382000,0.0
1629011412000,0.0
1629011442000,0.0
1629011472000,0.0006153846153846153
1629011502000,0.0
1629011532000,0.0
1629011562000,0.0
1629011592000,0.0
1629011622000,0.0
1629011652000,0.0005868544600938967
1629011682000,0.0
1629011712000,0.0005973715651135006
1629011742000,0.0
1629011772000,0.0
1629011802000,0.0
1629011832000,0.0006024096385542169
1629011862000,0.0
1629011892000,0.0006184291898577612
1629011922000,0.0
1629011952000,0.0006172839506172839
1629011982000,0.0
1629012012000,0.0
1629012042000,0.0
1629012072000,0.0
1629012102000,0.0005938242280285036
1629012132000,0.0
1629012162000,0.0006119951040391675
1629012192000,0.0006195786864931846
1629012222000,0.0
1629012252000,0.0
1629012282000,0.001226993865030675
1629012312000,0.0
1629012342000,0.0005998800239952009
1629012372000,0.0006105006105006105
1629012402000,0.0
1629012432000,0.0
1629012462000,0.0005903187721369539
1629012492000,0.0
1629012522000,0.0
1629012552000,0.0006169031462060457
1629012582000,0.0
1629012612000,0.0
1629012642000,0.0
1629012672000,0.0005963029218843173
1629012702000,0.0005906674542232723
1629012732000,0.0
1629012762000,0.0006035003017501509
1629012792000,0.0
1629012822000,0.0
1629012852000,0.0
1629012882000,0.0005955926146515784
1629012912000,0.0006064281382656155
1629012942000,0.0006056935190793457
1629012972000,0.0
1629013002000,0.0005892751915144372
1629013032000,0.0005892751915144372
1629013062000,0.0
1629013092000,0.0
1629013122000,0.0
1629013152000,0.0006176652254478072
1629013182000,0.0
1629013212000,0.0005892751915144372
1629013242000,0.0
1629013272000,0.0
1629013302000,0.0
1629013332000,0.0
1629013362000,0.0012202562538133007
1629013392000,0.0
1629013422000,0.0006097560975609756
1629013452000,0.0
1629013482000,0.0
1629013512000,0.0006064281382656155
1629013542000,0.0
1629013572000,0.0
1629013602000,0.0
1629013632000,0.0
1629013662000,0.0005973715651135006
1629013692000,0.0
1629013722000,0.0012143290831815425
1629013752000,0.0011961722488038275
1629013782000,0.0006006006006006006
1629013812000,0.0
1629013842000,0.0006079027355623102
1629013872000,0.0005995203836930455
1629013902000,0.0006056935190793457
1629013932000,0.0005963029218843173
1629013962000,0.0006027727546714887
1629013992000,0.0
1629014022000,0.0005892751915144372
1629014052000,0.0
1629014082000,0.0006053268765133173
1629014112000,0.0
1629014142000,0.0
1629014172000,0.0006056935190793457
1629014202000,0.0
1629014232000,0.0005931198102016608
1629014262000,0.0
1629014292000,0.0
1629014322000,0.0
1629014352000,0.0
1629014382000,0.0
1629014412000,0.0
1629014442000,0.0006024096385542169
1629014472000,0.0
1629014502000,0.0
1629014532000,0.0
1629014562000,0.0
1629014592000,0.0006142506142506142
1629014622000,0.0
1629014652000,0.0005977286312014345
1629014682000,0.0
1629014712000,0.0006064281382656155
1629014742000,0.0012187690432663009
1629014772000,0.0
1629014802000,0.0
1629014832000,0.0
1629014862000,0.0
1629014892000,0.0
1629014922000,0.0006101281269066504
1629014952000,0.0
1629015252000,0.0
1629015282000,0.0
1629015312000,0.0
1629015342000,0.0005966587112171838
1629015372000,0.0
1629015492000,0.0005984440454817473
1629015522000,0.0006108735491753207
1629015552000,0.0006082725060827251
1629015582000,0.0
1629015612000,0.0
1629015642000,0.0006090133982947625
1629015672000,0.0
1629015702000,0.0
1629015732000,0.0
1629015762000,0.0
1629015792000,0.0006067961165048543
1629015822000,0.0
1629015852000,0.0
1629015882000,0.0
1629015912000,0.0
1629015942000,0.0
1629015972000,0.0006138735420503376
1629016002000,0.0
1629016032000,0.0
1629016062000,0.0
1629016092000,0.0
1629016122000,0.0
1629016152000,0.0
1629016182000,0.0
1629016212000,0.0
1629016242000,0.0006165228113440197
1629016272000,0.0006009615384615385
1629016302000,0.0
1629016332000,0.0012165450121654502
1629016362000,0.0
1629016392000,0.0
1629016422000,0.0
1629016452000,0.00121580547112462
1629016482000,0.0
1629016512000,0.0
1629016542000,0.0
1629016572000,0.0
1629016602000,0.0
1629016632000,0.0
1629016662000,0.0
1629016692000,0.0
1629016722000,0.0
1629016752000,0.0
1629016782000,0.0
1629016812000,0.0
1629016842000,0.0
1629016872000,0.0
1629016902000,0.0006146281499692684
1629016932000,0.0006119951040391675
1629016962000,0.0
1629016992000,0.0
1629017022000,0.0005948839976204639
1629017052000,0.0
1629017082000,0.0006006006006006006
1629017112000,0.0
1629017142000,0.001215066828675577
1629017172000,0.0
1629017202000,0.0
1629017232000,0.0
1629017262000,0.0
1629017292000,0.0
1629017322000,0.0006188118811881187
1629017352000,0.0
1629017382000,0.0
1629017412000,0.0
1629017442000,0.0005934718100890207
1629017472000,0.0
1629017502000,0.0
1629017532000,0.0
1629017562000,0.0005963029218843173
1629017592000,0.0005963029218843173
1629017622000,0.0006112469437652813
1629017652000,0.0
1629017682000,0.0005998800239952009
1629017712000,0.0
1629017742000,0.0
1629017772000,0.0
1629017802000,0.0
1629017832000,0.0006075334143377885
1629017862000,0.0
1629017892000,0.0012353304508956149
1629017922000,0.0
1629017952000,0.0
1629017982000,0.0
1629018012000,0.0
1629018042000,0.0
1629018072000,0.0006086427267194157
1629018102000,0.0
1629018132000,0.0
1629018162000,0.0
1629018192000,0.0
1629018222000,0.0006146281499692684
1629018252000,0.0005998800239952009
1629018282000,0.0
1629018312000,0.0005984440454817473
1629018342000,0.0
1629018372000,0.0006075334143377885
1629018402000,0.0006045949214026603
1629018432000,0.0
1629018462000,0.0
1629018492000,0.0
1629018522000,0.0
1629018552000,0.0
1629018582000,0.0
1629018612000,0.0
1629018642000,0.0006067961165048543
1629018672000,0.0
1629018702000,0.0006064281382656155
1629018732000,0.0
1629018762000,0.0
1629018792000,0.0
1629018822000,0.0
1629018852000,0.0006082725060827251
1629018882000,0.0
1629018912000,0.0006112469437652813
1629018942000,0.0006112469437652813
1629018972000,0.0006172839506172839
1629019002000,0.0
1629019032000,0.0
1629019062000,0.0
1629019092000,0.0
1629019122000,0.0
1629019152000,0.0
1629019182000,0.0006049606775559589
1629019212000,0.0
1629019242000,0.0006056935190793457
1629019272000,0.0
1629019302000,0.0006082725060827251
1629019332000,0.0
1629019362000,0.0
1629019392000,0.0
1629019422000,0.0
1629019452000,0.0
1629019482000,0.0006067961165048543
1629019512000,0.0
1629019542000,0.0
1629019572000,0.0
1629019602000,0.0006153846153846153
1629019632000,0.0
1629019662000,0.0
1629019692000,0.0
1629019722000,0.0006024096385542169
1629019752000,0.0
1629019782000,0.0006020469596628537
1629019812000,0.0
1629019842000,0.0006090133982947625
1629019872000,0.0
1629019902000,0.0
1629019932000,0.0
1629019962000,0.0
1629019992000,0.0006142506142506142
1629020022000,0.0
1629020052000,0.0
1629020082000,0.0
1629020112000,0.0
1629020142000,0.0006153846153846153
1629020172000,0.0
1629020202000,0.0
1629020232000,0.0
1629020262000,0.0
1629020292000,0.0
1629020322000,0.0
1629020352000,0.0
1629020382000,0.0
1629020412000,0.0
1629020442000,0.0006049606775559589
1629020472000,0.0006006006006006006
1629020502000,0.0005837711617046117
1629020532000,0.0
1629020652000,0.0006134969325153375
1629020682000,0.0
1629020712000,0.0006195786864931846
1629020742000,0.0
1629020772000,0.0005991611743559018
1629020802000,0.0
1629020832000,0.0
1629020862000,0.0
1629020892000,0.0006211180124223603
1629020922000,0.0005988023952095807
1629020952000,0.0
1629020982000,0.0
1629021012000,0.0
1629021042000,0.0
1629021072000,0.0
1629021102000,0.0006006006006006006
1629021132000,0.0006060606060606062
1629021162000,0.0005980861244019139
1629021192000,0.0006090133982947625
1629021222000,0.0
1629021252000,0.0005963029218843173
1629021282000,0.0
1629021312000,0.0
1629021342000,0.0
1629021372000,0.0
1629021402000,0.0
1629021432000,0.0
1629021462000,0.0
1629021492000,0.0
1629021522000,0.0
1629021552000,0.0
1629021582000,0.0005959475566150177
1629021612000,0.0
1629021642000,0.0
1629021672000,0.0006086427267194157
1629021702000,0.0
1629021732000,0.0
1629021762000,0.0006020469596628537
1629021792000,0.0
1629021822000,0.0
1629021852000,0.0
1629021882000,0.0
1629021912000,0.0
1629021942000,0.0
1629021972000,0.0
1629022002000,0.0
1629022032000,0.0
1629022062000,0.0006031363088057902
1629022092000,0.0005995203836930455
1629022122000,0.0
1629022152000,0.0
1629022182000,0.0006090133982947625
1629022212000,0.0
1629022242000,0.0
1629022272000,0.0006042296072507553
1629022302000,0.0
1629022332000,0.0006064281382656155
1629022362000,0.0
1629022392000,0.0006112469437652813
1629022422000,0.0
1629022452000,0.0
1629022482000,0.0
1629022512000,0.0005938242280285036
1629022542000,0.0
1629022572000,0.0
1629022602000,0.0006013229104028864
1629022632000,0.0006169031462060457
1629022662000,0.0
1629022692000,0.0
1629022722000,0.0
1629022752000,0.0005988023952095807
1629022782000,0.0
1629022812000,0.0005952380952380952
1629022842000,0.0
1629022872000,0.0
1629022902000,0.0006222775357809582
1629022932000,0.0006027727546714887
1629022962000,0.0
1629022992000,0.0
1629023022000,0.0005924170616113746
1629023052000,0.0
1629023082000,0.0006016847172081829
1629023112000,0.0
1629023142000,0.0
1629023172000,0.0
1629023202000,0.0006013229104028864
1629023232000,0.0006027727546714887
1629023262000,0.0006035003017501509
1629023292000,0.0
1629023322000,0.0
1629023352000,0.0005871990604815032
1629023382000,0.0
1629023412000,0.0
1629023442000,0.0005980861244019139
1629023472000,0.0
1629023502000,0.0006131207847946045
1629023532000,0.0
1629023562000,0.0
1629023592000,0.0005910165484633571
1629023622000,0.0
1629023652000,0.0005988023952095807
1629023682000,0.0
1629023712000,0.0
1629023742000,0.0
1629023772000,0.0005995203836930455
1629023802000,0.0
1629023832000,0.0
1629023862000,0.0006031363088057902
1629023892000,0.0
1629023922000,0.0
1629023952000,0.0006142506142506142
1629023982000,0.0
1629024012000,0.0005984440454817473
1629024042000,0.0006112469437652813
1629024072000,0.0
1629024102000,0.0006027727546714887
1629024132000,0.0006222775357809582
1629024162000,0.0
1629024192000,0.0006090133982947625
1629024222000,0.0006112469437652813
1629024252000,0.0
1629024282000,0.0011737089201877935
1629024312000,0.0
1629024342000,0.0006067961165048543
1629024372000,0.0006027727546714887
1629024402000,0.0005917159763313611
1629024432000,0.0006016847172081829
1629024462000,0.0006053268765133173
1629024492000,0.0
1629024522000,0.0005938242280285036
1629024552000,0.0
1629024582000,0.0
1629024612000,0.0
1629024642000,0.0
1629024672000,0.0
1629033282000,0.0
1629033312000,0.0
1629033342000,0.0006002400960384152
1629033372000,0.0
1629033402000,0.0
1629033432000,0.0
1629033462000,0.0006020469596628537
1629033492000,0.0
1629033522000,0.0
1629033552000,0.0006169031462060457
1629033582000,0.0
1629033612000,0.0
1629033642000,0.0005913660555884093
1629033672000,0.0
1629033702000,0.0006038647342995169
1629033732000,0.0
1629033762000,0.0
1629033792000,0.0
1629033822000,0.0006153846153846153
1629033852000,0.0
1629033882000,0.0
1629033912000,0.0
1629033942000,0.0
1629033972000,0.0
1629034002000,0.0006067961165048543
1629034032000,0.0005970149253731342
1629034062000,0.0
1629034092000,0.0
1629034122000,0.0
1629034152000,0.0006027727546714887
1629034182000,0.0
1629034212000,0.0006123698714023269
1629034242000,0.0
1629034332000,0.0
1629034362000,0.0
1629034272000,0.0
1629034302000,0.0
1629034392000,0.0
1629034422000,0.0
1629034452000,0.0
1629034482000,0.0
1629034512000,0.0
1629034572000,0.0
1629034602000,0.0006009615384615385
1629034542000,0.0006230529595015578
1629034272000,0.0
1629034302000,0.0
1629034632000,0.0
1629034662000,0.0
1629034482000,0.0
1629034692000,0.0
1629034542000,0.0006230529595015578
1629034512000,0.0
1629034632000,0.0
1629034662000,0.0
1629034692000,0.0
1629034482000,0.0
1629034572000,0.0
1629034602000,0.0006009615384615385
1629034542000,0.0006230529595015578
1629034692000,0.0
1629034542000,0.0006230529595015578
1629034632000,0.0
1629034662000,0.0
1629034512000,0.0
1629034692000,0.0
1629034482000,0.0
1629034272000,0.0
1629034302000,0.0
1629034272000,0.0
1629034302000,0.0
1629034572000,0.0
1629034602000,0.0006009615384615385
1629034632000,0.0
1629034662000,0.0
1629034512000,0.0
1629034572000,0.0
1629034602000,0.0006009615384615385
1629034272000,0.0
1629034302000,0.0
1629034512000,0.0
1629034482000,0.0
1629034632000,0.0
1629034662000,0.0
1629034572000,0.0
1629034602000,0.0006009615384615385
1629034542000,0.0006230529595015578
1629034692000,0.0
1629034722000,0.0
1629034752000,0.0
1629034782000,0.0
1629034512000,0.0
1629034482000,0.0
1629034632000,0.0
1629034662000,0.0
1629034572000,0.0
1629034602000,0.0006009615384615385
1629034272000,0.0
1629034302000,0.0
1629034812000,0.0
1629034542000,0.0006230529595015578
1629034812000,0.0
1629034842000,0.0
1629034872000,0.0
1629034902000,0.0
1629034272000,0.0
1629034302000,0.0
1629034632000,0.0
1629034662000,0.0
1629034482000,0.0
1629034932000,0.0
1629034962000,0.0
1629034902000,0.0
1629034572000,0.0
1629034602000,0.0006009615384615385
1629034542000,0.0006230529595015578
1629034512000,0.0
1629034932000,0.0
1629034962000,0.0
1629034902000,0.0
1629034932000,0.0
1629034962000,0.0
1629034992000,0.0
1629034902000,0.0
1629035022000,0.0
1629034542000,0.0006230529595015578
1629034572000,0.0
1629034602000,0.0006009615384615385
1629034512000,0.0
1629034992000,0.0
1629035022000,0.0
1629034272000,0.0
1629034302000,0.0
1629034902000,0.0
1629034482000,0.0
1629035052000,0.0
1629035082000,0.0
1629035022000,0.0
1629035112000,0.0
1629035082000,0.0
1629035052000,0.0
1629035142000,0.0
1629035172000,0.0
1629035202000,0.0
1629035232000,0.0
1629035022000,0.0
1629034542000,0.0006230529595015578
1629035292000,0.0
1629035262000,0.0
1629034512000,0.0
1629034902000,0.0
1629035262000,0.0
1629035292000,0.0
1629034572000,0.0
1629034602000,0.0006009615384615385
1629035022000,0.0
1629035262000,0.0
1629035292000,0.0
1629035322000,0.0
1629035352000,0.0
1629035382000,0.0
1629035412000,0.0
1629034902000,0.0
1629034482000,0.0
1629034542000,0.0006230529595015578
1629035442000,0.0
1629034512000,0.0
1629035472000,0.0
1629035502000,0.0
1629035562000,0.0
1629035532000,0.0
1629035592000,0.0
1629035622000,0.0
1629035652000,0.0
1629034572000,0.0
1629034602000,0.0006009615384615385
1629035682000,0.0
1629035592000,0.0
1629035622000,0.0
1629035652000,0.0
1629034902000,0.0
1629035682000,0.0
1629035592000,0.0
1629035622000,0.0
1629034542000,0.0006230529595015578
1629034482000,0.0
1629035652000,0.0
1629035682000,0.0
1629035592000,0.0
1629035712000,0.0
1629035742000,0.0
1629035622000,0.0
1629035802000,0.0
1629035772000,0.0
1629035832000,0.0
1629035862000,0.0
1629035892000,0.0006116207951070336
1629035922000,0.0
1629035952000,0.0006116207951070336
1629035982000,0.0
1629035862000,0.0
1629035892000,0.0006116207951070336
1629035922000,0.0
1629036012000,0.0
1629036042000,0.0
1629035982000,0.0
1629034572000,0.0
1629034602000,0.0006009615384615385
1629036072000,0.0
1629034902000,0.0
1629034482000,0.0
1629036102000,0.0
1629035892000,0.0006116207951070336
1629035922000,0.0
1629036132000,0.0
1629036162000,0.0
1629036102000,0.0
1629034542000,0.0006230529595015578
1629036132000,0.0
1629036162000,0.0
1629035892000,0.0006116207951070336
1629036222000,0.0
1629036192000,0.0
1629035922000,0.0
1629036312000,0.0
1629036342000,0.0
1629036252000,0.0
1629036282000,0.0
1629036372000,0.0
1629036402000,0.0
1629036432000,0.0
1629036462000,0.0
1629036492000,0.0
1629036522000,0.0
1629034572000,0.0
1629034602000,0.0006009615384615385
1629036552000,0.0
1629036582000,0.0
1629036432000,0.0
1629036522000,0.0
1629034902000,0.0
1629036432000,0.0
1629036612000,0.0
1629036522000,0.0
1629036642000,0.0
1629034482000,0.0
1629034902000,0.0
1629034482000,0.0
1629090431000,0.0
1629090492000,0.0
1629090522000,0.0
1629090434000,0.0
1629090462000,0.0
1629090552000,0.0
1629090431000,0.0
1629090582000,0.0
1629090434000,0.0
1629090462000,0.0
1629090612000,0.0
1629090642000,0.0
1629090672000,0.0
1629090702000,0.0
1629090732000,0.0
1629090762000,0.0006226650062266501
1629090793000,0.0
1629090823000,0.0
1629090853000,0.0
1629090883000,0.0
1629090913000,0.0005995203836930455
1629090943000,0.0
1629090973000,0.0
1629091003000,0.0
1629091033000,0.0
1629091063000,0.0
1629091093000,0.0
1629091123000,0.0
1629091153000,0.0
1629091183000,0.0
1629091213000,0.0
1629091243000,0.0
1629091273000,0.0
1629091303000,0.0
1629091333000,0.0
1629091363000,0.0
1629091393000,0.0
1629091423000,0.0
1629091453000,0.0006024096385542169
1629091483000,0.0
1629091513000,0.0
1629091543000,0.0
1629091573000,0.0
1629091603000,0.0
1629091633000,0.0
1629091663000,0.0006218905472636817
1629091693000,0.0
1629091723000,0.0
1629091753000,0.0
1629091783000,0.0006031363088057902
1629091813000,0.0
1629091843000,0.0
1629091873000,0.0
1629091903000,0.0
1629091933000,0.0
1629091963000,0.0
1629091993000,0.0
1629092023000,0.0
1629092053000,0.0
1629092083000,0.0
1629092113000,0.0
1629092143000,0.0
1629092173000,0.0
1629092203000,0.0
1629092233000,0.0
1629092263000,0.0
1629092293000,0.0
1629092323000,0.0
1629092353000,0.0
1629092383000,0.0
1629092413000,0.0
1629092443000,0.0
1629092473000,0.0
1629092503000,0.0
1629092533000,0.0
1629092563000,0.0006053268765133173
1629092593000,0.0
1629092623000,0.0
1629092653000,0.0
1629092683000,0.0
1629092713000,0.0
1629092743000,0.0
1629092773000,0.0
1629092803000,0.0
1629092833000,0.0
1629092863000,0.0
1629092893000,0.0
1629092923000,0.0006093845216331506
1629092953000,0.0
1629092983000,0.0
1629093013000,0.0
1629093043000,0.0
1629093073000,0.0
1629093103000,0.0
1629093133000,0.0005963029218843173
1629093163000,0.0
1629093193000,0.0
1629093223000,0.0
1629093253000,0.0005948839976204639
1629093283000,0.0
1629093313000,0.0
1629093343000,0.0
1629093373000,0.0
1629093403000,0.0
1629093433000,0.0
1629093463000,0.0
1629093493000,0.0
1629093523000,0.0
1629093553000,0.0
1629093583000,0.0
1629093613000,0.0
1629093643000,0.0
1629093673000,0.0
1629093703000,0.0
1629093733000,0.0
1629093763000,0.0
1629093793000,0.0
1629093823000,0.0
1629093853000,0.0
1629093883000,0.0
1629093913000,0.0
1629093943000,0.0
1629093973000,0.0
1629094003000,0.0
1629094033000,0.0
1629094063000,0.0
1629094093000,0.0
1629094123000,0.0
1629094153000,0.0
1629094183000,0.0
1629094213000,0.0
1629094243000,0.0
1629094273000,0.0
1629094303000,0.0
1629094333000,0.0
1629094363000,0.0
1629094393000,0.0
1629094423000,0.0005998800239952009
1629094453000,0.0006131207847946045
1629094483000,0.0
1629094513000,0.0
1629094543000,0.0
1629094573000,0.0
1629094603000,0.0
1629094633000,0.0005955926146515784
1629094663000,0.0
1629094693000,0.0
1629094723000,0.0
1629094753000,0.0
1629094783000,0.0
1629094813000,0.0006090133982947625
1629094843000,0.0006180469715698393
1629094873000,0.0
1629094903000,0.0
1629094933000,0.0
1629094963000,0.0006116207951070336
1629094993000,0.0
1629095023000,0.0
1629095053000,0.0
1629095083000,0.0
1629095113000,0.0
1629095143000,0.0
1629095173000,0.0
1629095203000,0.0006020469596628537
1629095233000,0.0
1629095263000,0.0
1629095293000,0.0
1629095323000,0.0
1629095353000,0.0
1629095383000,0.0
1629095413000,0.0
1629095443000,0.0
1629095473000,0.0
1629095503000,0.0
1629095533000,0.0
1629095563000,0.0
1629095593000,0.0
1629095623000,0.0
1629095653000,0.0006079027355623102
1629095683000,0.0
1629095713000,0.0
1629095743000,0.0
1629095773000,0.0
1629095803000,0.0
1629095833000,0.0
1629095863000,0.0
1629095893000,0.0
1629095923000,0.0006161429451632778
1629095953000,0.0
1629095983000,0.0
1629096013000,0.0
1629096043000,0.0
1629096073000,0.0
1629096103000,0.0
1629096133000,0.0
1629096163000,0.0
1629096193000,0.0
1629096223000,0.0006105006105006105
1629096253000,0.0
1629096283000,0.0005995203836930455
1629096313000,0.0
1629096343000,0.0
1629096373000,0.0
1629096403000,0.0
1629096433000,0.0
1629096463000,0.0
1629096493000,0.0
1629096523000,0.0
1629096553000,0.0
1629096583000,0.0
1629096613000,0.0006116207951070336
1629096643000,0.0
1629096673000,0.0
1629096703000,0.0
1629096733000,0.0
1629096763000,0.0
1629096793000,0.0
1629096823000,0.0
1629096853000,0.0
1629096883000,0.0005966587112171838
1629096913000,0.0
1629096943000,0.0
1629096973000,0.0
1629097003000,0.0006079027355623102
1629097033000,0.0
1629097063000,0.0
1629097093000,0.0
1629097123000,0.0
1629097153000,0.0
1629097183000,0.0
1629097213000,0.0
1629097243000,0.0
1629097273000,0.0
1629097303000,0.0
1629097333000,0.0
1629097363000,0.0006002400960384152
1629097393000,0.0
1629097423000,0.0
1629097453000,0.0
1629097483000,0.0
1629097513000,0.0
1629097543000,0.0
1629097573000,0.0
1629097603000,0.0
1629097633000,0.0
1629097663000,0.0
1629097693000,0.0
1629097723000,0.0
1629097753000,0.0
1629097783000,0.0
1629097813000,0.0
1629097843000,0.0
1629097873000,0.0
1629097903000,0.0
1629097933000,0.0
1629097963000,0.0
1629097993000,0.0
1629098023000,0.0
1629098053000,0.0
1629098083000,0.0
1629098113000,0.0
1629098143000,0.0
1629098173000,0.0
1629098203000,0.0
1629098233000,0.0
1629098263000,0.0
1629098293000,0.0006116207951070336
1629098323000,0.0
1629098353000,0.0
1629098383000,0.0
1629098413000,0.0
1629098443000,0.0
1629098473000,0.0006097560975609756
1629098503000,0.0
1629098533000,0.0
1629098563000,0.0
1629098593000,0.0
1629098623000,0.0
1629098653000,0.0
1629098683000,0.0
1629098713000,0.0006090133982947625
1629098799000,0.011056511056511056
1629098829000,0.002452483139178418
1629098859000,0.0
1629098889000,0.0
1629098919000,0.0018552875695732839
1629098949000,0.001226993865030675
1629098979000,0.0012315270935960591
1629099009000,0.0
1629099039000,0.0
1629099069000,0.0006086427267194157
1629099099000,0.0012187690432663009
1629099129000,0.0
1629099159000,0.0
1629099189000,0.001226241569589209
1629099219000,0.0012247397428046538
1629099249000,0.0
1629099279000,0.0006086427267194157
1629099309000,0.0006131207847946045
1629099339000,0.0
1629099369000,0.0006211180124223603
1629099399000,0.0
1629099429000,0.0006218905472636817
1629099459000,0.0006123698714023269
1629099489000,0.0006211180124223603
1629099519000,0.0
1629099549000,0.0
1629099579000,0.0006238303181534623
1629099609000,0.0006071645415907711
1629099639000,0.0006176652254478072
1629099669000,0.0
1629099699000,0.0006176652254478072
1629099729000,0.0
1629099759000,0.0
1629099789000,0.0
1629099819000,0.0
1629099849000,0.0
1629099879000,0.0006188118811881187
1629099909000,0.0
1629099939000,0.0
1629099969000,0.0006138735420503376
1629099999000,0.0
1629100029000,0.0006131207847946045
1629100059000,0.0
1629100089000,0.0006211180124223603
1629100119000,0.0006056935190793457
1629100149000,0.0
1629100179000,0.0
1629100209000,0.0
1629100239000,0.0006090133982947625
1629100269000,0.0
1629100299000,0.0006142506142506142
1629100329000,0.0
1629100359000,0.0
1629100389000,0.0
1629100419000,0.0012247397428046538
1629100449000,0.0
1629100479000,0.0
1629100509000,0.0
1629100539000,0.0
1629100569000,0.0
1629100599000,0.0
1629100629000,0.0
1629100659000,0.0006265664160401003
1629100689000,0.0006093845216331506
1629100719000,0.0006157635467980296
1629100749000,0.0006031363088057902
1629100779000,0.0006116207951070336
1629100809000,0.0
1629100839000,0.0
1629100869000,0.0
1629100899000,0.0
1629100929000,0.0
1629100959000,0.0006112469437652813
1629100989000,0.0006191950464396285
1629101019000,0.0
1629101049000,0.0006180469715698393
1629101079000,0.0006218905472636817
1629101109000,0.0
1629101139000,0.0
1629101169000,0.0
1629101199000,0.0
1629101229000,0.0
1629101259000,0.0
1629101289000,0.0
1629101319000,0.0
1629101349000,0.0
1629101379000,0.0006207324643078832
1629101409000,0.0
1629101439000,0.0
1629101469000,0.0
1629101499000,0.0
1629101529000,0.0006169031462060457
1629101559000,0.0
1629101589000,0.0
1629101619000,0.0
1629101649000,0.0
1629101679000,0.0
1629101709000,0.0
1629101739000,0.0012113870381586915
1629101769000,0.0
1629101799000,0.0006049606775559589
1629101829000,0.0
1629101859000,0.0
1629101889000,0.0
1629101919000,0.0012360939431396785
1629101949000,0.0
1629101979000,0.0
1629102009000,0.0006024096385542169
1629102039000,0.0006067961165048543
1629102069000,0.0
1629102099000,0.0
1629102129000,0.0
1629102159000,0.0
1629102189000,0.0006035003017501509
1629102219000,0.0
1629102249000,0.0
1629102279000,0.0006116207951070336
1629102309000,0.0
1629102339000,0.0
1629102369000,0.0
1629102399000,0.0
1629102429000,0.0
1629102459000,0.0
1629102489000,0.0006226650062266501
1629102519000,0.0
1629102549000,0.0006079027355623102
1629102579000,0.0
1629102609000,0.0
1629102639000,0.0
1629102669000,0.0
1629102699000,0.0
1629102729000,0.0006180469715698393
1629102759000,0.0
1629102789000,0.0
1629102819000,0.0006056935190793457
1629102849000,0.0
1629102879000,0.0
1629102909000,0.0006184291898577612
1629102939000,0.0
1629102969000,0.0005998800239952009
1629102999000,0.001212856276531231
1629103029000,0.0
1629103059000,0.0006138735420503376
1629103089000,0.0006131207847946045
1629103119000,0.0
1629103149000,0.0
1629103179000,0.0
1629103209000,0.0
1629103239000,0.0
1629103269000,0.0
1629103299000,0.0
1629103329000,0.0006038647342995169
1629103359000,0.0006207324643078832
1629103389000,0.0006131207847946045
1629103419000,0.0006165228113440197
1629103449000,0.0
1629103479000,0.0006146281499692684
1629103509000,0.0
1629103539000,0.0
1629103569000,0.0
1629103599000,0.0
1629103629000,0.0005991611743559018
1629103659000,0.0006184291898577612
1629103689000,0.0006172839506172839
1629103719000,0.0
1629103749000,0.0006064281382656155
1629103779000,0.0
1629103809000,0.0
1629103839000,0.0006075334143377885
1629103869000,0.0
1629103899000,0.0006146281499692684
1629103929000,0.0
1629103959000,0.0
1629103989000,0.0
1629104019000,0.0
1629104049000,0.0
1629104079000,0.0006234413965087283
1629104109000,0.0
1629104139000,0.0006172839506172839
1629104169000,0.0
1629104199000,0.0006211180124223603
1629104229000,0.0006211180124223603
1629104259000,0.0006116207951070336
1629104289000,0.0
1629104319000,0.0
1629104349000,0.0
1629104379000,0.0006079027355623102
1629104409000,0.0
1629104439000,0.0006180469715698393
1629104469000,0.0
1629104499000,0.0006056935190793457
1629104529000,0.0
1629104559000,0.0
1629104589000,0.0
1629104619000,0.0
1629104649000,0.0006097560975609756
1629104679000,0.001221001221001221
1629104709000,0.0
1629104739000,0.0006082725060827251
1629104769000,0.0
1629104799000,0.0
1629104829000,0.0006180469715698393
1629104859000,0.0
1629104889000,0.0
1629104919000,0.0
1629104949000,0.0
1629104979000,0.0
1629105009000,0.0
1629105039000,0.0
1629105069000,0.0
1629105099000,0.001238390092879257
1629105129000,0.0
1629105159000,0.0
1629105189000,0.0
1629105219000,0.0
1629105249000,0.0005910165484633571
1629105279000,0.0006024096385542169
1629105309000,0.0006082725060827251
1629105339000,0.0006020469596628537
1629105369000,0.0006157635467980296
1629105399000,0.0
1629105429000,0.0005980861244019139
1629105459000,0.0
1629105489000,0.0
1629105519000,0.0006165228113440197
1629105549000,0.0
1629105579000,0.0
1629105609000,0.0
1629105639000,0.0
1629105669000,0.0
1629105699000,0.0
1629105729000,0.0006086427267194157
1629105759000,0.0
1629105789000,0.0
1629105819000,0.0006146281499692684
1629105849000,0.0
1629105879000,0.0006053268765133173
1629105909000,0.0
1629105939000,0.0006153846153846153
1629105969000,0.0
1629105999000,0.0
1629106029000,0.0
1629106059000,0.0
1629106089000,0.0
1629106119000,0.0
1629106149000,0.0
1629106179000,0.0
1629106209000,0.0
1629106239000,0.0
1629106269000,0.0
1629106299000,0.0
1629106329000,0.0
1629106359000,0.0
1629106389000,0.0
1629106419000,0.0
1629106449000,0.0
1629106479000,0.0
1629106509000,0.0006134969325153375
1629106539000,0.0006188118811881187
1629106569000,0.0
1629106599000,0.0
1629106629000,0.0
1629106659000,0.0
1629106689000,0.0
1629106719000,0.0
1629106749000,0.0
1629106779000,0.0
1629106809000,0.0
1629106839000,0.0
1629106869000,0.0
1629106899000,0.0006131207847946045
1629106929000,0.0
1629106959000,0.0
1629106989000,0.0
1629107019000,0.0
1629107049000,0.0006056935190793457
1629107079000,0.0
1629107109000,0.0006134969325153375
1629107139000,0.0006234413965087283
1629107169000,0.0
1629107199000,0.0
1629107229000,0.0
1629107259000,0.0
1629107289000,0.0
1629107319000,0.0
1629107349000,0.0
1629107379000,0.0
1629107409000,0.0006042296072507553
1629107439000,0.0006127450980392157
1629107469000,0.0006071645415907711
1629107499000,0.0
1629107529000,0.0
1629107559000,0.0006172839506172839
1629107589000,0.0006238303181534623
1629107619000,0.0006086427267194157
1629107649000,0.0
1629107679000,0.0
1629107709000,0.0
1629107739000,0.0
1629107769000,0.0006157635467980296
1629107799000,0.0006138735420503376
1629107829000,0.0
1629107859000,0.0
1629107889000,0.0005984440454817473
1629107919000,0.0
1629107949000,0.0
1629107979000,0.0
1629108009000,0.0
1629108039000,0.0
1629108069000,0.0
1629108099000,0.0006161429451632778
1629108129000,0.0
1629108159000,0.0
1629108189000,0.0
1629108219000,0.0
1629108249000,0.0
1629108279000,0.0
1629108309000,0.0006246096189881324
1629108339000,0.0012322858903265556
1629108369000,0.0
1629108399000,0.0006142506142506142
1629108429000,0.0
1629108459000,0.0
1629108489000,0.0006127450980392157
1629108519000,0.0
1629108549000,0.0006090133982947625
1629108579000,0.0006079027355623102
1629108609000,0.0006006006006006006
1629108639000,0.0006161429451632778
1629108669000,0.0
1629108699000,0.0
1629108729000,0.0006035003017501509
1629108759000,0.0
1629108789000,0.0
1629108819000,0.0006075334143377885
1629108849000,0.0
1629108879000,0.0006079027355623102
1629108909000,0.0006246096189881324
1629108939000,0.0
1629108969000,0.0
1629108999000,0.0
1629109029000,0.0006180469715698393
1629109059000,0.0
1629109089000,0.0
1629109119000,0.0
1629109149000,0.0006150061500615006
1629109179000,0.0
1629109209000,0.0006119951040391675
1629109239000,0.0
1629109269000,0.0
1629109299000,0.0
1629109329000,0.0006035003017501509
1629109359000,0.0
1629109389000,0.0
1629109419000,0.0
1629109449000,0.0006127450980392157
1629109479000,0.0
1629109509000,0.0
1629109539000,0.0
1629109569000,0.0006031363088057902
1629109599000,0.0006176652254478072
1629109629000,0.0
1629109659000,0.0006218905472636817
1629109689000,0.0
1629109719000,0.0
1629109749000,0.0006165228113440197
1629109779000,0.0
1629109809000,0.0005977286312014345
1629109839000,0.0
1629109869000,0.0
1629109899000,0.0
1629109929000,0.0
1629109959000,0.0006049606775559589
1629109989000,0.0
1629110019000,0.0
1629110049000,0.0
1629110079000,0.0006184291898577612
1629110109000,0.0
1629110139000,0.0006146281499692684
1629110169000,0.0
1629110199000,0.0
1629110229000,0.0
1629110259000,0.0
1629110289000,0.0
1629110319000,0.0
1629110349000,0.0006169031462060457
1629110379000,0.0
1629110409000,0.0006184291898577612
1629110439000,0.0
1629110469000,0.0
1629110499000,0.0
1629110529000,0.0
1629110559000,0.0
1629110589000,0.0006134969325153375
1629110619000,0.0
1629110649000,0.0
1629110679000,0.0
1629110709000,0.0
1629110739000,0.0006242197253433209
1629110769000,0.0
1629110799000,0.0006090133982947625
1629110829000,0.0
1629110859000,0.0006195786864931846
1629110889000,0.0
1629110919000,0.0
1629110949000,0.0
1629110979000,0.0
1629111009000,0.0006199628022318662
1629111039000,0.0
1629111069000,0.0006165228113440197
1629111099000,0.0
1629111129000,0.0
1629111159000,0.0
1629111189000,0.0
1629111219000,0.0
1629111249000,0.0012338062924120911
1629111279000,0.0006060606060606062
1629111309000,0.0
1629111339000,0.0006101281269066504
1629111369000,0.0
1629111399000,0.0
1629111429000,0.0
1629111459000,0.0
1629111489000,0.0006131207847946045
1629111519000,0.0012376237623762374
1629111549000,0.0
1629111579000,0.0
1629111609000,0.001221001221001221
1629111639000,0.0006097560975609756
1629111669000,0.0
1629111699000,0.0006242197253433209
1629111729000,0.0
1629111759000,0.0
1629111789000,0.0006176652254478072
1629111819000,0.0
1629111849000,0.0006123698714023269
1629111879000,0.0
1629111909000,0.0
1629111939000,0.0006056935190793457
1629111969000,0.001215066828675577
1629111999000,0.0006161429451632778
1629112029000,0.0005988023952095807
1629112059000,0.0
1629112089000,0.0
1629112119000,0.0
1629112149000,0.0006042296072507553
1629112179000,0.0006153846153846153
1629112209000,0.0006131207847946045
1629112239000,0.0006230529595015578
1629112269000,0.0006038647342995169
1629112299000,0.0006101281269066504
1629112329000,0.0
1629112359000,0.0
1629112389000,0.0
1629112419000,0.0
1629112449000,0.0
1629112479000,0.0006067961165048543
1629112509000,0.0
1629112539000,0.0
1629112569000,0.0
1629112599000,0.0006203473945409428
1629112629000,0.0006093845216331506
1629112659000,0.0006142506142506142
1629112689000,0.0
1629112719000,0.0
1629112749000,0.0
1629112779000,0.0
1629112809000,0.0006009615384615385
1629112839000,0.0006172839506172839
1629112869000,0.0006067961165048543
1629112899000,0.0
1629112929000,0.0
1629112959000,0.0
1629112989000,0.0
1629113019000,0.0
1629113049000,0.0
1629113079000,0.0
1629113109000,0.0006127450980392157
1629113139000,0.0
1629113169000,0.0
1629113199000,0.0
1629113229000,0.0006067961165048543
1629113259000,0.0
1629113289000,0.0
1629113319000,0.0
1629113349000,0.0006049606775559589
1629113379000,0.0006060606060606062
1629113409000,0.0
1629113439000,0.0006009615384615385
1629113469000,0.0
1629113499000,0.0
1629113529000,0.0
1629113559000,0.0
1629113589000,0.0012254901960784314
1629113619000,0.0
1629113649000,0.0006203473945409428
1629113679000,0.0
1629113709000,0.0006024096385542169
1629113739000,0.0
1629113769000,0.0
1629113799000,0.0
1629113829000,0.0
1629113859000,0.0
1629113889000,0.0
1629113919000,0.0006027727546714887
1629113949000,0.0006060606060606062
1629113979000,0.0
1629114009000,0.0
1629114039000,0.0006101281269066504
1629114069000,0.0
1629114099000,0.0
1629114129000,0.0006161429451632778
1629114159000,0.0
1629114189000,0.0
1629114219000,0.0006086427267194157
1629114249000,0.0
1629114279000,0.0006009615384615385
1629114309000,0.0
1629114339000,0.0
1629114369000,0.0
1629114399000,0.0
1629114429000,0.0
1629114459000,0.0
1629114489000,0.0
1629114519000,0.0
1629114549000,0.0006056935190793457
1629114579000,0.0006180469715698393
1629114609000,0.0
1629114639000,0.0
1629114669000,0.0
1629114699000,0.0
1629114729000,0.0006013229104028864
1629114759000,0.0006067961165048543
1629114789000,0.0
1629114819000,0.0
1629114849000,0.0
1629114879000,0.0
1629114909000,0.0
1629114939000,0.0
1629114969000,0.0
1629114999000,0.0
1629115029000,0.0006060606060606062
1629115059000,0.0
1629115089000,0.0006230529595015578
1629115119000,0.0
1629115149000,0.0
1629115179000,0.0
1629115209000,0.0006153846153846153
1629115239000,0.0
1629115269000,0.0
1629115299000,0.0006211180124223603
1629115329000,0.0
1629115359000,0.0
1629115389000,0.0
1629115419000,0.0
1629115449000,0.0006169031462060457
1629115479000,0.0
1629115509000,0.0
1629115539000,0.0
1629115569000,0.0006119951040391675
1629115599000,0.0
1629115629000,0.0006184291898577612
1629115659000,0.0
1629115689000,0.0006105006105006105
1629115719000,0.0
1629115749000,0.0
1629115779000,0.0
1629115809000,0.0
1629115839000,0.0
1629115869000,0.0006215040397762585
1629115899000,0.0
1629115929000,0.0006180469715698393
1629115959000,0.0
1629115989000,0.0
1629116019000,0.0
1629116049000,0.0006101281269066504
1629116079000,0.0006191950464396285
1629116109000,0.0
1629116139000,0.0006222775357809582
1629116169000,0.0
1629116199000,0.0006161429451632778
1629116229000,0.0
1629116259000,0.0
1629116289000,0.0006153846153846153
1629116319000,0.0
1629116349000,0.0
1629116379000,0.0006024096385542169
1629116409000,0.0
1629116439000,0.0
1629116469000,0.0
1629116499000,0.0
1629116529000,0.0
1629116559000,0.0006119951040391675
1629116589000,0.0
1629116619000,0.0
1629116649000,0.0
1629116679000,0.0
1629116709000,0.0
1629116739000,0.0
1629116769000,0.0
1629116799000,0.0
1629116829000,0.0
1629116859000,0.0006101281269066504
1629116889000,0.0
1629116919000,0.0
1629116949000,0.0
1629116979000,0.0
1629117009000,0.0
1629117039000,0.0
1629117069000,0.0
1629117099000,0.0006211180124223603
1629117129000,0.0
1629117159000,0.0
1629117189000,0.0
1629117219000,0.0
1629117249000,0.0
1629117279000,0.0
1629117309000,0.0
1629117339000,0.0
1629117369000,0.0
1629117399000,0.0012315270935960591
1629117429000,0.0
1629117459000,0.0006142506142506142
1629117489000,0.0
1629117519000,0.0
1629117549000,0.0006086427267194157
1629117579000,0.0
1629117609000,0.0005963029218843173
1629117639000,0.0
1629117669000,0.0
1629117699000,0.0
1629117729000,0.0006191950464396285
1629117759000,0.0
1629117789000,0.0
1629117819000,0.0
1629117849000,0.0
1629117879000,0.0
1629117909000,0.0
1629117939000,0.0006035003017501509
1629117969000,0.0
1629117999000,0.0
1629118029000,0.0
1629118059000,0.0
1629118089000,0.0
1629118119000,0.0006101281269066504
1629118149000,0.0006150061500615006
1629118179000,0.0
1629118209000,0.0
1629118239000,0.0
1629118269000,0.0
1629118299000,0.0
1629118329000,0.0006150061500615006
1629118359000,0.0
1629118389000,0.0006035003017501509
1629118419000,0.0
1629118449000,0.0
1629118479000,0.0
1629118509000,0.0
1629118539000,0.0006169031462060457
1629118569000,0.0006234413965087283
1629118599000,0.0
1629118629000,0.0006097560975609756
1629118659000,0.0006138735420503376
1629118689000,0.0
1629118719000,0.0
1629118749000,0.0
1629118779000,0.0
1629118809000,0.0
1629118839000,0.0006079027355623102
1629118869000,0.0
1629118899000,0.0
1629118929000,0.0006215040397762585
1629118959000,0.0006199628022318662
1629118989000,0.0006180469715698393
1629119019000,0.0006161429451632778
1629119049000,0.0006146281499692684
1629119079000,0.0
1629119109000,0.0005995203836930455
1629119139000,0.0
1629119169000,0.0006123698714023269
1629119199000,0.0
1629119229000,0.0
1629119259000,0.0
1629119289000,0.0
1629119319000,0.0006086427267194157
1629119349000,0.0006097560975609756
1629119379000,0.0006090133982947625
1629119409000,0.0
1629119439000,0.0
1629119469000,0.0006101281269066504
1629119499000,0.0
1629119529000,0.0006082725060827251
1629119559000,0.0
1629119589000,0.0006203473945409428
1629119619000,0.0012338062924120911
1629119649000,0.0006045949214026603
1629119679000,0.0
1629119709000,0.0006105006105006105
1629119739000,0.0
1629119769000,0.0006150061500615006
1629119799000,0.0
1629119829000,0.0
1629119859000,0.0006116207951070336
1629119889000,0.0
1629119919000,0.0006079027355623102
1629119949000,0.0005991611743559018
1629119979000,0.0006211180124223603
1629120009000,0.0
1629120039000,0.0
1629120069000,0.0
1629120099000,0.0006049606775559589
1629120129000,0.0
1629120159000,0.0
1629120189000,0.0006093845216331506
1629120219000,0.0006042296072507553
1629120249000,0.0006234413965087283
1629120279000,0.0
1629120309000,0.0
1629120339000,0.0
1629120369000,0.0
1629120399000,0.0
1629120429000,0.0
1629120459000,0.0
1629120489000,0.0
1629120519000,0.0012217470983506415
1629120549000,0.0
1629120579000,0.0
1629120609000,0.0
1629120639000,0.0006191950464396285
1629120669000,0.0
1629120699000,0.0006138735420503376
1629120729000,0.0
1629120759000,0.0
1629120789000,0.0006105006105006105
1629120819000,0.0
1629120849000,0.0006097560975609756
1629120879000,0.0
1629120909000,0.0
1629120939000,0.0
1629120969000,0.0006127450980392157
1629120999000,0.0006188118811881187
1629121029000,0.0
1629121059000,0.0
1629121089000,0.0
1629121119000,0.0
1629121149000,0.0
1629121179000,0.0
1629121209000,0.0
1629121239000,0.0006067961165048543
1629121269000,0.0006086427267194157
1629121299000,0.0006067961165048543
1629121329000,0.0006105006105006105
1629121359000,0.0006234413965087283
1629121389000,0.0012217470983506415
1629121419000,0.0
1629121449000,0.0006153846153846153
1629121479000,0.0
1629121509000,0.0006184291898577612
1629121539000,0.0006195786864931846
1629121569000,0.0
1629121599000,0.0
1629121629000,0.0
1629121659000,0.0006184291898577612
1629121689000,0.0
1629121719000,0.0
1629121749000,0.0012277470841006752
1629121779000,0.0
1629121809000,0.0006123698714023269
1629121839000,0.0
1629121869000,0.0
1629121899000,0.0006230529595015578
1629121929000,0.0006176652254478072
1629121959000,0.0
1629121989000,0.0
1629122019000,0.0
1629122049000,0.0
1629122079000,0.0
1629122109000,0.0006199628022318662
1629122139000,0.0006049606775559589
1629122169000,0.0006172839506172839
1629122199000,0.0006075334143377885
1629122229000,0.0
1629122259000,0.0
1629122289000,0.0
1629122319000,0.0006180469715698393
1629122349000,0.0
1629122379000,0.0
1629122409000,0.0
1629122439000,0.0
1629122469000,0.0012315270935960591
1629122499000,0.0006207324643078832
1629122529000,0.0
1629122559000,0.0
1629122589000,0.0006134969325153375
1629122619000,0.0006218905472636817
1629122649000,0.0006138735420503376
1629122679000,0.0006116207951070336
1629122709000,0.0006093845216331506
1629122739000,0.0
1629122769000,0.0
1629122799000,0.0006071645415907711
1629122829000,0.0006123698714023269
1629122859000,0.0
1629122889000,0.0006203473945409428
1629122919000,0.0006097560975609756
1629122949000,0.0
1629122979000,0.0
1629123009000,0.0
1629123039000,0.0
1629123069000,0.0006188118811881187
1629123099000,0.0
1629123129000,0.0
1629123159000,0.0
1629123189000,0.0006071645415907711
1629123219000,0.0006038647342995169
1629123249000,0.0
1629123279000,0.0006090133982947625
1629123309000,0.0006097560975609756
1629123339000,0.0006218905472636817
1629123369000,0.0
1629123399000,0.0
1629123429000,0.0
1629123459000,0.0
1629123489000,0.0
1629123519000,0.0
1629123549000,0.0
1629123579000,0.0
1629123609000,0.0006112469437652813
1629123639000,0.0006093845216331506
1629123669000,0.0
1629123699000,0.0
1629123729000,0.0006035003017501509
1629123759000,0.0
1629123789000,0.0
1629123819000,0.0
1629123849000,0.0006180469715698393
1629123879000,0.0006123698714023269
1629123909000,0.0
1629123939000,0.0
1629123969000,0.0
1629123999000,0.0
1629124029000,0.0006086427267194157
1629124059000,0.0006142506142506142
1629124089000,0.0006153846153846153
1629124119000,0.0
1629124149000,0.0
1629124179000,0.0
1629124209000,0.0006016847172081829
1629124239000,0.0012195121951219512
1629124269000,0.0
1629124299000,0.0
1629124329000,0.0
1629124359000,0.0006195786864931846
1629124389000,0.0006134969325153375
1629124419000,0.0012091898428053206
1629124449000,0.0006199628022318662
1629124479000,0.0
1629124509000,0.0
1629124539000,0.0012307692307692306
1629124569000,0.0
1629124599000,0.0006131207847946045
1629124629000,0.0
1629124659000,0.0
1629124689000,0.0
1629124719000,0.0
1629124749000,0.0
1629124779000,0.0
1629124809000,0.0
1629124839000,0.0
1629124869000,0.0006079027355623102
1629124899000,0.0
1629124929000,0.0
1629124959000,0.0006116207951070336
1629124989000,0.0
1629125019000,0.0006045949214026603
1629125049000,0.0
1629125079000,0.0
1629125109000,0.0
1629125139000,0.0006184291898577612
1629125169000,0.0
1629125199000,0.0
1629125229000,0.0
1629125259000,0.0006101281269066504
1629125289000,0.0
1629125319000,0.0006138735420503376
1629125349000,0.0
1629125379000,0.0006153846153846153
1629125409000,0.0
1629125439000,0.0
1629125469000,0.0
1629125499000,0.0
1629125529000,0.0006045949214026603
1629125559000,0.0
1629125589000,0.0012165450121654502
1629125619000,0.0006123698714023269
1629125649000,0.0006049606775559589
1629125679000,0.0
1629125709000,0.0
1629125739000,0.0006079027355623102
1629125769000,0.0012195121951219512
1629125799000,0.0
1629125829000,0.0
1629125859000,0.0012353304508956149
1629125889000,0.0
1629125919000,0.0
1629125949000,0.0006134969325153375
1629125979000,0.0006172839506172839
1629126009000,0.0
1629126039000,0.0
1629126069000,0.0
1629126099000,0.0
1629126129000,0.0006071645415907711
1629126159000,0.0006207324643078832
1629126189000,0.0
1629126219000,0.0
1629126249000,0.0
1629126279000,0.0
1629126309000,0.0
1629126339000,0.0006105006105006105
1629126369000,0.0012368583797155227
1629126399000,0.0
1629126429000,0.0006082725060827251
1629126459000,0.0006176652254478072
1629126489000,0.0
1629126519000,0.0006042296072507553
1629126549000,0.0
1629126579000,0.0
1629126609000,0.0006191950464396285
1629126639000,0.0
1629126669000,0.0
1629126699000,0.0006157635467980296
1629126729000,0.0
1629126759000,0.0
1629126789000,0.0006127450980392157
1629126819000,0.0
1629126849000,0.0
1629126879000,0.0006238303181534623
1629126909000,0.0
1629126939000,0.0
1629126969000,0.0006180469715698393
1629126999000,0.0006020469596628537
1629127029000,0.0
1629127059000,0.0
1629127089000,0.0
1629127119000,0.0006053268765133173
1629127149000,0.0006207324643078832
1629127179000,0.0
1629127209000,0.0
1629127239000,0.0
1629127269000,0.0005998800239952009
1629127299000,0.0
1629127329000,0.0005995203836930455
1629127359000,0.0
1629127389000,0.0006188118811881187
1629127419000,0.0006101281269066504
1629127449000,0.0006119951040391675
1629127479000,0.0
1629127509000,0.0
1629127539000,0.0006157635467980296
1629127569000,0.0
1629127599000,0.0
1629127629000,0.0
1629127659000,0.0
1629127689000,0.0
1629127719000,0.0
1629127749000,0.0
1629127779000,0.0
1629127809000,0.0
1629127839000,0.0
1629127869000,0.0
1629127899000,0.0006016847172081829
1629127929000,0.0
1629127959000,0.0006105006105006105
1629127989000,0.0
1629128019000,0.0006203473945409428
1629128049000,0.0
1629128079000,0.0
1629128109000,0.0006108735491753207
1629128139000,0.0
1629128169000,0.0
1629128199000,0.0006222775357809582
1629128229000,0.0
1629128259000,0.0
1629128289000,0.0
1629128319000,0.0
1629128349000,0.0
1629128379000,0.0006108735491753207
1629128409000,0.0
1629128439000,0.0
1629128469000,0.0006172839506172839
1629128499000,0.0
1629128529000,0.0006082725060827251
1629128559000,0.0
1629128589000,0.0
1629128619000,0.0
1629128649000,0.0006086427267194157
1629128679000,0.0
1629128709000,0.0005988023952095807
1629128739000,0.0
1629128769000,0.0
1629128799000,0.0
1629128829000,0.0
1629128859000,0.0006082725060827251
1629128889000,0.0
1629128919000,0.0
1629128949000,0.0
1629128979000,0.0006086427267194157
1629129009000,0.0
1629129039000,0.0
1629129069000,0.0
1629129099000,0.0
1629129129000,0.0006101281269066504
1629129159000,0.0006172839506172839
1629129189000,0.0
1629129219000,0.0
1629129249000,0.0
1629129279000,0.0
1629129309000,0.0006079027355623102
1629129339000,0.0
1629129369000,0.0006134969325153375
1629129399000,0.0
1629129429000,0.0
1629129459000,0.0006215040397762585
1629129489000,0.0
1629129519000,0.0006016847172081829
1629129549000,0.0
1629129579000,0.0
1629129609000,0.0
1629129639000,0.0
1629129669000,0.0
1629129699000,0.0006090133982947625
1629129729000,0.0
1629129759000,0.0006161429451632778
1629129789000,0.0006191950464396285
1629129819000,0.0
1629129849000,0.0006090133982947625
1629129879000,0.0006067961165048543
1629129909000,0.0
1629129939000,0.0
1629129969000,0.0006049606775559589
1629129999000,0.0
1629130029000,0.0
1629130059000,0.0
1629130089000,0.0
1629130119000,0.0006131207847946045
1629130149000,0.0
1629130179000,0.0
1629130209000,0.0
1629130239000,0.0
1629130269000,0.0
1629130299000,0.0
1629130329000,0.0012106537530266347
1629130359000,0.0006067961165048543
1629130389000,0.0
1629130419000,0.0
1629130449000,0.0006165228113440197
1629130479000,0.0006188118811881187
1629130509000,0.0
1629130539000,0.0
1629130569000,0.0
1629130599000,0.0006101281269066504
1629130629000,0.0
1629130659000,0.0
1629130689000,0.0
1629130719000,0.0
1629130749000,0.0
1629130779000,0.0006064281382656155
1629130809000,0.0006195786864931846
1629130839000,0.0
1629130869000,0.0
1629130899000,0.0006180469715698393
1629130929000,0.0
1629130959000,0.0006031363088057902
1629130989000,0.0
1629131019000,0.0
1629131049000,0.0
1629131079000,0.0
1629131109000,0.0
1629131139000,0.0006116207951070336
1629131169000,0.0006031363088057902
1629131199000,0.0
1629131229000,0.0
1629131259000,0.0
1629131289000,0.0006101281269066504
1629131319000,0.0006146281499692684
1629131349000,0.0
1629131379000,0.0
1629131409000,0.0
1629131439000,0.0
1629131469000,0.0
1629131499000,0.0
1629131529000,0.0
1629131559000,0.0006016847172081829
1629131589000,0.0005973715651135006
1629131619000,0.0
1629131649000,0.0
1629131679000,0.0006188118811881187
1629131709000,0.0
1629131739000,0.0
1629131769000,0.0006127450980392157
1629131799000,0.0
1629131829000,0.0
1629131859000,0.0
1629131889000,0.0006002400960384152
1629131919000,0.0
1629131949000,0.0
1629131979000,0.0
1629132009000,0.0
1629132039000,0.0006093845216331506
1629132069000,0.0006142506142506142
1629132099000,0.0
1629132129000,0.0006142506142506142
1629132159000,0.0
1629132189000,0.0
1629132219000,0.0006105006105006105
1629132249000,0.0
1629132279000,0.0
1629132309000,0.0
1629132339000,0.0
1629132369000,0.0
1629132399000,0.0
1629132429000,0.0
1629132459000,0.0006131207847946045
1629132489000,0.0
1629132519000,0.0006045949214026603
1629132549000,0.0006097560975609756
1629132579000,0.0
1629132609000,0.0006013229104028864
1629132639000,0.0
1629132669000,0.0
1629132699000,0.0
1629132729000,0.0
1629132759000,0.0006097560975609756
1629132789000,0.0
1629132819000,0.0
1629132849000,0.0
1629132879000,0.0
1629132909000,0.0006153846153846153
1629132939000,0.0006067961165048543
1629132969000,0.0006138735420503376
1629132999000,0.0
1629133029000,0.0006123698714023269
1629133059000,0.0
1629133089000,0.0006127450980392157
1629133119000,0.0006082725060827251
1629133149000,0.0
1629133179000,0.0
1629133209000,0.0
1629133239000,0.0
1629133269000,0.0
1629133299000,0.0
1629133329000,0.001215066828675577
1629133359000,0.0
1629133389000,0.0005991611743559018
1629133419000,0.0
1629133449000,0.0
1629133479000,0.0006090133982947625
1629133509000,0.0
1629133539000,0.0
1629133569000,0.0
1629133599000,0.0
1629133629000,0.0
1629133659000,0.0
1629133689000,0.0
1629133719000,0.0
1629133749000,0.0
1629133779000,0.0006257822277847308
1629133809000,0.0
1629133839000,0.0
1629133869000,0.0006075334143377885
1629133899000,0.0
1629133929000,0.0
1629133959000,0.0
1629133989000,0.0
1629134019000,0.0
1629134049000,0.0
1629134079000,0.0
1629134109000,0.0012077294685990338
1629134139000,0.0006172839506172839
1629134169000,0.0006242197253433209
1629134199000,0.0
1629134229000,0.0
1629134259000,0.0
1629134289000,0.0006031363088057902
1629134319000,0.0
1629134349000,0.0006172839506172839
1629134379000,0.0
1629134409000,0.0
1629134439000,0.0006127450980392157
1629134469000,0.0
1629134499000,0.0
1629134529000,0.0006188118811881187
1629134559000,0.0
1629134589000,0.0
1629134619000,0.0
1629134649000,0.0
1629134679000,0.0
1629134709000,0.0006127450980392157
1629134739000,0.0006176652254478072
1629134769000,0.0
1629134799000,0.0
1629134829000,0.0
1629134859000,0.0
1629134889000,0.0012368583797155227
1629134919000,0.0
1629134949000,0.0012195121951219512
1629134979000,0.0
1629135009000,0.0
1629135039000,0.0
1629135069000,0.0
1629135099000,0.0
1629135129000,0.0006093845216331506
1629135159000,0.0
1629135189000,0.0
1629135219000,0.0006067961165048543
1629135249000,0.0
1629135279000,0.0006199628022318662
1629135309000,0.0
1629135339000,0.0
1629135369000,0.0
1629135399000,0.0
1629135429000,0.0
1629135459000,0.0
1629135489000,0.0006153846153846153
1629135519000,0.0
1629135549000,0.0
1629135579000,0.0
1629135609000,0.0006157635467980296
1629135639000,0.0006123698714023269
1629135669000,0.0
1629135699000,0.0
1629135729000,0.0006142506142506142
1629135759000,0.0006060606060606062
1629135789000,0.0006153846153846153
1629135819000,0.0006153846153846153
1629135849000,0.0
1629135879000,0.0
1629135909000,0.0
1629135939000,0.0
1629135969000,0.0
1629135999000,0.0
1629136029000,0.0006134969325153375
1629136059000,0.0
1629136089000,0.0
1629136119000,0.0
1629136149000,0.0
1629136179000,0.0
1629136209000,0.0
1629136239000,0.0
1629136269000,0.0
1629136299000,0.0
1629136329000,0.0012292562999385369
1629136359000,0.0006191950464396285
1629136389000,0.0006127450980392157
1629136419000,0.0
1629136449000,0.0006067961165048543
1629136479000,0.0
1629136509000,0.0
1629136539000,0.0
1629136569000,0.0006093845216331506
1629136599000,0.0
1629136629000,0.0006176652254478072
1629136659000,0.0
1629136689000,0.0
1629136719000,0.0
1629136749000,0.0
1629136779000,0.0
1629136809000,0.0
1629136839000,0.0006105006105006105
1629136869000,0.0012300123001230013
1629136899000,0.0
1629136929000,0.0006142506142506142
1629136959000,0.0006045949214026603
1629136989000,0.0
1629137019000,0.0006127450980392157
1629137049000,0.0006060606060606062
1629137079000,0.0
1629137109000,0.0
1629137139000,0.0
1629137169000,0.0
1629137199000,0.0
1629137229000,0.0006150061500615006
1629137259000,0.0
1629137289000,0.0
1629137319000,0.0
1629137349000,0.0
1629137379000,0.0
1629137409000,0.0006123698714023269
1629137439000,0.0006031363088057902
1629137469000,0.0
1629137499000,0.0
1629137529000,0.0
1629137559000,0.0
1629137589000,0.0
1629137619000,0.0
1629137649000,0.0
1629137679000,0.0006097560975609756
1629137709000,0.0
1629137739000,0.0
1629137769000,0.0006105006105006105
1629137799000,0.0
1629137829000,0.0
1629137859000,0.0
1629137889000,0.0006180469715698393
1629137919000,0.0012345679012345679
1629137949000,0.0
1629137979000,0.0
1629138009000,0.0
1629138039000,0.0006119951040391675
1629138069000,0.0006169031462060457
1629138099000,0.0006038647342995169
1629138129000,0.0
1629138159000,0.0006067961165048543
1629138189000,0.0006108735491753207
1629138219000,0.0
1629138249000,0.0
1629138279000,0.0
1629138309000,0.0005941770647653001
1629138339000,0.0
1629138369000,0.0006161429451632778
1629138399000,0.0
1629138429000,0.0
1629138459000,0.0
1629138489000,0.0
1629138519000,0.0006134969325153375
1629138549000,0.0
1629138579000,0.0
1629138609000,0.0
1629138639000,0.0
1629138669000,0.0
1629138699000,0.0
1629138729000,0.0
1629138759000,0.0
1629138789000,0.0
1629138819000,0.0
1629138849000,0.0006064281382656155
1629138879000,0.0006056935190793457
1629138909000,0.0
1629138939000,0.0006093845216331506
1629138969000,0.0
1629138999000,0.0006234413965087283
1629139029000,0.0006199628022318662
1629139059000,0.0
1629139089000,0.0012135922330097086
1629139119000,0.0006134969325153375
1629139149000,0.0
1629139179000,0.0
1629139209000,0.0
1629139239000,0.0006082725060827251
1629139269000,0.0
1629139299000,0.0
1629139329000,0.0
1629139359000,0.0
1629139389000,0.0005988023952095807
1629139419000,0.0
1629139449000,0.0
1629139479000,0.0006150061500615006
1629139509000,0.0006131207847946045
1629139539000,0.0
1629139569000,0.0
1629139599000,0.0
1629139629000,0.0
1629139659000,0.0
1629139689000,0.0
1629139719000,0.001215066828675577
1629139749000,0.0
1629139779000,0.0
1629139809000,0.0
1629139839000,0.0
1629139869000,0.0006157635467980296
1629139899000,0.0
1629139929000,0.0
1629139959000,0.0006203473945409428
1629139989000,0.0
1629140019000,0.0
1629140049000,0.0005988023952095807
1629140079000,0.0
1629140109000,0.0006035003017501509
1629140139000,0.0006176652254478072
1629140169000,0.0
1629140199000,0.0
1629140229000,0.0
1629140259000,0.0006226650062266501
1629140289000,0.0006031363088057902
1629140319000,0.0006093845216331506
1629140349000,0.0006176652254478072
1629140379000,0.0006153846153846153
1629140409000,0.0
1629140439000,0.0
1629140469000,0.0
1629140499000,0.0
1629140529000,0.0
1629140559000,0.0
1629140589000,0.0006169031462060457
1629140619000,0.0
1629140649000,0.0
1629140679000,0.0
1629140709000,0.0
1629140739000,0.0006153846153846153
1629140769000,0.0
1629140799000,0.0
1629140829000,0.0
1629140859000,0.0
1629140889000,0.0
1629140919000,0.0006086427267194157
1629140949000,0.0
1629140979000,0.0006211180124223603
1629141009000,0.0
1629141039000,0.0006079027355623102
1629141069000,0.0006161429451632778
1629141099000,0.0006195786864931846
1629141129000,0.0
1629141159000,0.0006108735491753207
1629141189000,0.0
1629141219000,0.0
1629141249000,0.0
1629141279000,0.0
1629141309000,0.0006146281499692684
1629141339000,0.0006035003017501509
1629141369000,0.0
1629141399000,0.0
1629141429000,0.0
1629141459000,0.0006031363088057902
1629141489000,0.0006188118811881187
1629141519000,0.0
1629141549000,0.0
1629141579000,0.0
1629141609000,0.0
1629141639000,0.0
1629141669000,0.0
1629141699000,0.0
1629141729000,0.0006020469596628537
1629141759000,0.0
1629141789000,0.0006195786864931846
1629141819000,0.0
1629141849000,0.0
1629141879000,0.0
1629141909000,0.0006067961165048543
1629141939000,0.0
1629141969000,0.0
1629141999000,0.0006142506142506142
1629142029000,0.0
1629142059000,0.0006131207847946045
1629142089000,0.0
1629142119000,0.0006064281382656155
1629142149000,0.0
1629142179000,0.0
1629142209000,0.0
1629142239000,0.0
1629142269000,0.0
1629142299000,0.0
1629142329000,0.0
1629142359000,0.0
1629142389000,0.0
1629142419000,0.0006146281499692684
1629142449000,0.0
1629142479000,0.0
1629142509000,0.0
1629142539000,0.0
1629142569000,0.0006097560975609756
1629142599000,0.0
1629142629000,0.0006056935190793457
1629142659000,0.0
1629142689000,0.0
1629142719000,0.0
1629142749000,0.0006116207951070336
1629142779000,0.0
1629142809000,0.0012135922330097086
1629142839000,0.0006203473945409428
1629142869000,0.0
1629142899000,0.0
1629142929000,0.0006176652254478072
1629142959000,0.0
1629142989000,0.0
1629143019000,0.0006045949214026603
1629143049000,0.0
1629143079000,0.0006082725060827251
1629143109000,0.0
1629143139000,0.0
1629143169000,0.0006257822277847308
1629143199000,0.0
1629143229000,0.0
1629143259000,0.0
1629143289000,0.0
1629143319000,0.0
1629143349000,0.0
1629143379000,0.0006049606775559589
1629143409000,0.0
1629143439000,0.0
1629143469000,0.0
1629143499000,0.0
1629143529000,0.0
1629143559000,0.0006150061500615006
1629143589000,0.0
1629143619000,0.0
1629143649000,0.0
1629143679000,0.0006101281269066504
1629143709000,0.0
1629143739000,0.0006161429451632778
1629143769000,0.0006207324643078832
1629143799000,0.0006042296072507553
1629143829000,0.0006153846153846153
1629143859000,0.0
1629143889000,0.0006138735420503376
1629143919000,0.0
1629143949000,0.0
1629143979000,0.0
1629144009000,0.0
1629144039000,0.0
1629144069000,0.0
1629144099000,0.0006269592476489029
1629144129000,0.0
1629144159000,0.0
1629144189000,0.0012202562538133007
1629144219000,0.0
1629144249000,0.0
1629144279000,0.0
1629144309000,0.0
1629144339000,0.0
1629144369000,0.0
1629144399000,0.0006112469437652813
1629144429000,0.0
1629144459000,0.0
1629144489000,0.0
1629144519000,0.0
1629144549000,0.0006138735420503376
1629144579000,0.0
1629144609000,0.0006127450980392157
1629144639000,0.0006002400960384152
1629144669000,0.0
1629144699000,0.0006049606775559589
1629144729000,0.0
1629144759000,0.0
1629144789000,0.0006056935190793457
1629144819000,0.0006230529595015578
1629144849000,0.0006067961165048543
1629144879000,0.0
1629144909000,0.0
1629144939000,0.0
1629144969000,0.0
1629144999000,0.0
1629145029000,0.0011976047904191614
1629145059000,0.0
1629145089000,0.0006142506142506142
1629145119000,0.0006112469437652813
1629145149000,0.0006071645415907711
1629145179000,0.0
1629145209000,0.0
1629145239000,0.0
1629145269000,0.0
1629145299000,0.0
1629145329000,0.0006180469715698393
1629145359000,0.0
1629145389000,0.0
1629145419000,0.0006157635467980296
1629145449000,0.0
1629145479000,0.0
1629145509000,0.0006184291898577612
1629145539000,0.0
1629145569000,0.0
1629145599000,0.0
1629145629000,0.0006146281499692684
1629145659000,0.0
1629145689000,0.0
1629145719000,0.0
1629145749000,0.0
1629145779000,0.0
1629145809000,0.0
1629145839000,0.0
1629145869000,0.0006035003017501509
1629145899000,0.0
1629145929000,0.0
1629145959000,0.0
1629145989000,0.0
1629146019000,0.0
1629146049000,0.0
1629146079000,0.0
1629146109000,0.0006153846153846153
1629146139000,0.0
1629146169000,0.0
1629146199000,0.0006027727546714887
1629146229000,0.0006161429451632778
1629146259000,0.0
1629146289000,0.0
1629146319000,0.0006071645415907711
1629146349000,0.0
1629146379000,0.0
1629146409000,0.0
1629146439000,0.0006038647342995169
1629146469000,0.0006053268765133173
1629146499000,0.0
1629146529000,0.0
1629146559000,0.0
1629146589000,0.0
1629146619000,0.0
1629146649000,0.0
1629146679000,0.0
1629146709000,0.0006093845216331506
1629146739000,0.0006086427267194157
1629146769000,0.0006119951040391675
1629146799000,0.0
1629146829000,0.0
1629146859000,0.0
1629146889000,0.0006093845216331506
1629146919000,0.0
1629146949000,0.0
1629146979000,0.0006049606775559589
1629147009000,0.0
1629147039000,0.0
1629147069000,0.0
1629147099000,0.0
1629147129000,0.0
1629147159000,0.0
1629147189000,0.0
1629147219000,0.0
1629147249000,0.0
1629147279000,0.0
1629147309000,0.0006157635467980296
1629147339000,0.0006191950464396285
1629147369000,0.0
1629147399000,0.0
1629147429000,0.0006199628022318662
1629147459000,0.0006086427267194157
1629147489000,0.0
1629147519000,0.0006131207847946045
1629147549000,0.0
1629147579000,0.0006064281382656155
1629147609000,0.0
1629147639000,0.0
1629147669000,0.0
1629147699000,0.0
1629147729000,0.0
1629147759000,0.0006060606060606062
1629147789000,0.0006071645415907711
1629147819000,0.0006153846153846153
1629147849000,0.0
1629147879000,0.0006105006105006105
1629147909000,0.0
1629147939000,0.0
1629147969000,0.0006184291898577612
1629147999000,0.0
1629148029000,0.001226993865030675
1629148059000,0.0006075334143377885
1629148089000,0.0
1629148119000,0.0006042296072507553
1629148149000,0.0
1629148179000,0.0
1629148209000,0.0
1629148239000,0.0
1629148269000,0.0
1629148299000,0.0006131207847946045
1629148329000,0.0
1629148359000,0.000625
1629148389000,0.0006031363088057902
1629148419000,0.0006146281499692684
1629148449000,0.0006082725060827251
1629148479000,0.0
1629148509000,0.0
1629148539000,0.0
1629148569000,0.0
1629148599000,0.0006112469437652813
1629148629000,0.0
1629148659000,0.0
1629148689000,0.0
1629148719000,0.0
1629148749000,0.0
1629148779000,0.0
1629148809000,0.0
1629148839000,0.0
1629148869000,0.0
1629148899000,0.0
1629148929000,0.0
1629148959000,0.0
1629148989000,0.0
1629149019000,0.0
1629149049000,0.0006242197253433209
1629149079000,0.0006020469596628537
1629149109000,0.0
1629149139000,0.0006150061500615006
1629149169000,0.001218026796589525
1629149199000,0.0006146281499692684
1629149229000,0.0
1629149259000,0.0
1629149289000,0.0012437810945273634
1629149319000,0.0
1629149349000,0.0
1629149379000,0.0006013229104028864
1629149409000,0.0
1629149439000,0.0
1629149469000,0.0006146281499692684
1629149499000,0.0006101281269066504
1629149529000,0.0
1629149559000,0.0
1629149589000,0.0
1629149619000,0.0
1629149649000,0.0
1629149679000,0.0
1629149709000,0.0
1629149739000,0.0
1629149769000,0.0
1629149799000,0.0
1629149829000,0.0
1629149859000,0.0
1629149889000,0.0
1629149919000,0.0
1629149949000,0.0006064281382656155
1629149979000,0.0006123698714023269
1629150009000,0.0
1629150039000,0.0006191950464396285
1629150069000,0.0
1629150099000,0.0
1629150129000,0.0
1629150159000,0.0
1629150189000,0.0006191950464396285
1629150219000,0.0
1629150249000,0.0
1629150279000,0.0
1629150309000,0.0005920663114268798
1629150339000,0.0
1629150369000,0.0012135922330097086
1629150399000,0.0
1629150429000,0.0
1629150459000,0.0006138735420503376
1629150489000,0.0
1629150519000,0.0
1629150549000,0.0
1629150579000,0.0006097560975609756
1629150609000,0.0
1629150639000,0.0
1629150669000,0.0006038647342995169
1629150699000,0.0
1629150729000,0.0
1629150759000,0.0006108735491753207
1629150789000,0.0006131207847946045
1629150819000,0.0
1629150849000,0.0
1629150879000,0.0006097560975609756
1629150909000,0.0
1629150939000,0.0
1629150969000,0.0
1629150999000,0.0
1629151029000,0.0
1629151059000,0.0
1629151089000,0.0006138735420503376
1629151119000,0.0006056935190793457
1629151149000,0.0
1629151179000,0.0
1629151209000,0.0
1629151239000,0.0
1629151269000,0.0
1629151299000,0.0006060606060606062
1629151329000,0.001238390092879257
1629151359000,0.0
1629151389000,0.0
1629151419000,0.0005980861244019139
1629151449000,0.0
1629151479000,0.0
1629151509000,0.0
1629151539000,0.0006093845216331506
1629151569000,0.0
1629151599000,0.0
1629151629000,0.0
1629151659000,0.0006093845216331506
1629151689000,0.0
1629151719000,0.0
1629151749000,0.0
1629151779000,0.0
1629151809000,0.0006116207951070336
1629151839000,0.0006157635467980296
1629151869000,0.0
1629151899000,0.0
1629151929000,0.0006146281499692684
1629151959000,0.0
1629151989000,0.0006090133982947625
1629152019000,0.0
1629152049000,0.0
1629152079000,0.0
1629152109000,0.0
1629152139000,0.0
1629152169000,0.0006199628022318662
1629152199000,0.0006064281382656155
1629152229000,0.0
1629152259000,0.0006009615384615385
1629152289000,0.0
1629152319000,0.0
1629152349000,0.0006180469715698393
1629152379000,0.0
1629152409000,0.0012232415902140672
1629152439000,0.0
1629152469000,0.0006246096189881324
1629152499000,0.0
1629152529000,0.0
1629152559000,0.0006153846153846153
1629152589000,0.0
1629152619000,0.0006064281382656155
1629152649000,0.0
1629152679000,0.0
1629152709000,0.0
1629152739000,0.0
1629152769000,0.0
1629152799000,0.0
1629152829000,0.0006176652254478072
1629152859000,0.0006131207847946045
1629152889000,0.0006203473945409428
1629152919000,0.0
1629152949000,0.0
1629152979000,0.0
1629153009000,0.0
1629153039000,0.0
1629153069000,0.0
1629153099000,0.0
1629153129000,0.0006105006105006105
1629153159000,0.0006203473945409428
1629153189000,0.0
1629153219000,0.0
1629153249000,0.0006176652254478072
1629153279000,0.0006226650062266501
1629153309000,0.0
1629153339000,0.0
1629153369000,0.0006042296072507553
1629153399000,0.0
1629153429000,0.0
1629153459000,0.0
1629153489000,0.0
1629153519000,0.0006067961165048543
1629153549000,0.0006105006105006105
1629153579000,0.0006056935190793457
1629153609000,0.0
1629153639000,0.0
1629153669000,0.0
1629153699000,0.0
1629153729000,0.0006131207847946045
1629153759000,0.0
1629153789000,0.0006157635467980296
1629153819000,0.0005995203836930455
1629153849000,0.0
1629153879000,0.0
1629153909000,0.0
1629153939000,0.0
1629153969000,0.0006131207847946045
1629153999000,0.0006188118811881187
1629154029000,0.0
1629154059000,0.0006199628022318662
1629154089000,0.0
1629154119000,0.0
1629154149000,0.0
1629154179000,0.0
1629154209000,0.0
1629154239000,0.0006142506142506142
1629154269000,0.0006086427267194157
1629154299000,0.0012004801920768304
1629154329000,0.0006093845216331506
1629154359000,0.0
1629154389000,0.0012368583797155227
1629154419000,0.0
1629154449000,0.0
1629154479000,0.0006199628022318662
1629154509000,0.0
1629154539000,0.0
1629154569000,0.0
1629154599000,0.0006150061500615006
1629154629000,0.0
1629154659000,0.0
1629154689000,0.0006134969325153375
1629154719000,0.0012247397428046538
1629154749000,0.0
1629154779000,0.0
1629154809000,0.0006082725060827251
1629154839000,0.0
1629154869000,0.0
1629154899000,0.0006105006105006105
1629154929000,0.0
1629154959000,0.0
1629154989000,0.0006086427267194157
1629155019000,0.0006138735420503376
1629155049000,0.0006116207951070336
1629155079000,0.0006207324643078832
1629155109000,0.0
1629155139000,0.0005977286312014345
1629155169000,0.0
1629155199000,0.0
1629155229000,0.0
1629155259000,0.0006071645415907711
1629155289000,0.0
1629155319000,0.0006064281382656155
1629155349000,0.0
1629155379000,0.0
1629155409000,0.0
1629155439000,0.0
1629155469000,0.0
1629155499000,0.0
1629155529000,0.0
1629155559000,0.0
1629155589000,0.0
1629155619000,0.0
1629155649000,0.0006101281269066504
1629155679000,0.0
1629155709000,0.0
1629155739000,0.0
1629155769000,0.0
1629155799000,0.0006105006105006105
1629155829000,0.0
1629155859000,0.0
1629155889000,0.0
1629155919000,0.0
1629155949000,0.0
1629155979000,0.0006053268765133173
1629156009000,0.0
1629156039000,0.0006203473945409428
1629156069000,0.0
1629156099000,0.0
1629156129000,0.0006097560975609756
1629156159000,0.0
1629156189000,0.0
1629156219000,0.0
1629156249000,0.0
1629156279000,0.0
1629156309000,0.0
1629156339000,0.0
1629156369000,0.0006090133982947625
1629156399000,0.0005980861244019139
1629156429000,0.0
1629156459000,0.0
1629156489000,0.0
1629156519000,0.0
1629156549000,0.0
1629156579000,0.0006016847172081829
1629156609000,0.0006031363088057902
1629156639000,0.0006138735420503376
1629156669000,0.0
1629156699000,0.0
1629156729000,0.0
1629156759000,0.0006053268765133173
1629156789000,0.0006082725060827251
1629156819000,0.0
1629156849000,0.0
1629156879000,0.0
1629156909000,0.0
1629156939000,0.0
1629156969000,0.0
1629156999000,0.0
1629157029000,0.0
1629157059000,0.0
1629157089000,0.0
1629157119000,0.0006093845216331506
1629157149000,0.0006013229104028864
1629157179000,0.0006153846153846153
1629157209000,0.0006123698714023269
1629157239000,0.0
1629157269000,0.0
1629157299000,0.0006169031462060457
1629157329000,0.0
1629157359000,0.0006131207847946045
1629157389000,0.0
1629157419000,0.0
1629157449000,0.0006027727546714887
1629157479000,0.0006191950464396285
1629157509000,0.0
1629157539000,0.0006112469437652813
1629157569000,0.0
1629157599000,0.0
1629157629000,0.0
1629157659000,0.0
1629157689000,0.0006031363088057902
1629157719000,0.0
1629157749000,0.0006207324643078832
1629157779000,0.0
1629157809000,0.0
1629157839000,0.0
1629157869000,0.0006108735491753207
1629157899000,0.0
1629157929000,0.0
1629157959000,0.0006261740763932372
1629157989000,0.0
1629158019000,0.0
1629158049000,0.0006150061500615006
1629158079000,0.0006153846153846153
1629158109000,0.0006161429451632778
1629158139000,0.0
1629158169000,0.0
1629158199000,0.0
1629158229000,0.0
1629158259000,0.0006188118811881187
1629158289000,0.0012330456226880395
1629158319000,0.0
1629158349000,0.0
1629158379000,0.0006108735491753207
1629158409000,0.0006131207847946045
1629158439000,0.0
1629158469000,0.0
1629158499000,0.0006038647342995169
1629158529000,0.0
1629158559000,0.0006064281382656155
1629158589000,0.0006067961165048543
1629158619000,0.0
1629158649000,0.0
1629158679000,0.0
1629158709000,0.0006013229104028864
1629158739000,0.0
1629158769000,0.0006112469437652813
1629158799000,0.0
1629158829000,0.0
1629158859000,0.0
1629158889000,0.0006161429451632778
1629158919000,0.0
1629158949000,0.0
1629158979000,0.0
1629159009000,0.0006131207847946045
1629159039000,0.0
1629159069000,0.0
1629159099000,0.0006203473945409428
1629159129000,0.0
1629159159000,0.0
1629159189000,0.0
1629159219000,0.0
1629159249000,0.0
1629159279000,0.0
1629159309000,0.0006093845216331506
1629159339000,0.0
1629159369000,0.0
1629159399000,0.0006127450980392157
1629159429000,0.0
1629159459000,0.0
1629159489000,0.0
1629159519000,0.0006146281499692684
1629159549000,0.0
1629159579000,0.0006116207951070336
1629159609000,0.0
1629159639000,0.0006134969325153375
1629159669000,0.0
1629159699000,0.0006049606775559589
1629159729000,0.0
1629159759000,0.0006060606060606062
1629159789000,0.0
1629159819000,0.0006090133982947625
1629159849000,0.0006038647342995169
1629159879000,0.0
1629159909000,0.0
1629159939000,0.0
1629159969000,0.0
1629159999000,0.0
1629160029000,0.0
1629160059000,0.0
1629160089000,0.0006161429451632778
1629160119000,0.0
1629160149000,0.0
1629160179000,0.0
1629160209000,0.0
1629160239000,0.0
1629160269000,0.0
1629160299000,0.0
1629160329000,0.0006049606775559589
1629160359000,0.0
1629160389000,0.0
1629160419000,0.0
1629160449000,0.0
1629160479000,0.0006093845216331506
1629160509000,0.0006199628022318662
1629160539000,0.0
1629160569000,0.0
1629160599000,0.0
1629160629000,0.0
1629160659000,0.0
1629160689000,0.0
1629160719000,0.0
1629160749000,0.0
1629160779000,0.0
1629160809000,0.0
1629160839000,0.0
1629160869000,0.0
1629160899000,0.0
1629160929000,0.0006153846153846153
1629160959000,0.0
1629160989000,0.0006180469715698393
1629161019000,0.0
1629161049000,0.0
1629161079000,0.0006180469715698393
1629161109000,0.0006067961165048543
1629161139000,0.0
1629161169000,0.0006169031462060457
1629161199000,0.0
1629161229000,0.0006049606775559589
1629161259000,0.0
1629161289000,0.0
1629161319000,0.0006108735491753207
1629161349000,0.0
1629161379000,0.0
1629161409000,0.0
1629161439000,0.0
1629161469000,0.0006222775357809582
1629161499000,0.0006086427267194157
1629161529000,0.0006097560975609756
1629161559000,0.0
1629161589000,0.0006146281499692684
1629161619000,0.0006131207847946045
1629161649000,0.0006108735491753207
1629161679000,0.0006112469437652813
1629161709000,0.0
1629161739000,0.0
1629161769000,0.0
1629161799000,0.0005988023952095807
1629161829000,0.0006090133982947625
1629161859000,0.0
1629161889000,0.0
1629161919000,0.0
1629161949000,0.0
1629161979000,0.0
1629162009000,0.0
1629162039000,0.0
1629162069000,0.0
1629162099000,0.0
1629162129000,0.0
1629162159000,0.0
1629162189000,0.0
1629162219000,0.0
1629162249000,0.0
1629162279000,0.0
1629162309000,0.0006079027355623102
1629162339000,0.0
1629162369000,0.0
1629162399000,0.0006218905472636817
1629162429000,0.0
1629162459000,0.0
1629162489000,0.0006042296072507553
1629162519000,0.0006234413965087283
1629162549000,0.0006105006105006105
1629162579000,0.0
1629162609000,0.0
1629162639000,0.0
1629162669000,0.0
1629162699000,0.0
1629162729000,0.0006169031462060457
1629162759000,0.0
1629162789000,0.0006165228113440197
1629162819000,0.0006090133982947625
1629162849000,0.0
1629162879000,0.0
1629162909000,0.0
1629162939000,0.0
1629162969000,0.0006165228113440197
1629162999000,0.0
1629163029000,0.0
1629163059000,0.0
1629163089000,0.0
1629163119000,0.0
1629163149000,0.0
1629163179000,0.0
1629163209000,0.0
1629163239000,0.0
1629163269000,0.0006188118811881187
1629163299000,0.0
1629163329000,0.0
1629163359000,0.0
1629163389000,0.0
1629163419000,0.0
1629163449000,0.0
1629163479000,0.0
1629163509000,0.0
1629163539000,0.0
1629163569000,0.0006090133982947625
1629163599000,0.0
1629163629000,0.0006134969325153375
1629163659000,0.0
1629163689000,0.0
1629163719000,0.0
1629163749000,0.0006119951040391675
1629163779000,0.0
1629163809000,0.0006071645415907711
1629163839000,0.0
1629163869000,0.0
1629163899000,0.0
1629163929000,0.0
1629163959000,0.0
1629163989000,0.0
1629164019000,0.0006079027355623102
1629164049000,0.0
1629164079000,0.0
1629164109000,0.0
1629164139000,0.0
1629164169000,0.0
1629164199000,0.0006020469596628537
1629164229000,0.0006150061500615006
1629164259000,0.0006064281382656155
1629164289000,0.0
1629164319000,0.0006086427267194157
1629164349000,0.0006049606775559589
1629164379000,0.0
1629164409000,0.0
1629164439000,0.0
1629164469000,0.0
1629164499000,0.0006207324643078832
1629164529000,0.0006079027355623102
1629164559000,0.0006138735420503376
1629164589000,0.0
1629164619000,0.0006031363088057902
1629164649000,0.0006191950464396285
1629164679000,0.0
1629164709000,0.0
1629164739000,0.0006161429451632778
1629164769000,0.0006108735491753207
1629164799000,0.0
1629164829000,0.0
1629164859000,0.0
1629164889000,0.0006161429451632778
1629164919000,0.0006203473945409428
1629164949000,0.0
1629164979000,0.0
1629165009000,0.0006199628022318662
1629165039000,0.0006045949214026603
1629165069000,0.0
1629165099000,0.0
1629165129000,0.0006060606060606062
1629165159000,0.0006101281269066504
1629165189000,0.0
1629165219000,0.0
1629165249000,0.0006053268765133173
1629165279000,0.0006108735491753207
1629165309000,0.0
1629165339000,0.0
1629165369000,0.0
1629165399000,0.0
1629165429000,0.0
1629165459000,0.0
1629165489000,0.0
1629165519000,0.0
1629165549000,0.0
1629165579000,0.0
1629165609000,0.0
1629165639000,0.0006097560975609756
1629165669000,0.0
1629165699000,0.0006035003017501509
1629165729000,0.0
1629165759000,0.0
1629165789000,0.0
1629165819000,0.0
1629165849000,0.0
1629165879000,0.0005998800239952009
1629165909000,0.0
1629165939000,0.0006075334143377885
1629165969000,0.0
1629165999000,0.0006116207951070336
1629166029000,0.0
1629166059000,0.0
1629166089000,0.0
1629166119000,0.0
1629166149000,0.0
1629166179000,0.0
1629166209000,0.0
1629166239000,0.0
1629166269000,0.0
1629166299000,0.0
1629166329000,0.0
1629166359000,0.0006161429451632778
1629166389000,0.0006138735420503376
1629166419000,0.0
1629166449000,0.0
1629166479000,0.0
1629166509000,0.0
1629166539000,0.0
1629166569000,0.0006153846153846153
1629166599000,0.0
1629166629000,0.0
1629166659000,0.0
1629166689000,0.0
1629166719000,0.0006184291898577612
1629166749000,0.0006146281499692684
1629166779000,0.0
1629166809000,0.0
1629166839000,0.0
1629166869000,0.0
1629166899000,0.0
1629166929000,0.0006138735420503376
1629166959000,0.0006108735491753207
1629166989000,0.0
1629167019000,0.0006127450980392157
1629167049000,0.0
1629167079000,0.0
1629167109000,0.0
1629167139000,0.0
1629167169000,0.0
1629167199000,0.0006203473945409428
1629167229000,0.0006082725060827251
1629167259000,0.0
1629167289000,0.0006006006006006006
1629167319000,0.0
1629167349000,0.0
1629167379000,0.0006064281382656155
1629167409000,0.0
1629167439000,0.0
1629167469000,0.0
1629167499000,0.0
1629167529000,0.0
1629167559000,0.0006153846153846153
1629167589000,0.0
1629167619000,0.0006020469596628537
1629167649000,0.0006075334143377885
1629167679000,0.0
1629167709000,0.0
1629167739000,0.0006082725060827251
1629167769000,0.0
1629167799000,0.0006165228113440197
1629167829000,0.0
1629167859000,0.0006146281499692684
1629167889000,0.0
1629167919000,0.0
1629167949000,0.0
1629167979000,0.0
1629168009000,0.0
1629168039000,0.0
1629168069000,0.0
1629168099000,0.0006090133982947625
1629168129000,0.0006165228113440197
1629168159000,0.0
1629168189000,0.0
1629168219000,0.0
1629168249000,0.0
1629168279000,0.0
1629168309000,0.0
1629168339000,0.0
1629168369000,0.0
1629168399000,0.0
1629168429000,0.0
1629168459000,0.0
1629168489000,0.0
1629168519000,0.0006180469715698393
1629168549000,0.0
1629168579000,0.0
1629168609000,0.0006082725060827251
1629168639000,0.0012217470983506415
1629168669000,0.0006042296072507553
1629168699000,0.0
1629168729000,0.0
1629168759000,0.0
1629168789000,0.0006138735420503376
1629168819000,0.0
1629168849000,0.0
1629168879000,0.0
1629168909000,0.0
1629168939000,0.0006090133982947625
1629168969000,0.0
1629168999000,0.0
1629169029000,0.0006093845216331506
1629169059000,0.0
1629169089000,0.0
1629169119000,0.0
1629169149000,0.0
1629169179000,0.0006134969325153375
1629169209000,0.0006127450980392157
1629169239000,0.0006184291898577612
1629169269000,0.0
1629169299000,0.0006161429451632778
1629169329000,0.0006123698714023269
1629169359000,0.0006045949214026603
1629169389000,0.0
1629169419000,0.0
1629169449000,0.0
1629169479000,0.0006031363088057902
1629169509000,0.0
1629169539000,0.0
1629169569000,0.0
1629169599000,0.0006131207847946045
1629169629000,0.0
1629169659000,0.0
1629169689000,0.0
1629169719000,0.0
1629169749000,0.0
1629169779000,0.0
1629169809000,0.0
1629169839000,0.0
1629169869000,0.0
1629169899000,0.0006035003017501509
1629169929000,0.0006108735491753207
1629169959000,0.0
1629169989000,0.0
1629170019000,0.0
1629170049000,0.0006112469437652813
1629170079000,0.0
1629170109000,0.0
1629170139000,0.0006123698714023269
1629170169000,0.0006134969325153375
1629170199000,0.0
1629170229000,0.0006180469715698393
1629170259000,0.0
1629170289000,0.0
1629170319000,0.0
1629170349000,0.0006090133982947625
1629170379000,0.0
1629170409000,0.0
1629170439000,0.0006165228113440197
1629170469000,0.0
1629170499000,0.0
1629170529000,0.0
1629170559000,0.0
1629170589000,0.0
1629170619000,0.0
1629170649000,0.0
1629170679000,0.0012232415902140672
1629170709000,0.0
1629170739000,0.0
1629170769000,0.0
1629170799000,0.0
1629170829000,0.0006116207951070336
1629170859000,0.0
1629170889000,0.0006165228113440197
1629170919000,0.0
1629170949000,0.0006013229104028864
1629170979000,0.0
1629171009000,0.0
1629171039000,0.0006127450980392157
1629171069000,0.0
1629171099000,0.0
1629171129000,0.0
1629171159000,0.0012254901960784314
1629171189000,0.0
1629171219000,0.0
1629171249000,0.0006176652254478072
1629171279000,0.0
1629171309000,0.0
1629171339000,0.0
1629171369000,0.0
1629171399000,0.0
1629171429000,0.0
1629171459000,0.0
1629171489000,0.0006090133982947625
1629171519000,0.0
1629171549000,0.0006146281499692684
1629171579000,0.0
1629171609000,0.0
1629171639000,0.0006108735491753207
1629171669000,0.0
1629171699000,0.0
1629171729000,0.0
1629171759000,0.0
1629171789000,0.0
1629171819000,0.0
1629171849000,0.0
1629171879000,0.0
1629171909000,0.0
1629171939000,0.0006157635467980296
1629171969000,0.0
1629171999000,0.0
1629172029000,0.0
1629172059000,0.0
1629172089000,0.0
1629172119000,0.0006207324643078832
1629172149000,0.0
1629172179000,0.0012113870381586915
1629172209000,0.0
1629172239000,0.0006090133982947625
1629172269000,0.0
1629172299000,0.0
1629172329000,0.0
1629172359000,0.0006131207847946045
1629172389000,0.0
1629172419000,0.0
1629172449000,0.0
1629172479000,0.0006105006105006105
1629172509000,0.0
1629172539000,0.0
1629172569000,0.0
1629172599000,0.0
1629172629000,0.0
1629172659000,0.0006042296072507553
1629172689000,0.0006067961165048543
1629172719000,0.0
1629172749000,0.0
1629172779000,0.0
1629172809000,0.0
1629172839000,0.0
1629172869000,0.0
1629172899000,0.0
1629172929000,0.0
1629172959000,0.0006172839506172839
1629172989000,0.0
1629173019000,0.0
1629173049000,0.0
1629173079000,0.0
1629173109000,0.0
1629173139000,0.0
1629173169000,0.0
1629173199000,0.0006020469596628537
1629173229000,0.0
1629173259000,0.0
1629173289000,0.0
1629173319000,0.0
1629173349000,0.0
1629173379000,0.0
1629173409000,0.0
1629173439000,0.0
1629173469000,0.0
1629173499000,0.0006064281382656155
1629173529000,0.0006105006105006105
1629173559000,0.0006093845216331506
1629173589000,0.0
1629173619000,0.0
1629173649000,0.0
1629173679000,0.0006090133982947625
1629173709000,0.0006195786864931846
1629173739000,0.0
1629173769000,0.0006056935190793457
1629173799000,0.0
1629173829000,0.0
1629173859000,0.0
1629173889000,0.0
1629173919000,0.0
1629173949000,0.0
1629173979000,0.0
1629174009000,0.0
1629174039000,0.0
1629174069000,0.0006075334143377885
1629174099000,0.0006180469715698393
1629174129000,0.0
1629174159000,0.0006031363088057902
1629174189000,0.0
1629174219000,0.0006153846153846153
1629174249000,0.0
1629174279000,0.0006150061500615006
1629174309000,0.0
1629174339000,0.0
1629174369000,0.0006035003017501509
1629174399000,0.0006142506142506142
1629174429000,0.0006138735420503376
1629174459000,0.0
1629174489000,0.0006127450980392157
1629174519000,0.0006056935190793457
1629174549000,0.0
1629174579000,0.0
1629174609000,0.0012232415902140672
1629174639000,0.0006165228113440197
1629174669000,0.0
1629174699000,0.0
1629174729000,0.0
1629174759000,0.0
1629174789000,0.0
1629174819000,0.0
1629174849000,0.0006108735491753207
1629174879000,0.0
1629174909000,0.0006199628022318662
1629174939000,0.0
1629174969000,0.0
1629174999000,0.0006134969325153375
1629175029000,0.0
1629175059000,0.0
1629175089000,0.0
1629175119000,0.0
1629175149000,0.0
1629175179000,0.0006134969325153375
1629175209000,0.001218026796589525
1629175239000,0.0
1629175269000,0.0006134969325153375
1629175299000,0.0006045949214026603
1629175329000,0.0
1629175359000,0.0
1629175389000,0.0
1629175419000,0.0
1629175449000,0.0006146281499692684
1629175479000,0.0006138735420503376
1629175509000,0.0006176652254478072
1629175539000,0.0
1629175569000,0.0
1629175599000,0.0
1629175629000,0.0
1629175659000,0.0006127450980392157
1629175689000,0.0
1629175719000,0.0006119951040391675
1629175749000,0.0
1629175779000,0.0
1629175809000,0.0006191950464396285
1629175839000,0.0006180469715698393
1629175869000,0.0
1629175899000,0.0
1629175929000,0.0
1629175959000,0.0
1629175989000,0.0
1629176019000,0.0006112469437652813
1629176049000,0.0
1629176079000,0.0
1629176109000,0.0
1629176139000,0.0006112469437652813
1629176169000,0.0
1629176199000,0.0
1629176229000,0.0
1629176259000,0.0
1629176289000,0.0
1629176319000,0.0
1629176349000,0.0
1629176379000,0.0006097560975609756
1629176409000,0.0006127450980392157
1629176439000,0.0
1629176469000,0.0
1629176499000,0.0012414649286157664
1629176529000,0.0006123698714023269
1629176559000,0.0
1629176589000,0.0
1629176619000,0.0
1629176649000,0.0006082725060827251
1629176679000,0.0
1629176709000,0.0
1629176739000,0.0
1629176769000,0.0006161429451632778
1629176799000,0.0
1629176829000,0.0
1629176859000,0.0
1629176889000,0.0
1629176919000,0.0
1629176949000,0.0
1629176979000,0.0006215040397762585
1629177009000,0.0
1629177039000,0.0006207324643078832
1629177069000,0.0
1629177099000,0.0
1629177129000,0.0
1629177159000,0.0
1629177189000,0.0
1629177219000,0.0
1629177249000,0.0
1629177279000,0.0
1629177309000,0.0
1629177339000,0.0
1629177369000,0.0
1629177399000,0.0
1629177429000,0.0
1629177459000,0.0
1629177489000,0.0
1629177519000,0.0
1629177549000,0.0
1629177579000,0.0
1629177609000,0.0
1629177639000,0.0
1629177669000,0.0
1629177699000,0.001223990208078335
1629177729000,0.0
1629177759000,0.0
1629177789000,0.0
1629177819000,0.0
1629177849000,0.0
1629177879000,0.0006180469715698393
1629177909000,0.0006195786864931846
1629177939000,0.0
1629177969000,0.0
1629177999000,0.0
1629178029000,0.0
1629178059000,0.0
1629178089000,0.0006093845216331506
1629178119000,0.0006123698714023269
1629178149000,0.0
1629178179000,0.0
1629178209000,0.0
1629178239000,0.0
1629178269000,0.0006195786864931846
1629178299000,0.0006165228113440197
1629178329000,0.0
1629178359000,0.0
1629178389000,0.0
1629178419000,0.0
1629178449000,0.0006176652254478072
1629178479000,0.0
1629178509000,0.0006123698714023269
1629178539000,0.0
1629178569000,0.0
1629178599000,0.0
1629178629000,0.0
1629178659000,0.0006150061500615006
1629178689000,0.0
1629178719000,0.0
1629178749000,0.0006123698714023269
1629178779000,0.0
1629178809000,0.0005984440454817473
1629178839000,0.0
1629178869000,0.0
1629178899000,0.0
1629178929000,0.0
1629178959000,0.0006064281382656155
1629178989000,0.0
1629179019000,0.0
1629179049000,0.0006101281269066504
1629179079000,0.0
1629179109000,0.0
1629179139000,0.0
1629179169000,0.0
1629179199000,0.0006157635467980296
1629179229000,0.0
1629179259000,0.0
1629179289000,0.0006049606775559589
1629179319000,0.0
1629179349000,0.0006184291898577612
1629179379000,0.0
1629179409000,0.0006105006105006105
1629179439000,0.0006184291898577612
1629179469000,0.0
1629179499000,0.0
1629179529000,0.0006064281382656155
1629179559000,0.0006075334143377885
1629179589000,0.0006146281499692684
1629179619000,0.0
1629179649000,0.0
1629179679000,0.0
1629179709000,0.0006112469437652813
1629179739000,0.0
1629179769000,0.0006176652254478072
1629179799000,0.0
1629179829000,0.0
1629179859000,0.0006082725060827251
1629179889000,0.0
1629179919000,0.0
1629179949000,0.0
1629179979000,0.0012338062924120911
1629180009000,0.0
1629180039000,0.0
1629180069000,0.0
1629180099000,0.0
1629180129000,0.0
1629180159000,0.0
1629180189000,0.0
1629180219000,0.0006027727546714887
1629180249000,0.0
1629180279000,0.0
1629180309000,0.0006180469715698393
1629180339000,0.0
1629180369000,0.0
1629180399000,0.0
1629180429000,0.0
1629180459000,0.0
1629180489000,0.0
1629180519000,0.0
1629180549000,0.0
1629180579000,0.0
1629180609000,0.0
1629180639000,0.0
1629180669000,0.0
1629180699000,0.0006064281382656155
1629180729000,0.0
1629180759000,0.0
1629180789000,0.0
1629180819000,0.0006105006105006105
1629180849000,0.0
1629180879000,0.0
1629180909000,0.0
1629180939000,0.0006146281499692684
1629180969000,0.0
1629180999000,0.0006195786864931846
1629181029000,0.0
1629181059000,0.0
1629181089000,0.0
1629181119000,0.0
1629181149000,0.0
1629181179000,0.0
1629181209000,0.0
1629181239000,0.0
1629181269000,0.0
1629181299000,0.0
1629181329000,0.0
1629181359000,0.0
1629181389000,0.0
1629181419000,0.0005998800239952009
1629181449000,0.0
1629181479000,0.0006142506142506142
1629181509000,0.0
1629181539000,0.0
1629181569000,0.0006134969325153375
1629181599000,0.0
1629181629000,0.0
1629181659000,0.0
1629181689000,0.0006101281269066504
1629181719000,0.0006207324643078832
1629181749000,0.0
1629181779000,0.0005988023952095807
1629181809000,0.0
1629181839000,0.0006101281269066504
1629181869000,0.0
1629181899000,0.0006082725060827251
1629181929000,0.0006169031462060457
1629181959000,0.0006108735491753207
1629181989000,0.0006097560975609756
1629182019000,0.0006031363088057902
1629182049000,0.0
1629182079000,0.0006161429451632778
1629182109000,0.0006172839506172839
1629182139000,0.0
1629182169000,0.0
1629182199000,0.0
1629182229000,0.0
1629182259000,0.0006199628022318662
1629182289000,0.0
1629182319000,0.0
1629182349000,0.0006172839506172839
1629182379000,0.0006157635467980296
1629182409000,0.0
1629182439000,0.0
1629182469000,0.0006150061500615006
1629182499000,0.0
1629182529000,0.0
1629182559000,0.0
1629182589000,0.000625
1629182619000,0.0
1629182649000,0.0
1629182679000,0.001215066828675577
1629182709000,0.0
1629182739000,0.0006101281269066504
1629182769000,0.0
1629182799000,0.0
1629182829000,0.0006123698714023269
1629182859000,0.0
1629182889000,0.0006116207951070336
1629182919000,0.0
1629182949000,0.0
1629182979000,0.0006203473945409428
1629183009000,0.0
1629183039000,0.0006119951040391675
1629183069000,0.0
1629183099000,0.0
1629183129000,0.0006064281382656155
1629183159000,0.0
1629183189000,0.0
1629183219000,0.0006131207847946045
1629183249000,0.0
1629183279000,0.0
1629183309000,0.0
1629183339000,0.0
1629183369000,0.0
1629183399000,0.0
1629183429000,0.0
1629183459000,0.0
1629183489000,0.0
1629183519000,0.0
1629183549000,0.0006013229104028864
1629183579000,0.0
1629183609000,0.0
1629183639000,0.0
1629183669000,0.0
1629183699000,0.0
1629183729000,0.0
1629183759000,0.0
1629183789000,0.0
1629183819000,0.0
1629183849000,0.0
1629183879000,0.0
1629183909000,0.0006127450980392157
1629183939000,0.0
1629183969000,0.0006067961165048543
1629183999000,0.0
1629184029000,0.0
1629184059000,0.0
1629184089000,0.0
1629184119000,0.0
1629184149000,0.0
1629184179000,0.0
1629184209000,0.0006105006105006105
1629184239000,0.0
1629184269000,0.0
1629184299000,0.0
1629184329000,0.0
1629184359000,0.0
1629184389000,0.0
1629184419000,0.0
1629184449000,0.0
1629184479000,0.0
1629184509000,0.0
1629184539000,0.0
1629184569000,0.0
1629184599000,0.0
1629184629000,0.0
1629184659000,0.0
1629184689000,0.0
1629184719000,0.0012368583797155227
1629184749000,0.0
1629184779000,0.0
1629184809000,0.0006097560975609756
1629184839000,0.0
1629184869000,0.0006056935190793457
1629184899000,0.0
1629184929000,0.0
1629184959000,0.0006082725060827251
1629184989000,0.0
1629185019000,0.0
1629185049000,0.0
1629185079000,0.0
1629185109000,0.0
1629185139000,0.0
1629185169000,0.0
1629185199000,0.0006176652254478072
1629185229000,0.0
1629185259000,0.0
1629185289000,0.0
1629185319000,0.0
1629185349000,0.0006131207847946045
1629185379000,0.0006075334143377885
1629185409000,0.0
1629185439000,0.0006082725060827251
1629185469000,0.0
1629185499000,0.0006075334143377885
1629185529000,0.0
1629185559000,0.0
1629185589000,0.0
1629185619000,0.0006064281382656155
1629185649000,0.0005988023952095807
1629185679000,0.0
1629185709000,0.0
1629185739000,0.0
1629185769000,0.0
1629185799000,0.0006105006105006105
1629185829000,0.0
1629185859000,0.0
1629185889000,0.0006153846153846153
1629185919000,0.0006108735491753207
1629185949000,0.0006053268765133173
1629185979000,0.0006060606060606062
1629186009000,0.0006060606060606062
1629186039000,0.0
1629186069000,0.0006150061500615006
1629186099000,0.0006082725060827251
1629186129000,0.0006176652254478072
1629186159000,0.0
1629186189000,0.0
1629186219000,0.0
1629186249000,0.0
1629186279000,0.0
1629186309000,0.0006157635467980296
1629186339000,0.0
1629186369000,0.0
1629186399000,0.0
1629186429000,0.0
1629186459000,0.0006112469437652813
1629186489000,0.0
1629186519000,0.0
1629186549000,0.0005977286312014345
1629186579000,0.0006142506142506142
1629186609000,0.0
1629186639000,0.0
1629186669000,0.0
1629186699000,0.0
1629186729000,0.0
1629186759000,0.0
1629186789000,0.0
1629186819000,0.0
1629186849000,0.0
1629186879000,0.0
1629186909000,0.0006131207847946045
1629186939000,0.0
1629186969000,0.0
1629186999000,0.0
1629187029000,0.0
1629187059000,0.0005924170616113746
1629187089000,0.0006123698714023269
1629187119000,0.0
1629187149000,0.0
1629187179000,0.0006053268765133173
1629187209000,0.0
1629187239000,0.0
1629187269000,0.0
1629187299000,0.0
1629187329000,0.0
1629187359000,0.0
1629187389000,0.0
1629187419000,0.0006138735420503376
1629187449000,0.0
1629187479000,0.0006027727546714887
1629187509000,0.0
1629187539000,0.0
1629187569000,0.0
1629187599000,0.0
1629187629000,0.0
1629187659000,0.0
1629187689000,0.0
1629187719000,0.0
1629187749000,0.0
1629187779000,0.0
1629187809000,0.0006031363088057902
1629187839000,0.0006215040397762585
1629187869000,0.0006108735491753207
1629187899000,0.0
1629187929000,0.0006215040397762585
1629187959000,0.0
1629187989000,0.0006203473945409428
1629188019000,0.0006112469437652813
1629188049000,0.0
1629188079000,0.0
1629188109000,0.0
1629188139000,0.0006105006105006105
1629188169000,0.0006172839506172839
1629188199000,0.0
1629188229000,0.0006108735491753207
1629188259000,0.0
1629188259000,0.0
1629188259000,0.0
1629188289000,0.0006035003017501509
1629188319000,0.0006172839506172839
1629188349000,0.0
1629188379000,0.0
1629188409000,0.0006146281499692684
1629188439000,0.0006020469596628537
1629188469000,0.0
1629188499000,0.0
1629188529000,0.0
1629188559000,0.0
1629188589000,0.0
1629188619000,0.0
1629188649000,0.0
1629188679000,0.0
1629188709000,0.0006119951040391675
1629188739000,0.0
1629188769000,0.0
1629188799000,0.0
1629188829000,0.0006134969325153375
1629188859000,0.0
1629188889000,0.0
1629188919000,0.0
1629188949000,0.0
1629188979000,0.0006105006105006105
1629189009000,0.0
1629189039000,0.0
1629189069000,0.0006176652254478072
1629189099000,0.0006093845216331506
1629189129000,0.0
1629189159000,0.0006184291898577612
1629189189000,0.0
1629189219000,0.0
1629189249000,0.0
1629189279000,0.0006064281382656155
1629189309000,0.0
1629189339000,0.0
1629189369000,0.0
1629189399000,0.0
1629189429000,0.0006157635467980296
1629189459000,0.0
1629189489000,0.0
1629189519000,0.0006157635467980296
1629189549000,0.0006142506142506142
1629189579000,0.0
1629189609000,0.0006161429451632778
1629189639000,0.0
1629189669000,0.0
1629189699000,0.0
1629189729000,0.0
1629189759000,0.0
1629189789000,0.0
1629189819000,0.0006215040397762585
1629189849000,0.0
1629189879000,0.0006123698714023269
1629189909000,0.0
1629189939000,0.0
1629189969000,0.0
1629189999000,0.0
1629190029000,0.0
1629190059000,0.0
1629190089000,0.0
1629190119000,0.0
1629190149000,0.0
1629190179000,0.0
1629190209000,0.0
1629190239000,0.0
1629190269000,0.0006226650062266501
1629190299000,0.0
1629190329000,0.0
1629190359000,0.0
1629190389000,0.0
1629190419000,0.0006131207847946045
1629190449000,0.0006119951040391675
1629190479000,0.0
1629190509000,0.0
1629190539000,0.0
1629190569000,0.0006180469715698393
1629190599000,0.0006123698714023269
1629190629000,0.0
1629190659000,0.0
1629190689000,0.0
1629190719000,0.0006195786864931846
1629190749000,0.0
1629190779000,0.0
1629190809000,0.0
1629190839000,0.0
1629190869000,0.0
1629190899000,0.0
1629190929000,0.0
1629190959000,0.0006049606775559589
1629190989000,0.0
1629191019000,0.0
1629191049000,0.0
1629191079000,0.0
1629191109000,0.0
1629191139000,0.0
1629191169000,0.0
1629191199000,0.0
1629191229000,0.0
1629191259000,0.0
1629191289000,0.0
1629191319000,0.0
1629191349000,0.0
1629191379000,0.0
1629191409000,0.0
1629191439000,0.0
1629191469000,0.0
1629191499000,0.0
1629191529000,0.0
1629191559000,0.0
1629191559000,0.0
1629191589000,0.0006035003017501509
1629191619000,0.0006169031462060457
1629191649000,0.0
1629191679000,0.0
1629191709000,0.0
1629191739000,0.0
1629191769000,0.0006075334143377885
1629191799000,0.0
1629191829000,0.0
1629191859000,0.0
1629191889000,0.0
1629191919000,0.0
1629191949000,0.0
1629191979000,0.0
1629192009000,0.0
1629192039000,0.0
1629192069000,0.0
1629192099000,0.0006090133982947625
1629192129000,0.0006112469437652813
1629192159000,0.0006101281269066504
1629192189000,0.0
1629192219000,0.0
1629192249000,0.0
1629192279000,0.0006064281382656155
1629192309000,0.0006161429451632778
1629192339000,0.0006105006105006105
1629192369000,0.0
1629192399000,0.0
1629192429000,0.0
1629192459000,0.0
1629192489000,0.0
1629192519000,0.0006049606775559589
1629192549000,0.0
1629192579000,0.0
1629192609000,0.0
1629192639000,0.0
1629192669000,0.0006165228113440197
1629192699000,0.0
1629192729000,0.0
1629192759000,0.0
1629192789000,0.0
1629192819000,0.0
1629192849000,0.0
1629192879000,0.0006123698714023269
1629192909000,0.0012277470841006752
1629192939000,0.0006045949214026603
1629192969000,0.0006199628022318662
1629192999000,0.0006191950464396285
1629193029000,0.0006112469437652813
1629193059000,0.0
1629193089000,0.0
1629193119000,0.0006157635467980296
1629193149000,0.0
1629193179000,0.0
1629193209000,0.0
1629193239000,0.0
1629193269000,0.0006169031462060457
1629193299000,0.0
1629193329000,0.0
1629193359000,0.0018159806295399519
1629193389000,0.0006090133982947625
1629193419000,0.0
1629193449000,0.0
1629193479000,0.0
1629193509000,0.0
1629193539000,0.0
1629193569000,0.0
1629193599000,0.0
1629193629000,0.0006060606060606062
1629193659000,0.0
1629193689000,0.0
1629193719000,0.0
1629193749000,0.0
1629193779000,0.0
1629193809000,0.0006176652254478072
1629193839000,0.0
1629193869000,0.0006049606775559589
1629193899000,0.0
1629193929000,0.0
1629193959000,0.0
1629193989000,0.0
1629194019000,0.0
1629194049000,0.0
1629194079000,0.0
1629194109000,0.0006079027355623102
1629194139000,0.0
1629194169000,0.0
1629194199000,0.0
1629194229000,0.0
1629194259000,0.0
1629194289000,0.0006045949214026603
1629194319000,0.0
1629194349000,0.0006127450980392157
1629194379000,0.0
1629194409000,0.0
1629194439000,0.0
1629194469000,0.0
1629194499000,0.0
1629194529000,0.0
1629194559000,0.0
1629194589000,0.0
1629194619000,0.0
1629194649000,0.0
1629194679000,0.0
1629194709000,0.0
1629194739000,0.0006123698714023269
1629194769000,0.0012224938875305626
1629194799000,0.0006169031462060457
1629194829000,0.0
1629194859000,0.0
1629194889000,0.0
1629194919000,0.0
1629194949000,0.0
1629194979000,0.0
1629195009000,0.0
1629195039000,0.0
1629195069000,0.0006157635467980296
1629195099000,0.0
1629195129000,0.0006093845216331506
1629195159000,0.0
1629195189000,0.0006176652254478072
1629195219000,0.0
1629195249000,0.0
1629195279000,0.0
1629195309000,0.0
1629195339000,0.0006134969325153375
1629195369000,0.0
1629195399000,0.0
1629195429000,0.0
1629195459000,0.0006116207951070336
1629195489000,0.0
1629195519000,0.0
1629195549000,0.0
1629195579000,0.0
1629195609000,0.0
1629195639000,0.0
1629195669000,0.0006203473945409428
1629195699000,0.0
1629195729000,0.0
1629195759000,0.0
1629195789000,0.0
1629195819000,0.0
1629195849000,0.0
1629195879000,0.0
1629195909000,0.0006097560975609756
1629195939000,0.0
1629195969000,0.0
1629195999000,0.0
1629196029000,0.0006093845216331506
1629196059000,0.0
1629196089000,0.0
1629196119000,0.0
1629196149000,0.0
1629196179000,0.0
1629196209000,0.0
1629196239000,0.0
1629196269000,0.0
1629196299000,0.0
1629196329000,0.0
1629196359000,0.0
1629196389000,0.0
1629196419000,0.0
1629196449000,0.0
1629196479000,0.0
1629196509000,0.0006027727546714887
1629196539000,0.0
1629196569000,0.0
1629196599000,0.0006090133982947625
1629196629000,0.0
1629196659000,0.0
1629196689000,0.0
1629196719000,0.0
1629196749000,0.0
1629196779000,0.0006134969325153375
1629196809000,0.0
1629196839000,0.0006064281382656155
1629196869000,0.0
1629196899000,0.0
1629196929000,0.0
1629196959000,0.0006042296072507553
1629196989000,0.0
1629197019000,0.0
1629197049000,0.0006049606775559589
1629197079000,0.0
1629197109000,0.0
1629197139000,0.0006049606775559589
1629197169000,0.0
1629197199000,0.0
1629197229000,0.0
1629197259000,0.0
1629197289000,0.0
1629197319000,0.0
1629197349000,0.0
1629197379000,0.0
1629197409000,0.0
1629197439000,0.0
1629197469000,0.0012330456226880395
1629197499000,0.0
1629197529000,0.0
1629197559000,0.0
1629197589000,0.0006150061500615006
1629197619000,0.0006045949214026603
1629197649000,0.0006060606060606062
1629197679000,0.0
1629197709000,0.0
1629197739000,0.0
1629197769000,0.0006165228113440197
1629197799000,0.0
1629197829000,0.0
1629197859000,0.0006105006105006105
1629197889000,0.0012345679012345679
1629197919000,0.0006234413965087283
1629197949000,0.0006150061500615006
1629197979000,0.0006146281499692684
1629198009000,0.0006090133982947625
1629198039000,0.0006112469437652813
1629198069000,0.0
1629198099000,0.0006112469437652813
1629198129000,0.0
1629198159000,0.0006142506142506142
1629198189000,0.0
1629198219000,0.0012232415902140672
1629198249000,0.0
1629198279000,0.0
1629198309000,0.0006075334143377885
1629198339000,0.0
1629198369000,0.0
1629198399000,0.0
1629198429000,0.0
1629198459000,0.0
1629198489000,0.0
1629198519000,0.0
1629198549000,0.0
1629198579000,0.0006101281269066504
1629198609000,0.0
1629198639000,0.0
1629198669000,0.0
1629198699000,0.0
1629198729000,0.0
1629198759000,0.0
1629198789000,0.0
1629198819000,0.0006013229104028864
1629198849000,0.0
1629198879000,0.0006138735420503376
1629198909000,0.0
1629198939000,0.0
1629198969000,0.0006056935190793457
1629198999000,0.0006153846153846153
1629199029000,0.0
1629199059000,0.0
1629199089000,0.0
1629199119000,0.0
1629199149000,0.0006222775357809582
1629199179000,0.0
1629199209000,0.0
1629199239000,0.0
1629199269000,0.0
1629199299000,0.0
1629199329000,0.0
1629199359000,0.0006203473945409428
1629199389000,0.0
1629199419000,0.0
1629199449000,0.0
1629199479000,0.0
1629199509000,0.0
1629199539000,0.0
1629199569000,0.0
1629199599000,0.0
1629199629000,0.0
1629199659000,0.0
1629199689000,0.0
1629199719000,0.0
1629199749000,0.0
1629199779000,0.0006038647342995169
1629199809000,0.0
1629199839000,0.0
1629199869000,0.0
1629199899000,0.0
1629199929000,0.0
1629199959000,0.0006116207951070336
1629199989000,0.0
1629200019000,0.0
1629200049000,0.0
1629200079000,0.0
1629200109000,0.0
1629200139000,0.0
1629200169000,0.0006090133982947625
1629200199000,0.0
1629200229000,0.0006090133982947625
1629200259000,0.0
1629200289000,0.0
1629200319000,0.0
1629200349000,0.0
1629200379000,0.0006119951040391675
1629200409000,0.0
1629200439000,0.0
1629200469000,0.0
1629200499000,0.0
1629200529000,0.0
1629200559000,0.0
1629200589000,0.0
1629200619000,0.0006097560975609756
1629200649000,0.0
1629200679000,0.0
1629200709000,0.0
1629200739000,0.0006165228113440197
1629200769000,0.0012254901960784314
1629200799000,0.0
1629200829000,0.0
1629200859000,0.0006090133982947625
1629200889000,0.0006071645415907711
1629200919000,0.0
1629200949000,0.0
1629200979000,0.0
1629201009000,0.0006079027355623102
1629201039000,0.0006093845216331506
1629201069000,0.0006146281499692684
1629201099000,0.0
1629201129000,0.0
1629201159000,0.0
1629201189000,0.0
1629201219000,0.0
1629201249000,0.0
1629201279000,0.0
1629201309000,0.0
1629201339000,0.0
1629201369000,0.0
1629201399000,0.0012091898428053206
1629201429000,0.0
1629201459000,0.0
1629201489000,0.0006112469437652813
1629201519000,0.0
1629201549000,0.0
1629201579000,0.0
1629201609000,0.0
1629201639000,0.0
1629201669000,0.0006090133982947625
1629201699000,0.0
1629201729000,0.0006222775357809582
1629201759000,0.0
1629201789000,0.0
1629201819000,0.0
1629201849000,0.0
1629201879000,0.0006097560975609756
1629201909000,0.0
1629201939000,0.0
1629201969000,0.0
1629201999000,0.0
1629202029000,0.0006161429451632778
1629202059000,0.0006016847172081829
1629202089000,0.0
1629202119000,0.0006097560975609756
1629202149000,0.0
1629202179000,0.0006049606775559589
1629202209000,0.0
1629202239000,0.0
1629202269000,0.0
1629202299000,0.0006086427267194157
1629202329000,0.0
1629202359000,0.0
1629202389000,0.0006064281382656155
1629202419000,0.0
1629202449000,0.0006150061500615006
1629202479000,0.0
1629202509000,0.0
1629202539000,0.0
1629202569000,0.0
1629202599000,0.0
1629202629000,0.0006079027355623102
1629202659000,0.0
1629202689000,0.0
1629202719000,0.0
1629202749000,0.0
1629202779000,0.0006180469715698393
1629202809000,0.0
1629202839000,0.0
1629202869000,0.0
1629202899000,0.0
1629202929000,0.0
1629202959000,0.0
1629202989000,0.0
1629203019000,0.0006101281269066504
1629203049000,0.0
1629203079000,0.0
1629203109000,0.0
1629203139000,0.0
1629203169000,0.0006153846153846153
1629203199000,0.0
1629203229000,0.0
1629203259000,0.0
1629203289000,0.0
1629203319000,0.0
1629203349000,0.0
1629203379000,0.0006105006105006105
1629203409000,0.0006049606775559589
1629203439000,0.0006211180124223603
1629203469000,0.0006108735491753207
1629203499000,0.0
1629203529000,0.0006101281269066504
1629203559000,0.0
1629203589000,0.0006199628022318662
1629203619000,0.0006226650062266501
1629203649000,0.0
1629203679000,0.0006127450980392157
1629203709000,0.0006199628022318662
1629203739000,0.0
1629203769000,0.0
1629203799000,0.0
1629203829000,0.0
1629203859000,0.0006038647342995169
1629203889000,0.0
1629203919000,0.0
1629203949000,0.0
1629203979000,0.0
1629204009000,0.0
1629204039000,0.0
1629204069000,0.0006211180124223603
1629204099000,0.0
1629204129000,0.0
1629204159000,0.0006075334143377885
1629204189000,0.0
1629204219000,0.0
1629204249000,0.0006053268765133173
1629204279000,0.0
1629204309000,0.0
1629204339000,0.0006127450980392157
1629204369000,0.0
1629204399000,0.0
1629204429000,0.0
1629204459000,0.0
1629204489000,0.0
1629204519000,0.0005977286312014345
1629204549000,0.0
1629204579000,0.0006222775357809582
1629204609000,0.0006060606060606062
1629204639000,0.0
1629204669000,0.0
1629204699000,0.0
1629204729000,0.0
1629204759000,0.0006161429451632778
1629204789000,0.0
1629204819000,0.0
1629204849000,0.0
1629204879000,0.0006203473945409428
1629204909000,0.0
1629204939000,0.0
1629204969000,0.0
1629204999000,0.0
1629205029000,0.0
1629205059000,0.0
1629205089000,0.0
1629205119000,0.000625
1629205149000,0.0
1629205179000,0.0
1629205209000,0.0006131207847946045
1629205239000,0.0006222775357809582
1629205269000,0.0006165228113440197
1629205299000,0.0
1629205329000,0.0
1629205359000,0.0006184291898577612
1629205389000,0.0006226650062266501
1629205419000,0.0
1629205449000,0.0
1629205479000,0.0
1629205509000,0.0
1629205539000,0.0
1629205569000,0.0
1629205599000,0.0
1629205629000,0.0
1629205659000,0.0006045949214026603
1629205689000,0.0
1629205719000,0.0
1629205749000,0.0
1629205779000,0.0006090133982947625
1629205809000,0.0006119951040391675
1629205839000,0.0
1629205869000,0.0
1629205899000,0.0006207324643078832
1629205929000,0.0
1629205959000,0.0
1629205989000,0.0
1629206019000,0.0
1629206049000,0.0
1629206079000,0.0006146281499692684
1629206109000,0.0006097560975609756
1629206139000,0.0006153846153846153
1629206169000,0.0
1629206199000,0.0
1629206229000,0.0
1629206259000,0.0
1629206289000,0.0
1629206319000,0.0
1629206349000,0.0006138735420503376
1629206379000,0.0
1629206409000,0.0006127450980392157
1629206439000,0.0
1629206469000,0.0
1629206499000,0.0
1629206529000,0.0006064281382656155
1629206559000,0.0
1629206589000,0.0006038647342995169
1629206619000,0.0
1629206649000,0.0
1629206679000,0.0
1629206709000,0.0
1629206739000,0.0
1629206769000,0.0012172854534388314
1629206799000,0.0
1629206829000,0.0
1629206859000,0.0006131207847946045
1629206889000,0.0
1629206919000,0.0
1629206949000,0.0
1629206979000,0.0
1629207009000,0.0
1629207039000,0.0
1629207069000,0.001218026796589525
1629207099000,0.0006157635467980296
1629207129000,0.0
1629207159000,0.0
1629207189000,0.0006153846153846153
1629207219000,0.0
1629207249000,0.0
1629207279000,0.0006131207847946045
1629207309000,0.0
1629207339000,0.0006090133982947625
1629207369000,0.0
1629207399000,0.0006116207951070336
1629207429000,0.0
1629207459000,0.0
1629207489000,0.0
1629207519000,0.0005931198102016608
1629207549000,0.0006075334143377885
1629207579000,0.0
1629207609000,0.0
1629207639000,0.0006184291898577612
1629207669000,0.0
1629207699000,0.0006038647342995169
1629207729000,0.0006211180124223603
1629207759000,0.0
1629207789000,0.0
1629207819000,0.0006045949214026603
1629207849000,0.0006165228113440197
1629207879000,0.0
1629207909000,0.0
1629207939000,0.0
1629207969000,0.0006067961165048543
1629207999000,0.0
1629208029000,0.0
1629208059000,0.0006049606775559589
1629208089000,0.0
1629208119000,0.0006049606775559589
1629208149000,0.0
1629208179000,0.0
1629208209000,0.0006020469596628537
1629208239000,0.0
1629208269000,0.0
1629208299000,0.0
1629208329000,0.0
1629208359000,0.0
1629208389000,0.0
1629208419000,0.0
1629208449000,0.0
1629208479000,0.0006086427267194157
1629208509000,0.0
1629208539000,0.0006101281269066504
1629208569000,0.0
1629208599000,0.0006172839506172839
1629208629000,0.0
1629208659000,0.0
1629208689000,0.0
1629208719000,0.0006090133982947625
1629208749000,0.0
1629208779000,0.0
1629208809000,0.0
1629208839000,0.0006199628022318662
1629208869000,0.0
1629208899000,0.0
1629208929000,0.0006097560975609756
1629208959000,0.0
1629208989000,0.0
1629209019000,0.0
1629209049000,0.0
1629209079000,0.0012165450121654502
1629209109000,0.0
1629209139000,0.0
1629209169000,0.0
1629209199000,0.0
1629209229000,0.0
1629209259000,0.0006127450980392157
1629209289000,0.0
1629209319000,0.0006090133982947625
1629209349000,0.0006035003017501509
1629209379000,0.0011961722488038275
1629209409000,0.0
1629209439000,0.0
1629209469000,0.0
1629209499000,0.0
1629209529000,0.0006016847172081829
1629209559000,0.0
1629209589000,0.0
1629209619000,0.0
1629209649000,0.0006067961165048543
1629209679000,0.0
1629209709000,0.0
1629209739000,0.0006138735420503376
1629209769000,0.0
1629209799000,0.0
1629209829000,0.0
1629209859000,0.0
1629209889000,0.0
1629209919000,0.0
1629209949000,0.0
1629209979000,0.0006131207847946045
1629210009000,0.0
1629210039000,0.0
1629210069000,0.0006116207951070336
1629210099000,0.0
1629210129000,0.0
1629210159000,0.0
1629210189000,0.0006027727546714887
1629210219000,0.0
1629210249000,0.0
1629210279000,0.0
1629210309000,0.0
1629210339000,0.0
1629210369000,0.0
1629210399000,0.0
1629210429000,0.0
1629210459000,0.0
1629210489000,0.0
1629210519000,0.0
1629210549000,0.0
1629210579000,0.0
1629210609000,0.0
1629210639000,0.0
1629210669000,0.0
1629210699000,0.0
1629210729000,0.0
1629210759000,0.0
1629210789000,0.0
1629210819000,0.0
1629210849000,0.0006056935190793457
1629210879000,0.0
1629210909000,0.0006056935190793457
1629210939000,0.0006169031462060457
1629210969000,0.0
1629210999000,0.0
1629211029000,0.0
1629211059000,0.0006009615384615385
1629211089000,0.0
1629211119000,0.0006060606060606062
1629211149000,0.0
1629211179000,0.0
1629211209000,0.0
1629211239000,0.0
1629211269000,0.0
1629211299000,0.0
1629211329000,0.0
1629211359000,0.0
1629211389000,0.0006086427267194157
1629211419000,0.0
1629211449000,0.0
1629211479000,0.0
1629211509000,0.0
1629211539000,0.0006067961165048543
1629211569000,0.0006138735420503376
1629211599000,0.0
1629211629000,0.0
1629211659000,0.0006086427267194157
1629211689000,0.0
1629211719000,0.0006045949214026603
1629211749000,0.0
1629211779000,0.0
1629211809000,0.0
1629211839000,0.0
1629211869000,0.0
1629211899000,0.0
1629211929000,0.0
1629211959000,0.0
1629211989000,0.0
1629212019000,0.0006108735491753207
1629212049000,0.0
1629212079000,0.0
1629212109000,0.0
1629212139000,0.0006035003017501509
1629212169000,0.0
1629212199000,0.0
1629212229000,0.0
1629212259000,0.0
1629212289000,0.0
1629212319000,0.0006060606060606062
1629212349000,0.0
1629212379000,0.0
1629212409000,0.0
1629212439000,0.0006161429451632778
1629212469000,0.0
1629212499000,0.0
1629212529000,0.0
1629212559000,0.0006101281269066504
1629212589000,0.0
1629212619000,0.0
1629212649000,0.0
1629212679000,0.0006153846153846153
1629212709000,0.0
1629212739000,0.0
1629212769000,0.0012353304508956149
1629212799000,0.0
1629212829000,0.0
1629212859000,0.0
1629212889000,0.0006116207951070336
1629212919000,0.0006180469715698393
1629212949000,0.0
1629212979000,0.0
1629213009000,0.0
1629213039000,0.0
1629213069000,0.0
1629213099000,0.0
1629213129000,0.0
1629213159000,0.0
1629213189000,0.0006075334143377885
1629213219000,0.0006127450980392157
1629213249000,0.0
1629213279000,0.0
1629213309000,0.0006042296072507553
1629213339000,0.0006138735420503376
1629213369000,0.0
1629213399000,0.0
1629213429000,0.0
1629213459000,0.0
1629213489000,0.0
1629213519000,0.0
1629213549000,0.0
1629213579000,0.0006053268765133173
1629213609000,0.0006112469437652813
1629213639000,0.0
1629213669000,0.0
1629213699000,0.0
1629213729000,0.0006060606060606062
1629213759000,0.0
1629213789000,0.0
1629213819000,0.0
1629213849000,0.0
1629213879000,0.0
1629213909000,0.0
1629213939000,0.0
1629213969000,0.0
1629213999000,0.0
1629214029000,0.0
1629214059000,0.0006195786864931846
1629214089000,0.0
1629214119000,0.0
1629214149000,0.0
1629214179000,0.0
1629214209000,0.0
1629214239000,0.0
1629214269000,0.0
1629214299000,0.0
1629214329000,0.0
1629214359000,0.0
1629214389000,0.0
1629214419000,0.0
1629214449000,0.0
1629214479000,0.0
1629214509000,0.0
1629214539000,0.0006184291898577612
1629214569000,0.0
1629214599000,0.0006127450980392157
1629214629000,0.0006199628022318662
1629214659000,0.0006108735491753207
1629214689000,0.0
1629214719000,0.0
1629214749000,0.0006020469596628537
1629214779000,0.0
1629214809000,0.0
1629214839000,0.0
1629214869000,0.0
1629214899000,0.0
1629214929000,0.0
1629214959000,0.0
1629214989000,0.0
1629215019000,0.0006056935190793457
1629215049000,0.0
1629215079000,0.0006172839506172839
1629215109000,0.0006195786864931846
1629215139000,0.0
1629215169000,0.0
1629215199000,0.0
1629215229000,0.0
1629215259000,0.0
1629215289000,0.0006067961165048543
1629215319000,0.0
1629215349000,0.0006203473945409428
1629215379000,0.0
1629215409000,0.0
1629215439000,0.0
1629215469000,0.0
1629215499000,0.0
1629215529000,0.0
1629215559000,0.0
1629215589000,0.0
1629215619000,0.0
1629215649000,0.0006127450980392157
1629215679000,0.0
1629215709000,0.0
1629215739000,0.0
1629215769000,0.0
1629215799000,0.0006215040397762585
1629215829000,0.0
1629215859000,0.0
1629215889000,0.0
1629215919000,0.0
1629215949000,0.0
1629215979000,0.0
1629216009000,0.0
1629216039000,0.0
1629216069000,0.0
1629216099000,0.0
1629216129000,0.0
1629216159000,0.0
1629216189000,0.0
1629216219000,0.0
1629216249000,0.0
1629216279000,0.0
1629216309000,0.0006112469437652813
1629216339000,0.0
1629216369000,0.0
1629216399000,0.0
1629216429000,0.0006101281269066504
1629216459000,0.0
1629216489000,0.0
1629216519000,0.001221001221001221
1629216549000,0.0
1629216579000,0.0
1629216609000,0.0
1629216639000,0.0
1629216669000,0.0
1629216699000,0.0
1629216729000,0.0
1629216759000,0.0006131207847946045
1629216789000,0.0
1629216819000,0.0
1629216849000,0.0006119951040391675
1629216879000,0.0006195786864931846
1629216909000,0.0
1629216939000,0.0
1629216969000,0.0
1629216999000,0.0
1629217029000,0.0
1629217059000,0.0
1629217089000,0.0
1629217119000,0.0006002400960384152
1629217149000,0.0
1629217179000,0.0006071645415907711
1629217209000,0.0
1629217239000,0.0
1629217269000,0.0
1629217299000,0.0
1629217329000,0.0
1629217359000,0.0
1629217389000,0.0
1629217419000,0.0
1629217449000,0.0
1629217479000,0.0
1629217509000,0.0
1629217539000,0.0
1629217569000,0.0
1629217599000,0.0006031363088057902
1629217629000,0.0
1629217659000,0.0
1629217689000,0.0
1629217719000,0.0
1629217749000,0.0006112469437652813
1629217779000,0.0
1629217809000,0.0006180469715698393
1629217839000,0.0
1629217869000,0.0
1629217899000,0.0
1629217929000,0.0
1629217959000,0.0
1629217989000,0.0
1629218019000,0.0
1629218049000,0.0006119951040391675
1629218079000,0.0006153846153846153
1629218109000,0.0
1629218139000,0.0
1629218169000,0.0006112469437652813
1629218199000,0.0006142506142506142
1629218229000,0.0
1629218259000,0.0
1629218289000,0.0012338062924120911
1629218319000,0.0
1629218349000,0.0
1629218379000,0.0
1629218409000,0.0
1629218439000,0.0
1629218469000,0.0006146281499692684
1629218499000,0.0
1629218529000,0.0
1629218559000,0.0006108735491753207
1629218589000,0.0006119951040391675
1629218619000,0.0
1629218649000,0.0
1629218679000,0.0
1629218709000,0.0
1629218739000,0.0
1629218769000,0.0
1629218799000,0.0
1629218829000,0.0006064281382656155
1629218859000,0.0
1629218889000,0.0
1629218919000,0.0
1629218949000,0.0006097560975609756
1629218979000,0.0
1629219009000,0.0006203473945409428
1629219039000,0.0
1629219069000,0.0
1629219099000,0.0006064281382656155
1629219129000,0.0
1629219159000,0.0
1629219189000,0.0
1629219219000,0.0006142506142506142
1629219249000,0.0
1629219279000,0.0006093845216331506
1629219309000,0.0
1629219339000,0.0006075334143377885
1629219369000,0.0
1629219399000,0.0006242197253433209
1629219429000,0.0
1629219459000,0.0
1629219489000,0.0
1629219519000,0.0
1629219549000,0.0
1629219579000,0.0
1629219609000,0.0006101281269066504
1629219639000,0.0
1629219669000,0.0
1629219699000,0.0
1629219729000,0.0006056935190793457
1629219759000,0.0
1629219789000,0.0
1629219819000,0.0
1629219849000,0.0
1629219879000,0.0
1629219909000,0.0006146281499692684
1629219939000,0.0006138735420503376
1629219969000,0.0
1629219999000,0.0
1629220029000,0.0
1629220059000,0.0006172839506172839
1629220089000,0.0006226650062266501
1629220119000,0.0006049606775559589
1629220149000,0.0005970149253731342
1629220179000,0.0006138735420503376
1629220209000,0.0
1629220239000,0.0
1629220269000,0.0
1629220299000,0.0
1629220329000,0.0006090133982947625
1629220359000,0.0
1629220389000,0.001223990208078335
1629220419000,0.0006127450980392157
1629220449000,0.0
1629220479000,0.0
1629220509000,0.0
1629220539000,0.0
1629220569000,0.0
1629220599000,0.0006097560975609756
1629220629000,0.0
1629220659000,0.0
1629220689000,0.0
1629220719000,0.0
1629220749000,0.0006134969325153375
1629220779000,0.0
1629220809000,0.0
1629220839000,0.0006101281269066504
1629220869000,0.0006134969325153375
1629220899000,0.0
1629220929000,0.0006042296072507553
1629220959000,0.0
1629220989000,0.0
1629221019000,0.0
1629221049000,0.0006153846153846153
1629221079000,0.0
1629221109000,0.0
1629221139000,0.0
1629221169000,0.0
1629221199000,0.0
1629221229000,0.0006138735420503376
1629221259000,0.0006127450980392157
1629221289000,0.0006009615384615385
1629221319000,0.0
1629221349000,0.0
1629221379000,0.0
1629221409000,0.0006234413965087283
1629221439000,0.0006105006105006105
1629221469000,0.0
1629221499000,0.0
1629221529000,0.0006146281499692684
1629221559000,0.0
1629221589000,0.0006071645415907711
1629221619000,0.0006184291898577612
1629221649000,0.0
1629221679000,0.0
1629221709000,0.0006053268765133173
1629221739000,0.0006086427267194157
1629221769000,0.0
1629221799000,0.0
1629221829000,0.0
1629221859000,0.0
1629221889000,0.0006108735491753207
1629221919000,0.0006169031462060457
1629221949000,0.0
1629221979000,0.0
1629222009000,0.0
1629222039000,0.0
1629222069000,0.0
1629222099000,0.0006038647342995169
1629222129000,0.0
1629222159000,0.0
1629222189000,0.0
1629222219000,0.0
1629222249000,0.0006146281499692684
1629222279000,0.0
1629222309000,0.0
1629222339000,0.0
1629222369000,0.0
1629222399000,0.0
1629222429000,0.0
1629222459000,0.0
1629222489000,0.0
1629222519000,0.0006108735491753207
1629222549000,0.0006157635467980296
1629222579000,0.0
1629222609000,0.0006093845216331506
1629222639000,0.0
1629222669000,0.0
1629222699000,0.0
1629222729000,0.0
1629222759000,0.0
1629222789000,0.0006157635467980296
1629222819000,0.0
1629222849000,0.0006203473945409428
1629222879000,0.0
1629222909000,0.0006180469715698393
1629222939000,0.0
1629222969000,0.0
1629222999000,0.0006090133982947625
1629223029000,0.0006079027355623102
1629223059000,0.0
1629223089000,0.0
1629223119000,0.0
1629223149000,0.0
1629223179000,0.0006131207847946045
1629223209000,0.0006101281269066504
1629223239000,0.0
1629223269000,0.0
1629223299000,0.0
1629223329000,0.0006119951040391675
1629223359000,0.0
1629223389000,0.0
1629223419000,0.0006211180124223603
1629223449000,0.0
1629223479000,0.0
1629223509000,0.0
1629223539000,0.0
1629223569000,0.0
1629223599000,0.001212856276531231
1629223629000,0.0
1629223659000,0.0
1629223689000,0.0006053268765133173
1629223719000,0.0
1629223749000,0.0
1629223779000,0.0
1629223809000,0.0
1629223839000,0.0
1629223869000,0.0
1629223899000,0.0
1629223929000,0.0
1629223959000,0.0
1629223989000,0.0006101281269066504
1629224019000,0.0
1629224049000,0.0006203473945409428
1629224079000,0.0
1629224109000,0.0
1629224139000,0.0
1629224169000,0.0
1629224199000,0.0
1629224229000,0.0
1629224259000,0.0006105006105006105
1629224289000,0.0
1629224319000,0.0
1629224349000,0.0006146281499692684
1629224379000,0.0
1629224409000,0.0
1629224439000,0.0
1629224469000,0.0
1629224499000,0.0
1629224529000,0.0
1629224559000,0.0006013229104028864
1629224589000,0.0
1629224619000,0.0
1629224649000,0.0
1629224679000,0.0
1629224709000,0.0
1629224739000,0.0
1629224769000,0.0006105006105006105
1629224799000,0.0
1629224829000,0.0
1629224859000,0.0006150061500615006
1629224889000,0.0
1629224919000,0.0006119951040391675
1629224949000,0.0
1629224979000,0.0006123698714023269
1629225009000,0.0
1629225039000,0.0
1629225069000,0.0
1629225099000,0.0
1629225129000,0.0006090133982947625
1629225159000,0.0
1629225189000,0.0
1629225219000,0.0
1629225249000,0.0
1629225279000,0.0
1629225309000,0.0
1629225339000,0.0
1629225369000,0.0
1629225399000,0.0006049606775559589
1629225429000,0.0
1629225459000,0.0
1629225489000,0.0
1629225519000,0.0
1629225549000,0.0
1629225579000,0.0
1629225609000,0.0006060606060606062
1629225639000,0.0
1629225669000,0.0
1629225699000,0.0
1629225729000,0.0
1629225759000,0.0
1629225789000,0.0006134969325153375
1629225819000,0.0006105006105006105
1629225849000,0.0006108735491753207
1629225879000,0.0
1629225909000,0.0
1629225939000,0.0006116207951070336
1629225969000,0.0
1629225999000,0.0006127450980392157
1629226029000,0.0
1629226059000,0.0006119951040391675
1629226089000,0.0
1629226119000,0.0006093845216331506
1629226149000,0.0
1629226179000,0.0006101281269066504
1629226209000,0.0
1629226239000,0.0
1629226269000,0.0
1629226299000,0.0
1629226329000,0.0
1629226359000,0.0
1629226389000,0.0
1629226419000,0.0
1629226449000,0.0
1629226479000,0.0
1629226509000,0.0
1629226539000,0.0
1629226569000,0.0
1629226599000,0.0
1629226629000,0.0
1629226659000,0.0
1629226689000,0.0
1629226719000,0.0
1629226749000,0.0006222775357809582
1629226779000,0.0006142506142506142
1629226809000,0.0006138735420503376
1629226839000,0.0
1629226869000,0.0006067961165048543
1629226899000,0.0
1629226929000,0.0
1629226959000,0.0
1629226989000,0.0006105006105006105
1629227019000,0.0
1629227049000,0.0
1629227079000,0.0
1629227109000,0.0
1629227139000,0.0
1629227169000,0.0
1629227199000,0.0
1629227229000,0.0
1629227259000,0.0006138735420503376
1629227289000,0.0
1629227319000,0.0006031363088057902
1629227349000,0.0006049606775559589
1629227379000,0.0006105006105006105
1629227409000,0.0
1629227439000,0.0
1629227469000,0.0006045949214026603
1629227499000,0.0
1629227529000,0.0006199628022318662
1629227559000,0.0
1629227589000,0.0
1629227619000,0.0006056935190793457
1629227649000,0.0
1629227679000,0.0
1629227709000,0.0006180469715698393
1629227739000,0.0
1629227769000,0.0
1629227799000,0.0
1629227829000,0.0006119951040391675
1629227859000,0.0006180469715698393
1629227889000,0.0
1629227919000,0.0006097560975609756
1629227949000,0.0
1629227979000,0.0
1629228009000,0.0
1629228039000,0.0
1629228069000,0.0006180469715698393
1629228099000,0.0
1629228129000,0.0
1629228159000,0.0
1629228189000,0.0
1629228219000,0.0
1629228249000,0.0
1629228279000,0.0
1629228309000,0.0
1629228339000,0.0
1629228369000,0.0
1629228399000,0.0006067961165048543
1629228429000,0.0
1629228459000,0.0
1629228489000,0.0
1629228519000,0.0006161429451632778
1629228549000,0.0
1629228579000,0.0
1629228609000,0.0
1629228639000,0.0
1629228669000,0.0006157635467980296
1629228699000,0.0
1629228729000,0.0
1629228759000,0.0
1629228789000,0.0
1629228819000,0.0
1629228849000,0.0
1629228879000,0.0006127450980392157
1629228909000,0.0
1629228939000,0.0
1629228969000,0.0
1629228999000,0.0
1629229029000,0.0006101281269066504
1629229059000,0.0
1629229089000,0.0
1629229119000,0.0
1629229149000,0.0
1629229179000,0.0006093845216331506
1629229209000,0.0006049606775559589
1629229239000,0.0
1629229269000,0.0
1629229299000,0.0
1629229329000,0.0
1629229359000,0.0
1629229389000,0.0
1629229419000,0.0006105006105006105
1629229449000,0.0
1629229479000,0.0
1629229509000,0.0
1629229539000,0.0
1629229569000,0.0
1629229599000,0.0
1629229629000,0.0006184291898577612
1629229659000,0.0
1629229689000,0.0006056935190793457
1629229719000,0.0
1629229749000,0.0
1629229779000,0.0
1629229809000,0.0
1629229839000,0.0
1629229869000,0.0
1629229899000,0.0006056935190793457
1629229929000,0.0
1629229959000,0.0
1629229989000,0.0
1629230019000,0.0
1629230049000,0.0
1629230079000,0.0
1629230109000,0.0
1629230139000,0.0
1629230169000,0.0
1629230199000,0.0006142506142506142
1629230229000,0.0
1629230259000,0.0
1629230289000,0.0
1629230319000,0.0
1629230349000,0.0006049606775559589
1629230379000,0.0
1629230409000,0.0006013229104028864
1629230439000,0.0
1629230469000,0.0
1629230499000,0.0006150061500615006
1629230529000,0.0
1629230559000,0.0006031363088057902
1629230589000,0.0
1629230619000,0.0006119951040391675
1629230649000,0.0006180469715698393
1629230679000,0.0
1629230709000,0.0
1629230739000,0.0
1629230769000,0.0
1629230799000,0.0
1629230829000,0.0
1629230859000,0.0
1629230889000,0.0
1629230919000,0.0
1629230949000,0.0
1629230979000,0.0
1629231009000,0.0006020469596628537
1629231039000,0.0012300123001230013
1629231069000,0.0
1629231099000,0.0
1629231129000,0.0
1629231159000,0.0006108735491753207
1629231189000,0.0
1629231219000,0.0
1629231249000,0.0
1629231279000,0.0
1629231309000,0.0
1629231339000,0.0
1629231369000,0.0006153846153846153
1629231399000,0.0
1629231429000,0.0
1629231459000,0.0
1629231489000,0.0
1629231519000,0.0
1629231549000,0.0006146281499692684
1629231579000,0.0
1629231609000,0.0
1629231639000,0.0
1629231669000,0.0006053268765133173
1629231699000,0.0
1629231729000,0.0
1629231759000,0.0006146281499692684
1629231789000,0.0
1629231819000,0.0
1629231849000,0.0006123698714023269
1629231879000,0.0
1629231909000,0.0012084592145015106
1629231939000,0.0
1629231969000,0.0
1629231999000,0.0
1629232029000,0.0
1629232059000,0.0
1629232089000,0.0
1629232119000,0.0
1629232149000,0.0
1629232179000,0.0005998800239952009
1629232209000,0.0
1629232239000,0.0
1629232269000,0.0
1629232299000,0.0
1629232329000,0.0
1629232359000,0.0
1629232389000,0.0006172839506172839
1629232419000,0.0
1629232449000,0.0
1629232479000,0.0006105006105006105
1629232509000,0.0
1629232539000,0.0
1629232569000,0.0
1629232599000,0.0
1629232629000,0.0006134969325153375
1629232659000,0.0
1629232689000,0.0
1629232719000,0.0
1629232749000,0.0
1629232779000,0.0
1629232809000,0.0
1629232839000,0.0006207324643078832
1629232869000,0.0
1629232899000,0.0
1629232929000,0.0012300123001230013
1629232959000,0.0006108735491753207
1629232989000,0.0006101281269066504
1629233019000,0.0
1629233049000,0.0006002400960384152
1629233079000,0.0
1629233109000,0.0006090133982947625
1629233139000,0.0
1629233169000,0.0
1629233199000,0.0006071645415907711
1629233229000,0.0006086427267194157
1629233259000,0.0
1629233289000,0.0006131207847946045
1629233319000,0.0
1629233349000,0.0
1629233379000,0.0
1629233409000,0.0006045949214026603
1629233439000,0.0
1629233469000,0.0
1629233499000,0.0
1629233529000,0.0006108735491753207
1629233559000,0.0006071645415907711
1629233589000,0.0006138735420503376
1629233619000,0.0
1629233649000,0.0
1629233679000,0.0
1629233709000,0.0
1629233739000,0.0
1629233769000,0.0
1629233799000,0.0006097560975609756
1629233829000,0.0
1629233859000,0.0
1629233889000,0.0
1629233919000,0.0006142506142506142
1629233949000,0.0006108735491753207
1629233979000,0.0006142506142506142
1629234009000,0.0
1629234039000,0.0012277470841006752
1629234069000,0.0006142506142506142
1629234099000,0.0
1629234129000,0.0
1629234159000,0.0006086427267194157
1629234189000,0.0
1629234219000,0.0006097560975609756
1629234249000,0.0
1629234279000,0.0
1629234309000,0.0
1629234339000,0.0
1629234369000,0.0006176652254478072
1629234399000,0.0
1629234429000,0.0006150061500615006
1629234459000,0.0
1629234489000,0.0
1629234519000,0.0
1629234549000,0.0
1629234579000,0.0
1629234609000,0.0006161429451632778
1629234639000,0.0006108735491753207
1629234669000,0.0
1629234699000,0.0006146281499692684
1629234729000,0.0006079027355623102
1629234759000,0.0
1629234789000,0.0
1629234819000,0.0
1629234849000,0.0
1629234879000,0.0
1629234909000,0.0
1629234939000,0.0006157635467980296
1629234969000,0.0006211180124223603
1629234999000,0.0006165228113440197
1629235029000,0.0
1629235059000,0.0006153846153846153
1629235089000,0.0
1629235119000,0.0
1629235149000,0.0
1629235179000,0.0
1629235209000,0.0006031363088057902
1629235239000,0.0006038647342995169
1629235269000,0.0
1629235299000,0.0006153846153846153
1629235329000,0.0006123698714023269
1629235359000,0.0
1629235389000,0.0
1629235419000,0.0
1629235449000,0.0
1629235479000,0.0
1629235509000,0.0
1629235539000,0.0006097560975609756
1629235569000,0.0006049606775559589
1629235599000,0.0
1629235629000,0.0
1629235659000,0.0
1629235689000,0.0012195121951219512
1629235719000,0.0
1629235749000,0.0
1629235779000,0.0
1629235809000,0.0
1629235839000,0.0
1629235869000,0.0006093845216331506
1629235899000,0.0006101281269066504
1629235929000,0.0
1629235959000,0.0
1629235989000,0.0
1629236019000,0.0
1629236049000,0.0
1629236079000,0.0
1629236109000,0.0
1629236139000,0.0
1629236169000,0.0
1629236199000,0.0
1629236229000,0.0006131207847946045
1629236259000,0.0005963029218843173
1629236289000,0.0
1629236319000,0.0
1629236349000,0.0
1629236379000,0.0
1629236409000,0.0
1629236439000,0.0
1629236469000,0.0
1629236499000,0.0
1629236529000,0.0
1629236559000,0.0006119951040391675
1629236589000,0.0
1629236619000,0.0
1629236649000,0.0
1629236679000,0.0
1629236709000,0.0006119951040391675
1629236739000,0.0
1629236769000,0.0006211180124223603
1629236799000,0.0
1629236829000,0.0005995203836930455
1629236859000,0.0
1629236889000,0.0006101281269066504
1629236919000,0.0006097560975609756
1629236949000,0.0
1629236979000,0.0
1629237009000,0.0
1629237039000,0.0
1629237069000,0.0
1629237099000,0.0
1629237129000,0.0
1629237159000,0.0
1629237189000,0.0
1629237219000,0.0
1629237249000,0.0
1629237279000,0.0
1629237309000,0.0006169031462060457
1629237339000,0.0
1629237369000,0.0
1629237399000,0.0
1629237429000,0.0
1629237459000,0.0006031363088057902
1629237489000,0.0
1629237519000,0.0
1629237549000,0.0
1629237579000,0.0
1629237609000,0.0
1629237639000,0.0006138735420503376
1629237669000,0.0006056935190793457
1629237699000,0.0
1629237729000,0.0
1629237759000,0.0
1629237789000,0.0
1629237819000,0.0006172839506172839
1629237849000,0.0
1629237879000,0.0
1629237909000,0.0
1629237939000,0.0
1629237969000,0.0006180469715698393
1629237999000,0.0
1629238029000,0.0
1629238059000,0.0006067961165048543
1629238089000,0.0
1629238119000,0.0
1629238149000,0.0
1629238179000,0.0
1629238209000,0.0
1629238239000,0.0
1629238269000,0.0006079027355623102
1629238299000,0.0
1629238329000,0.0
1629238359000,0.0
1629238389000,0.0
1629238419000,0.0006138735420503376
1629238449000,0.0
1629238479000,0.0006134969325153375
1629238509000,0.0
1629238539000,0.0
1629238569000,0.0
1629238599000,0.0
1629238629000,0.0006123698714023269
1629238659000,0.0006112469437652813
1629238689000,0.0
1629238719000,0.0
1629238749000,0.0
1629238779000,0.0
1629238809000,0.0
1629238839000,0.0
1629238869000,0.0
1629238899000,0.0
1629238929000,0.0006169031462060457
1629238959000,0.0006093845216331506
1629238989000,0.0
1629239019000,0.0
1629239049000,0.0
1629239079000,0.0
1629239109000,0.0006142506142506142
1629239139000,0.0
1629239169000,0.0006134969325153375
1629239199000,0.0
1629239229000,0.0006101281269066504
1629239259000,0.0005984440454817473
1629239289000,0.0
1629239319000,0.0
1629239349000,0.0
1629239379000,0.0
1629239409000,0.0006101281269066504
1629239439000,0.0
1629239469000,0.0006049606775559589
1629239499000,0.0
1629239529000,0.0
1629239559000,0.0006222775357809582
1629239589000,0.0
1629239619000,0.0
1629239649000,0.0006082725060827251
1629239679000,0.0
1629239709000,0.0006045949214026603
1629239739000,0.0
1629239769000,0.0006031363088057902
1629239799000,0.0
1629239829000,0.0
1629239859000,0.0006071645415907711
1629239889000,0.0012062726176115801
1629239919000,0.0006101281269066504
1629239949000,0.0
1629239979000,0.0
1629240009000,0.0
1629240039000,0.0
1629240069000,0.0006127450980392157
1629240099000,0.0
1629240129000,0.0006067961165048543
1629240159000,0.0006116207951070336
1629240189000,0.0
1629240219000,0.0
1629240249000,0.0006146281499692684
1629240279000,0.0
1629240309000,0.0
1629240339000,0.0006060606060606062
1629240369000,0.0018192844147968464
1629240399000,0.0006116207951070336
1629240429000,0.0006207324643078832
1629240459000,0.0
1629240489000,0.0006108735491753207
1629240519000,0.0006119951040391675
1629240549000,0.0006161429451632778
1629240579000,0.0011813349084465446
1629240609000,0.0
1629240639000,0.0
1629240669000,0.0
1629240699000,0.0
1629240729000,0.0
1629240759000,0.0
1629240789000,0.0
1629240819000,0.0
1629240849000,0.0
1629240879000,0.0006016847172081829
1629240909000,0.0
1629240939000,0.0
1629240969000,0.0
1629240999000,0.0
1629241029000,0.0
1629241059000,0.0
1629241089000,0.0
1629241119000,0.0
1629241149000,0.0
1629241179000,0.0
1629241209000,0.0
1629241239000,0.0006038647342995169
1629241269000,0.0
1629241299000,0.0
1629241329000,0.0006112469437652813
1629241359000,0.0
1629241389000,0.0
1629241419000,0.0
1629241449000,0.0
1629241479000,0.0
1629241509000,0.0
1629241539000,0.0
1629241569000,0.0006134969325153375
1629241599000,0.0
1629241629000,0.0006108735491753207
1629241659000,0.0006119951040391675
1629241689000,0.0006218905472636817
1629241719000,0.0
1629241749000,0.0006060606060606062
1629241779000,0.0
1629241809000,0.0
1629241839000,0.0
1629241869000,0.0006086427267194157
1629241899000,0.0
1629241929000,0.0
1629241959000,0.0
1629241989000,0.0
1629242019000,0.0
1629242049000,0.0
1629242079000,0.0
1629242109000,0.0
1629242139000,0.0
1629242169000,0.0
1629242199000,0.0
1629242229000,0.0
1629242259000,0.0006064281382656155
1629242289000,0.0
1629242319000,0.0
1629242349000,0.0006242197253433209
1629242379000,0.0
1629242409000,0.0
1629242439000,0.0
1629242469000,0.0
1629242499000,0.0006067961165048543
1629242529000,0.0
1629242559000,0.0
1629242589000,0.0
1629242619000,0.0
1629242649000,0.0
1629242679000,0.0
1629242709000,0.0
1629242739000,0.0
1629242769000,0.0
1629242799000,0.0006067961165048543
1629242829000,0.0
1629242859000,0.0
1629242889000,0.0012292562999385369
1629242919000,0.0
1629242949000,0.0
1629242979000,0.0006035003017501509
1629243009000,0.0
1629243039000,0.0006097560975609756
1629243069000,0.0
1629243099000,0.0
1629243129000,0.0
1629243159000,0.0
1629243189000,0.0
1629243219000,0.0006009615384615385
1629243249000,0.0
1629243279000,0.0
1629243309000,0.0
1629243339000,0.0006013229104028864
1629243369000,0.0
1629243399000,0.0006060606060606062
1629243429000,0.0
1629243459000,0.0006191950464396285
1629243489000,0.0
1629243519000,0.0
1629243549000,0.0006064281382656155
1629243579000,0.0006031363088057902
1629243609000,0.0006016847172081829
1629243639000,0.0006108735491753207
1629243669000,0.0
1629243699000,0.0
1629243729000,0.0
1629243759000,0.0
1629243789000,0.0
1629243819000,0.0
1629243849000,0.0
1629243879000,0.0
1629243909000,0.0006123698714023269
1629243939000,0.0
1629243969000,0.0
1629243999000,0.0
1629244029000,0.0
1629244059000,0.0006230529595015578
1629244089000,0.0006184291898577612
1629244119000,0.0
1629244149000,0.0
1629244179000,0.0006049606775559589
1629244209000,0.0006138735420503376
1629244239000,0.0
1629244269000,0.0
1629244299000,0.0
1629244329000,0.0012224938875305626
1629244359000,0.0
1629244389000,0.0
1629244419000,0.0006075334143377885
1629244449000,0.0
1629244479000,0.0
1629244509000,0.0
1629244539000,0.0
1629244569000,0.0006071645415907711
1629244599000,0.0
1629244629000,0.0
1629244659000,0.0006075334143377885
1629244689000,0.0
1629244719000,0.0006142506142506142
1629244749000,0.0006071645415907711
1629244779000,0.0
1629244809000,0.0006153846153846153
1629244839000,0.0
1629244869000,0.0
1629244899000,0.0
1629244929000,0.0006016847172081829
1629244959000,0.0
1629244989000,0.0006071645415907711
1629245019000,0.0006165228113440197
1629245049000,0.0006071645415907711
1629245079000,0.0006060606060606062
1629245109000,0.0
1629245139000,0.0006112469437652813
1629245169000,0.0006038647342995169
1629245199000,0.0005991611743559018
1629245229000,0.0
1629245259000,0.0
1629245289000,0.0006123698714023269
1629245319000,0.0
1629245349000,0.0
1629245379000,0.0006053268765133173
1629245409000,0.0
1629245439000,0.0
1629245469000,0.0
1629245499000,0.0006053268765133173
1629245529000,0.0
1629245559000,0.0
1629245589000,0.0
1629245619000,0.0
1629245649000,0.0006119951040391675
1629245679000,0.0
1629245709000,0.0006108735491753207
1629245739000,0.0
1629245769000,0.0
1629245799000,0.0006086427267194157
1629245829000,0.0006169031462060457
1629245859000,0.0
1629245889000,0.0
1629245919000,0.0006188118811881187
1629245949000,0.0
1629245979000,0.0
1629246009000,0.0
1629246039000,0.0
1629246069000,0.0006082725060827251
1629246099000,0.0
1629246129000,0.0
1629246159000,0.0
1629246189000,0.0
1629246219000,0.0
1629246249000,0.0
1629246279000,0.0
1629246309000,0.0
1629246339000,0.0
1629246369000,0.0
1629246399000,0.0006172839506172839
1629246429000,0.0
1629246459000,0.0
1629246489000,0.0
1629246519000,0.0
1629246549000,0.0
1629246579000,0.0
1629246609000,0.0
1629246639000,0.0006142506142506142
1629246669000,0.0
1629246699000,0.0006176652254478072
1629246729000,0.0006157635467980296
1629246759000,0.0006056935190793457
1629246789000,0.0
1629246819000,0.0
1629246849000,0.0006105006105006105
1629246879000,0.0
1629246909000,0.0
1629246939000,0.0
1629246969000,0.0
1629246999000,0.0006195786864931846
1629247029000,0.0006116207951070336
1629247059000,0.0006195786864931846
1629247089000,0.0
1629247119000,0.0006157635467980296
1629247149000,0.0006067961165048543
1629247179000,0.0
1629247209000,0.0006101281269066504
1629247239000,0.0
1629247269000,0.0
1629247299000,0.0
1629247329000,0.0006146281499692684
1629247359000,0.0
1629247389000,0.0
1629247419000,0.0006207324643078832
1629247449000,0.0
1629247479000,0.0
1629247509000,0.0
1629247539000,0.0
1629247569000,0.0
1629247599000,0.0
1629247629000,0.0006009615384615385
1629247659000,0.0
1629247689000,0.0
1629247719000,0.0
1629247749000,0.0
1629247779000,0.0006176652254478072
1629247809000,0.0
1629247839000,0.0
1629247869000,0.0
1629247899000,0.0
1629247929000,0.0006097560975609756
1629247959000,0.0
1629247989000,0.0
1629248019000,0.0
1629248049000,0.0
1629248079000,0.0
1629248109000,0.0006112469437652813
1629248139000,0.0
1629248169000,0.0
1629248199000,0.0
1629248229000,0.0
1629248259000,0.0
1629248289000,0.0
1629248319000,0.0
1629248349000,0.0006101281269066504
1629248379000,0.0
1629248409000,0.0
1629248439000,0.0
1629248469000,0.0
1629248499000,0.0006086427267194157
1629248529000,0.0
1629248559000,0.0
1629248589000,0.0
1629248619000,0.0
1629248649000,0.0
1629248679000,0.0
1629248709000,0.0
1629248739000,0.0006172839506172839
1629248769000,0.0
1629248799000,0.0
1629248829000,0.0
1629248859000,0.0
1629248889000,0.0
1629248919000,0.0
1629248949000,0.0
1629248979000,0.0
1629249009000,0.0
1629249039000,0.001203369434416366
1629249069000,0.0
1629249099000,0.0
1629249129000,0.0
1629249159000,0.0
1629249189000,0.0
1629249219000,0.0005938242280285036
1629249249000,0.0005998800239952009
1629249279000,0.0
1629249309000,0.0
1629249339000,0.0
1629249369000,0.0
1629249399000,0.0
1629249429000,0.0
1629249459000,0.0005984440454817473
1629249489000,0.0
1629249519000,0.0
1629249549000,0.0
1629249579000,0.0006116207951070336
1629249609000,0.0006199628022318662
1629249639000,0.0
1629249669000,0.0006064281382656155
1629249699000,0.0006101281269066504
1629249729000,0.0005995203836930455
1629249759000,0.0
1629249789000,0.0006188118811881187
1629249819000,0.0
1629249849000,0.0006097560975609756
1629249879000,0.0
1629249909000,0.0
1629249939000,0.0
1629249969000,0.0
1629249999000,0.0006002400960384152
1629250029000,0.0
1629250059000,0.0
1629250089000,0.0006097560975609756
1629250119000,0.0
1629250149000,0.0
1629250179000,0.0
1629250209000,0.0
1629250239000,0.0006093845216331506
1629250269000,0.0
1629250299000,0.0
1629250329000,0.0
1629250359000,0.0
1629250389000,0.0
1629250419000,0.0
1629250449000,0.0
1629250479000,0.0005973715651135006
1629250509000,0.0
1629250539000,0.0
1629250569000,0.0
1629250599000,0.0
1629250629000,0.0005966587112171838
1629250659000,0.0
1629250689000,0.0
1629250719000,0.0006042296072507553
1629250749000,0.0006045949214026603
1629250779000,0.0
1629250809000,0.0
1629250839000,0.0
1629250869000,0.0
1629250899000,0.0
1629250929000,0.0
1629250959000,0.0
1629250989000,0.0
1629251019000,0.0
1629251049000,0.0
1629251079000,0.0
1629251109000,0.0
1629251139000,0.0006027727546714887
1629251169000,0.0
1629251199000,0.0
1629251229000,0.0
1629251259000,0.0
1629251289000,0.0
1629251319000,0.0
1629251349000,0.0
1629251379000,0.0006108735491753207
1629251409000,0.0006075334143377885
1629251439000,0.0
1629251469000,0.0
1629251499000,0.0
1629251529000,0.0
1629251559000,0.0
1629251589000,0.0
1629251619000,0.0
1629251649000,0.0
1629251679000,0.0
1629251709000,0.0
1629251739000,0.0005878894767783657
1629251769000,0.0006101281269066504
1629251799000,0.0
1629251829000,0.0005998800239952009
1629251859000,0.0
1629251889000,0.0
1629251919000,0.0005948839976204639
1629251949000,0.0
1629251979000,0.0
1629252009000,0.0
1629252039000,0.0005991611743559018
1629252069000,0.0
1629252099000,0.0
1629252129000,0.0006006006006006006
1629252159000,0.0006064281382656155
1629252189000,0.0006031363088057902
1629252219000,0.0
1629252249000,0.0
1629252279000,0.0
1629252309000,0.0
1629252339000,0.0
1629252369000,0.0
1629252399000,0.0
1629252429000,0.0
1629252459000,0.0
1629252489000,0.0
1629252519000,0.0
1629252549000,0.0
1629252579000,0.0
1629252609000,0.0
1629252639000,0.0
1629252669000,0.0
1629252699000,0.0006016847172081829
1629252729000,0.0
1629252759000,0.0
1629252789000,0.0006127450980392157
1629252819000,0.0006116207951070336
1629252849000,0.0
1629252879000,0.0006053268765133173
1629252909000,0.0
1629252939000,0.0
1629252969000,0.0
1629252999000,0.0
1629253029000,0.0006082725060827251
1629253059000,0.0
1629253089000,0.0006131207847946045
1629253119000,0.0
1629253149000,0.0
1629253179000,0.0
1629253209000,0.0
1629253239000,0.0
1629253269000,0.0
1629253299000,0.0
1629253329000,0.0
1629253359000,0.0
1629253389000,0.0
1629253419000,0.0006079027355623102
1629253449000,0.0006097560975609756
1629253479000,0.0
1629253509000,0.0
1629253539000,0.0006184291898577612
1629253569000,0.0
1629253599000,0.0
1629253629000,0.0006134969325153375
1629253659000,0.0
1629253689000,0.0
1629253719000,0.0
1629253749000,0.0
1629253779000,0.0006090133982947625
1629253809000,0.0
1629253839000,0.0006042296072507553
1629253869000,0.0
1629253899000,0.0
1629253929000,0.0
1629253959000,0.0005955926146515784
1629253989000,0.0
1629254019000,0.0
1629254049000,0.0006053268765133173
1629254079000,0.0
1629254109000,0.0
1629254139000,0.0
1629254169000,0.0
1629254199000,0.0
1629254229000,0.0
1629254259000,0.0
1629254289000,0.0
1629254319000,0.0006150061500615006
1629254349000,0.0
1629254379000,0.0
1629254409000,0.0005988023952095807
1629254439000,0.0
1629254469000,0.0
1629254499000,0.0006013229104028864
1629254529000,0.0006138735420503376
1629254559000,0.0
1629254589000,0.0
1629254619000,0.0
1629254649000,0.0005945303210463732
1629254679000,0.0005984440454817473
1629254709000,0.0
1629254739000,0.0
1629254769000,0.0
1629254799000,0.0006105006105006105
1629254829000,0.0
1629254859000,0.0
1629254889000,0.0
1629254919000,0.0
1629254949000,0.0
1629254979000,0.0
1629255009000,0.0006060606060606062
1629255039000,0.0006079027355623102
1629255069000,0.0
1629255099000,0.0005998800239952009
1629255129000,0.0
1629255159000,0.0
1629255189000,0.0005959475566150177
1629255219000,0.0005988023952095807
1629255249000,0.0006064281382656155
1629255279000,0.0
1629255309000,0.0
1629255339000,0.0
1629255369000,0.0
1629255399000,0.0
1629255429000,0.0006060606060606062
1629255459000,0.0
1629255489000,0.0
1629255519000,0.0
1629255549000,0.0
1629255579000,0.0
1629255609000,0.0
1629255639000,0.0
1629255669000,0.0006053268765133173
1629255699000,0.0
1629255729000,0.0006097560975609756
1629255759000,0.0006049606775559589
1629255789000,0.0
1629255819000,0.0006002400960384152
1629255849000,0.0
1629255879000,0.0
1629255909000,0.0
1629255939000,0.0005998800239952009
1629255969000,0.0
1629255999000,0.0
1629256029000,0.0006067961165048543
1629256059000,0.0
1629256089000,0.0
1629256119000,0.0
1629256149000,0.0
1629256179000,0.0
1629256209000,0.0005948839976204639
1629256239000,0.0
1629256269000,0.0
1629256299000,0.0006042296072507553
1629256329000,0.0005948839976204639
1629256359000,0.0006027727546714887
1629256389000,0.0
1629256419000,0.0
1629256449000,0.0
1629256479000,0.0
1629256509000,0.0
1629256539000,0.0005948839976204639
1629256569000,0.0
1629256599000,0.0005998800239952009
1629256629000,0.0
1629256659000,0.0
1629256689000,0.0
1629256719000,0.0006101281269066504
1629256749000,0.0006131207847946045
1629256779000,0.0
1629256809000,0.0
1629256839000,0.0006150061500615006
1629256869000,0.0
1629256899000,0.0005988023952095807
1629256929000,0.0
1629256959000,0.0
1629256989000,0.0
1629257019000,0.0
1629257049000,0.0
1629257079000,0.0006075334143377885
1629257109000,0.0
1629257139000,0.0005973715651135006
1629257169000,0.0
1629257199000,0.0
1629257229000,0.0006038647342995169
1629257259000,0.0
1629257289000,0.0
1629257319000,0.0
1629257349000,0.0
1629257379000,0.0
1629257409000,0.0
1629257439000,0.0
1629257469000,0.0011997600479904018
1629257499000,0.0
1629257529000,0.0
1629257559000,0.0
1629257589000,0.0
1629257619000,0.0005934718100890207
1629257649000,0.0
1629257679000,0.0
1629257709000,0.0
1629257739000,0.0
1629257769000,0.0006002400960384152
1629257799000,0.0
1629257829000,0.0
1629257859000,0.0
1629257889000,0.0
1629257919000,0.0
1629257949000,0.0
1629257979000,0.0
1629258009000,0.0
1629258039000,0.0005945303210463732
1629258069000,0.0006131207847946045
1629258099000,0.0
1629258129000,0.0006119951040391675
1629258159000,0.0005927682276229994
1629258189000,0.0
1629258219000,0.0
1629258249000,0.0
1629258279000,0.0005892751915144372
1629258309000,0.0
1629258339000,0.0
1629258369000,0.0
1629258399000,0.0006042296072507553
1629258429000,0.0006006006006006006
1629258459000,0.0
1629258489000,0.0
1629258519000,0.0
1629258549000,0.0006101281269066504
1629258579000,0.0006067961165048543
1629258609000,0.0
1629258639000,0.0
1629258669000,0.0006172839506172839
1629258699000,0.0
1629258729000,0.0006056935190793457
1629258759000,0.0
1629258789000,0.0012277470841006752
1629258819000,0.0005934718100890207
1629258849000,0.0
1629258879000,0.0005966587112171838
1629258909000,0.0005955926146515784
1629258939000,0.0006009615384615385
1629258969000,0.0
1629258999000,0.0
1629259029000,0.0
1629259059000,0.0
1629259089000,0.0
1629259119000,0.0
1629259149000,0.0
1629259179000,0.0
1629259209000,0.0
1629259239000,0.0
1629259269000,0.0
1629259299000,0.0
1629259329000,0.0
1629259359000,0.0
1629259389000,0.0
1629259419000,0.0
1629259449000,0.0005970149253731342
1629259479000,0.0
1629259509000,0.0
1629259539000,0.0005973715651135006
1629259569000,0.0
1629259599000,0.0
1629259629000,0.0
1629259659000,0.0
1629259689000,0.0
1629259719000,0.0
1629259749000,0.0006031363088057902
1629259779000,0.0
1629259809000,0.0
1629259839000,0.0
1629259869000,0.0
1629259899000,0.0
1629259929000,0.0006131207847946045
1629259959000,0.0
1629259989000,0.0
1629260019000,0.0006024096385542169
1629260049000,0.0005977286312014345
1629260079000,0.0006064281382656155
1629260109000,0.0
1629260139000,0.0
1629260169000,0.0
1629260199000,0.0005906674542232723
1629260229000,0.0
1629260259000,0.0
1629260289000,0.0
1629260319000,0.0
1629260349000,0.0
1629260379000,0.0006027727546714887
1629260409000,0.0
1629260439000,0.0
1629260469000,0.0
1629260499000,0.0006090133982947625
1629260529000,0.0
1629260559000,0.0
1629260589000,0.0006071645415907711
1629260619000,0.0005980861244019139
1629260649000,0.0
1629260679000,0.0
1629260709000,0.0006009615384615385
1629260739000,0.0
1629260769000,0.0
1629260799000,0.0
1629260829000,0.0
1629260859000,0.0006079027355623102
1629260889000,0.0
1629260919000,0.0
1629260949000,0.0
1629260979000,0.0
1629261009000,0.0
1629261039000,0.0006064281382656155
1629261069000,0.0
1629261099000,0.0005998800239952009
1629261129000,0.0
1629261159000,0.0
1629261189000,0.0005934718100890207
1629261219000,0.0
1629261249000,0.0005966587112171838
1629261279000,0.0
1629261309000,0.0006038647342995169
1629261339000,0.0006105006105006105
1629261369000,0.0006079027355623102
1629261399000,0.0
1629261429000,0.0
1629261459000,0.0
1629261489000,0.0
1629261519000,0.0
1629261549000,0.0005998800239952009
1629261579000,0.0
1629261609000,0.0006024096385542169
1629261639000,0.0012106537530266347
1629261669000,0.0
1629261699000,0.0006049606775559589
1629261729000,0.0
1629261759000,0.0
1629261789000,0.0
1629261819000,0.0
1629261849000,0.0
1629261879000,0.0
1629261909000,0.0006013229104028864
1629261939000,0.0
1629261969000,0.0
1629261999000,0.0005963029218843173
1629262029000,0.0
1629262059000,0.0006131207847946045
1629262089000,0.0
1629262119000,0.0
1629262149000,0.0012091898428053206
1629262179000,0.0006071645415907711
1629262209000,0.0006142506142506142
1629262239000,0.0
1629262269000,0.0005948839976204639
1629262299000,0.0006035003017501509
1629262329000,0.0
1629262359000,0.0006093845216331506
1629262389000,0.0005955926146515784
1629262419000,0.0
1629262449000,0.0006027727546714887
1629262479000,0.0
1629262509000,0.0
1629262539000,0.0
1629262569000,0.0
1629262599000,0.0
1629262629000,0.0
1629262659000,0.0
1629262689000,0.0
1629262719000,0.0
1629262749000,0.0
1629262779000,0.0
1629262809000,0.0
1629262839000,0.0
1629262869000,0.0
1629262899000,0.0
1629262929000,0.0
1629262959000,0.0
1629262989000,0.0006108735491753207
1629263019000,0.0005868544600938967
1629263049000,0.0
1629263079000,0.0
1629263109000,0.0006086427267194157
1629263139000,0.0
1629263169000,0.0
1629263199000,0.0006093845216331506
1629263229000,0.0006038647342995169
1629263259000,0.0
1629263289000,0.0
1629263319000,0.0005995203836930455
1629263349000,0.0
1629263379000,0.0
1629263409000,0.0
1629263439000,0.0
1629263469000,0.0006097560975609756
1629263499000,0.0006153846153846153
1629263529000,0.0006230529595015578
1629263559000,0.0005878894767783657
1629263589000,0.0
1629263619000,0.0
1629263649000,0.0005973715651135006
1629263679000,0.0
1629263709000,0.0
1629263739000,0.0
1629263769000,0.0
1629263799000,0.0
1629263829000,0.0
1629263859000,0.0012277470841006752
1629263889000,0.0005910165484633571
1629263919000,0.0
1629263949000,0.0
1629263979000,0.0
1629264009000,0.0006024096385542169
1629264039000,0.0006082725060827251
1629264069000,0.0
1629264099000,0.0011890606420927464
1629264129000,0.0
1629264159000,0.0
1629264189000,0.0
1629264219000,0.0
1629264249000,0.0
1629264279000,0.0
1629264309000,0.0
1629264339000,0.0005927682276229994
1629264369000,0.0
1629264399000,0.0
1629264429000,0.0
1629264459000,0.0005959475566150177
1629264489000,0.0006035003017501509
1629264519000,0.0006079027355623102
1629264549000,0.0
1629264579000,0.0
1629264609000,0.0
1629264639000,0.0
1629264669000,0.0005927682276229994
1629264699000,0.0006112469437652813
1629264729000,0.0
1629264759000,0.0
1629264789000,0.0
1629264819000,0.0
1629264849000,0.0012012012012012011
1629264879000,0.0
1629264909000,0.0
1629264939000,0.0
1629264969000,0.0
1629264999000,0.0005896226415094339
1629265029000,0.0
1629265059000,0.0
1629265089000,0.0006127450980392157
1629265119000,0.0
1629265149000,0.0
1629265179000,0.0
1629265209000,0.0
1629265239000,0.0
1629265269000,0.0
1629265299000,0.0
1629265329000,0.0
1629265359000,0.0
1629265389000,0.0
1629265419000,0.0
1629265449000,0.0
1629265479000,0.0006038647342995169
1629265509000,0.0006153846153846153
1629265539000,0.0006002400960384152
1629265569000,0.0006082725060827251
1629265599000,0.0
1629265629000,0.0
1629265659000,0.0
1629265689000,0.0006056935190793457
1629265719000,0.0
1629265749000,0.0006131207847946045
1629265779000,0.0
1629265809000,0.0006108735491753207
1629265839000,0.0
1629265869000,0.0
1629265899000,0.0006002400960384152
1629265929000,0.0
1629265959000,0.0006071645415907711
1629265989000,0.0
1629266019000,0.0
1629266049000,0.0006112469437652813
1629266079000,0.0
1629266109000,0.0006101281269066504
1629266139000,0.0
1629266169000,0.0
1629266199000,0.0006056935190793457
1629266229000,0.0
1629266259000,0.0
1629266289000,0.0006153846153846153
1629266319000,0.0005955926146515784
1629266349000,0.0
1629266379000,0.0006119951040391675
1629266409000,0.0006097560975609756
1629266439000,0.0
1629266469000,0.0
1629266499000,0.0006053268765133173
1629266529000,0.0006131207847946045
1629266559000,0.0005984440454817473
1629266589000,0.0
1629266619000,0.0005980861244019139
1629266649000,0.0006067961165048543
1629266679000,0.0006127450980392157
1629266709000,0.0
1629266739000,0.0
1629266769000,0.0006038647342995169
1629266799000,0.0005941770647653001
1629266829000,0.0
1629266859000,0.0
1629266889000,0.0
1629266919000,0.0005941770647653001
1629266949000,0.0
1629266979000,0.0
1629267009000,0.0
1629267039000,0.0
1629267069000,0.0006035003017501509
1629267099000,0.0
1629267129000,0.0
1629267159000,0.0
1629267189000,0.0
1629267219000,0.0
1629267249000,0.0
1629267279000,0.0
1629267309000,0.0
1629267339000,0.0
1629267369000,0.0
1629267399000,0.0
1629267429000,0.0
1629267459000,0.0
1629267489000,0.0006056935190793457
1629267519000,0.0
1629267549000,0.0
1629267579000,0.0005959475566150177
1629267609000,0.0
1629267639000,0.0
1629267669000,0.0
1629267699000,0.0
1629267729000,0.0
1629267759000,0.0
1629267789000,0.0005963029218843173
1629267819000,0.0006035003017501509
1629267849000,0.0
1629267879000,0.0
1629267909000,0.0006035003017501509
1629267939000,0.0
1629267969000,0.0005906674542232723
1629267999000,0.0
1629268029000,0.0
1629268059000,0.0
1629268089000,0.0
1629268119000,0.0
1629268149000,0.0005970149253731342
1629268179000,0.0
1629268209000,0.0005977286312014345
1629268239000,0.0
1629268269000,0.0
1629268299000,0.0
1629268329000,0.0005963029218843173
1629268359000,0.0006035003017501509
1629268389000,0.0
1629268419000,0.0006053268765133173
1629268449000,0.0006090133982947625
1629268479000,0.0
1629268509000,0.0
1629268539000,0.0006027727546714887
1629268569000,0.0
1629268599000,0.0006016847172081829
1629268629000,0.0
1629268659000,0.0
1629268689000,0.0
1629268719000,0.0
1629268749000,0.0
1629268779000,0.0
1629268809000,0.0
1629268839000,0.0
1629268869000,0.0
1629268899000,0.0
1629268929000,0.0006097560975609756
1629268959000,0.0
1629268989000,0.0005998800239952009
1629269019000,0.0
1629269049000,0.0
1629269079000,0.0006042296072507553
1629269109000,0.0
1629269139000,0.0
1629269169000,0.0006075334143377885
1629269199000,0.0
1629269229000,0.0
1629269259000,0.0
1629269289000,0.0
1629269319000,0.0
1629269349000,0.0005938242280285036
1629269379000,0.0
1629269409000,0.0
1629269439000,0.0005988023952095807
1629269469000,0.0006108735491753207
1629269499000,0.0
1629269529000,0.0005988023952095807
1629269559000,0.0
1629269589000,0.0
1629269619000,0.0006064281382656155
1629269649000,0.0
1629269679000,0.0
1629269709000,0.0
1629269739000,0.0006053268765133173
1629269769000,0.0006020469596628537
1629269799000,0.0
1629269829000,0.0006105006105006105
1629269859000,0.0
1629269889000,0.0006006006006006006
1629269919000,0.0
1629269949000,0.0
1629269979000,0.0
1629270009000,0.0
1629270039000,0.0
1629270069000,0.0006049606775559589
1629270099000,0.0006056935190793457
1629270129000,0.0006161429451632778
1629270159000,0.0
1629270189000,0.0006060606060606062
1629270219000,0.0
1629270249000,0.0
1629270279000,0.0
1629270309000,0.0012202562538133007
1629270339000,0.0
1629270369000,0.0
1629270399000,0.0006056935190793457
1629270429000,0.0
1629270459000,0.0
1629270489000,0.0
1629270519000,0.0
1629270549000,0.0
1629270579000,0.0
1629270609000,0.0
1629270639000,0.0
1629270669000,0.0
1629270699000,0.0
1629270729000,0.0
1629270759000,0.0
1629270789000,0.0
1629270819000,0.0006082725060827251
1629270849000,0.0
1629270879000,0.0
1629270909000,0.0012217470983506415
1629270939000,0.0006075334143377885
1629270969000,0.0005952380952380952
1629270999000,0.0
1629271029000,0.0
1629271059000,0.0
1629271089000,0.0005924170616113746
1629271119000,0.0
1629271149000,0.0
1629271179000,0.0
1629271209000,0.0006013229104028864
1629271239000,0.0
1629271269000,0.0
1629271299000,0.0
1629271329000,0.0
1629271359000,0.0
1629271389000,0.0006067961165048543
1629271419000,0.0
1629271449000,0.0
1629271479000,0.0
1629271509000,0.0
1629271539000,0.0
1629271569000,0.0006031363088057902
1629271599000,0.0
1629271629000,0.0
1629271659000,0.0
1629271689000,0.0005973715651135006
1629271719000,0.0
1629271749000,0.0
1629271779000,0.0
1629271809000,0.0
1629271839000,0.0005995203836930455
1629271869000,0.0
1629271899000,0.0
1629271929000,0.0006071645415907711
1629271959000,0.0
1629271989000,0.0
1629272019000,0.0
1629272049000,0.0
1629272079000,0.0005995203836930455
1629272109000,0.0
1629272139000,0.0005970149253731342
1629272169000,0.0
1629272199000,0.0
1629272229000,0.0
1629272259000,0.0
1629272289000,0.0006006006006006006
1629272319000,0.0
1629272349000,0.0
1629272379000,0.0
1629272409000,0.0
1629272439000,0.0
1629272469000,0.0
1629272499000,0.0006024096385542169
1629272529000,0.0
1629272559000,0.0
1629272589000,0.0
1629272619000,0.0
1629272649000,0.0006031363088057902
1629272679000,0.0
1629272709000,0.0
1629272739000,0.0
1629272769000,0.0
1629272799000,0.0
1629272829000,0.0
1629272859000,0.0005966587112171838
1629272889000,0.0006090133982947625
1629272919000,0.0
1629272949000,0.0
1629272979000,0.0006002400960384152
1629273009000,0.0006131207847946045
1629273039000,0.0
1629273069000,0.0005903187721369539
1629273099000,0.0
1629273129000,0.0
1629273159000,0.0
1629273189000,0.0
1629273219000,0.0
1629273249000,0.0
1629273279000,0.0006060606060606062
1629273309000,0.0
1629273339000,0.0
1629273369000,0.0
1629273399000,0.0006134969325153375
1629273429000,0.0
1629273459000,0.0
1629273489000,0.0
1629273519000,0.0005988023952095807
1629273549000,0.0
1629273579000,0.0
1629273609000,0.0
1629273639000,0.0005955926146515784
1629273669000,0.0
1629273699000,0.0
1629273729000,0.0
1629273759000,0.0
1629273789000,0.0005931198102016608
1629273819000,0.0
1629273849000,0.0
1629273879000,0.0006031363088057902
1629273909000,0.0011862396204033216
1629273939000,0.0
1629273969000,0.0
1629273999000,0.0
1629274029000,0.0
1629274059000,0.0
1629274089000,0.0
1629274119000,0.0
1629274149000,0.0
1629274179000,0.0
1629274209000,0.0
1629274239000,0.0012048192771084338
1629274269000,0.0
1629274299000,0.0
1629274329000,0.0006112469437652813
1629274359000,0.0
1629274389000,0.0006116207951070336
1629274419000,0.0
1629274449000,0.0
1629274479000,0.0006101281269066504
1629274509000,0.0
1629274539000,0.0
1629274569000,0.0
1629274599000,0.0
1629274629000,0.0005959475566150177
1629274659000,0.0
1629274689000,0.0
1629274719000,0.0
1629274749000,0.0
1629274779000,0.0006067961165048543
1629274809000,0.0
1629274839000,0.0
1629274869000,0.0
1629274899000,0.0
1629274929000,0.0
1629274959000,0.0006013229104028864
1629274989000,0.0
1629275019000,0.0
1629275049000,0.0
1629275079000,0.0
1629275109000,0.0
1629275139000,0.0005955926146515784
1629275169000,0.0005917159763313611
1629275199000,0.0
1629275229000,0.0
1629275259000,0.0005938242280285036
1629275289000,0.0
1629275319000,0.0006176652254478072
1629275349000,0.0
1629275379000,0.0
1629275409000,0.0
1629275439000,0.0006027727546714887
1629275469000,0.0
1629275499000,0.0
1629275529000,0.0006090133982947625
1629275559000,0.0006035003017501509
1629275589000,0.0
1629275619000,0.0006027727546714887
1629275649000,0.0005924170616113746
1629275679000,0.0
1629275709000,0.0
1629275739000,0.0006075334143377885
1629275769000,0.0
1629275799000,0.0
1629275829000,0.0
1629275859000,0.0
1629275889000,0.0006024096385542169
1629275919000,0.0
1629275949000,0.0
1629275979000,0.0
1629276009000,0.0
1629276039000,0.0
1629276069000,0.0
1629276099000,0.0
1629276129000,0.0
1629276159000,0.0
1629276189000,0.0005977286312014345
1629276219000,0.0006035003017501509
1629276249000,0.0006049606775559589
1629276279000,0.0
1629276309000,0.0
1629276339000,0.0
1629276369000,0.0
1629276399000,0.0
1629276429000,0.0
1629276459000,0.0
1629276489000,0.0
1629276519000,0.0
1629276549000,0.0
1629276579000,0.0006138735420503376
1629276609000,0.0
1629276639000,0.0
1629276669000,0.0
1629276699000,0.0
1629276729000,0.0
1629276759000,0.0
1629276789000,0.0
1629276819000,0.0
1629276849000,0.0
1629276879000,0.0
1629276909000,0.0
1629276939000,0.0
1629276969000,0.0
1629276999000,0.0005995203836930455
1629277029000,0.0006146281499692684
1629277059000,0.0
1629277089000,0.0
1629277119000,0.0
1629277149000,0.0
1629277179000,0.0006108735491753207
1629277209000,0.0006016847172081829
1629277239000,0.0006105006105006105
1629277269000,0.0
1629277299000,0.0
1629277329000,0.0006009615384615385
1629277359000,0.0
1629277389000,0.0
1629277419000,0.0
1629277449000,0.0
1629277479000,0.0
1629277509000,0.0
1629277539000,0.0005991611743559018
1629277569000,0.0
1629277599000,0.0006105006105006105
1629277629000,0.0
1629277659000,0.0006009615384615385
1629277689000,0.0006035003017501509
1629277719000,0.0006071645415907711
1629277749000,0.0
1629277779000,0.0006093845216331506
1629277809000,0.0005963029218843173
1629277839000,0.0006006006006006006
1629277869000,0.0
1629277899000,0.0
1629277929000,0.0
1629277959000,0.0
1629277989000,0.0
1629278019000,0.0
1629278049000,0.0
1629278079000,0.0006199628022318662
1629278109000,0.0
1629278139000,0.0
1629278169000,0.0
1629278199000,0.0006097560975609756
1629278229000,0.0
1629278259000,0.0
1629278289000,0.0
1629278319000,0.0
1629278349000,0.0
1629278379000,0.0006108735491753207
1629278409000,0.0
1629278439000,0.0
1629278469000,0.0
1629278499000,0.0
1629278529000,0.0006006006006006006
1629278559000,0.0
1629278589000,0.0
1629278619000,0.0
1629278649000,0.0
1629278679000,0.0
1629278709000,0.0006086427267194157
1629278739000,0.0005959475566150177
1629278769000,0.0006123698714023269
1629278799000,0.0
1629278829000,0.0
1629278859000,0.0011869436201780415
1629278889000,0.0
1629278919000,0.0
1629278949000,0.0
1629278979000,0.0006027727546714887
1629279009000,0.0
1629279039000,0.0
1629279069000,0.0
1629279099000,0.0
1629279129000,0.0
1629279159000,0.0
1629279189000,0.0
1629279219000,0.0006097560975609756
1629279249000,0.0
1629279279000,0.0
1629279309000,0.0
1629279339000,0.0006097560975609756
1629279369000,0.0005871990604815032
1629279399000,0.0006131207847946045
1629279429000,0.0
1629279459000,0.0
1629279489000,0.0
1629279519000,0.0
1629279549000,0.0
1629279579000,0.0
1629279609000,0.0
1629279639000,0.0
1629279669000,0.0006031363088057902
1629279699000,0.0
1629279729000,0.0
1629279759000,0.0
1629279789000,0.0
1629279819000,0.0006049606775559589
1629279849000,0.0
1629279879000,0.0
1629279909000,0.0
1629279939000,0.0
1629279969000,0.0
1629279999000,0.0006067961165048543
1629280029000,0.0006119951040391675
1629280059000,0.0
1629280089000,0.0
1629280119000,0.0
1629280149000,0.0006079027355623102
1629280179000,0.0
1629280209000,0.0
1629280239000,0.0
1629280269000,0.0
1629280299000,0.0
1629280329000,0.0
1629280359000,0.0006105006105006105
1629280389000,0.0
1629280419000,0.0
1629280449000,0.0
1629280479000,0.0006042296072507553
1629280509000,0.0
1629280539000,0.0
1629280569000,0.0
1629280599000,0.0005920663114268798
1629280629000,0.0
1629280659000,0.0
1629280689000,0.0
1629280719000,0.0
1629280749000,0.0
1629280779000,0.0
1629280809000,0.0
1629280839000,0.0
1629280869000,0.0005938242280285036
1629280899000,0.0
1629280929000,0.0
1629280959000,0.0
1629280989000,0.0
1629281019000,0.0
1629281049000,0.0006150061500615006
1629281079000,0.0
1629281109000,0.0005955926146515784
1629281139000,0.0
1629281169000,0.0006142506142506142
1629281199000,0.0
1629281229000,0.0
1629281259000,0.0
1629281289000,0.0
1629281319000,0.0
1629281349000,0.0
1629281379000,0.0
1629281409000,0.0
1629281439000,0.0005952380952380952
1629281469000,0.0
1629281499000,0.0
1629281529000,0.0
1629281559000,0.0
1629281589000,0.0005913660555884093
1629281619000,0.0
1629281649000,0.0
1629281679000,0.0005927682276229994
1629281709000,0.0
1629281739000,0.0005948839976204639
1629281769000,0.0
1629281799000,0.0006146281499692684
1629281829000,0.0
1629281859000,0.0006024096385542169
1629281889000,0.0
1629281919000,0.0
1629281949000,0.0006013229104028864
1629281979000,0.0
1629282009000,0.0
1629282039000,0.0006093845216331506
1629282069000,0.0
1629282099000,0.0006071645415907711
1629282129000,0.0
1629282159000,0.0
1629282189000,0.0
1629282219000,0.0
1629282249000,0.0006006006006006006
1629282279000,0.0006075334143377885
1629282309000,0.0
1629282339000,0.0
1629282369000,0.0006184291898577612
1629282399000,0.0
1629282429000,0.0
1629282459000,0.0006215040397762585
1629282489000,0.0
1629282519000,0.0
1629282549000,0.0
1629282579000,0.0006138735420503376
1629282609000,0.0
1629282639000,0.0005980861244019139
1629282669000,0.0006082725060827251
1629282699000,0.0
1629282729000,0.0006079027355623102
1629282759000,0.0
1629282789000,0.0005959475566150177
1629282819000,0.0
1629282849000,0.0
1629282879000,0.0
1629282909000,0.0
1629282939000,0.0
1629282969000,0.0
1629282999000,0.0
1629283029000,0.0
1629283059000,0.0006207324643078832
1629283089000,0.0
1629283119000,0.0
1629283149000,0.0
1629283179000,0.0006119951040391675
1629283209000,0.0
1629283239000,0.0
1629283269000,0.0005966587112171838
1629283299000,0.0
1629283329000,0.0
1629283359000,0.0005955926146515784
1629283389000,0.0
1629283419000,0.0
1629283449000,0.0
1629283479000,0.0
1629283509000,0.0
1629283539000,0.0
1629283569000,0.0
1629283599000,0.0
1629283629000,0.0
1629283659000,0.0006180469715698393
1629283689000,0.0
1629283719000,0.0
1629283749000,0.0
1629283779000,0.0
1629283809000,0.0
1629283839000,0.0
1629283869000,0.0
1629283899000,0.0
1629283929000,0.0
1629283959000,0.0005959475566150177
1629283989000,0.0006042296072507553
1629284019000,0.0
1629284049000,0.0
1629284079000,0.0
1629284109000,0.0
1629284139000,0.0
1629284169000,0.0
1629284199000,0.0
1629284229000,0.0
1629284259000,0.0
1629284289000,0.0
1629284319000,0.0
1629284349000,0.0
1629284379000,0.0
1629284409000,0.0
1629284439000,0.0005998800239952009
1629284469000,0.0
1629284499000,0.0
1629284529000,0.0006195786864931846
1629284559000,0.0
1629284589000,0.0
1629284619000,0.0
1629284649000,0.0
1629284679000,0.0
1629284709000,0.0
1629284739000,0.0006024096385542169
1629284769000,0.0
1629284799000,0.0
1629284829000,0.0
1629284859000,0.0005988023952095807
1629284889000,0.0
1629284919000,0.0
1629284949000,0.0
1629284979000,0.0
1629285009000,0.0
1629285039000,0.0006049606775559589
1629285069000,0.0
1629285099000,0.0
1629285129000,0.0
1629285159000,0.0
1629285189000,0.0
1629285219000,0.0
1629285249000,0.0
1629285279000,0.0
1629285309000,0.0
1629285339000,0.0
1629285369000,0.0006112469437652813
1629285399000,0.0006045949214026603
1629285429000,0.0006142506142506142
1629285459000,0.0
1629285489000,0.0
1629285519000,0.0006157635467980296
1629285549000,0.0
1629285579000,0.0
1629285609000,0.0
1629285639000,0.0
1629285669000,0.0006013229104028864
1629285699000,0.0006042296072507553
1629285729000,0.0006049606775559589
1629285759000,0.0
1629285789000,0.0
1629285819000,0.0005966587112171838
1629285849000,0.0
1629285879000,0.0
1629285909000,0.0
1629285939000,0.0
1629285969000,0.0
1629285999000,0.0
1629286029000,0.0006027727546714887
1629286059000,0.0
1629286089000,0.0
1629286119000,0.0
1629286149000,0.0
1629286179000,0.0
1629286209000,0.0
1629286239000,0.0
1629286269000,0.0
1629286299000,0.0005913660555884093
1629286329000,0.0005948839976204639
1629286359000,0.0
1629286389000,0.0
1629286419000,0.0
1629286449000,0.0
1629286479000,0.0
1629286509000,0.0
1629286539000,0.0
1629286569000,0.0
1629286599000,0.0
1629286629000,0.0
1629286659000,0.0
1629286689000,0.0005977286312014345
1629286719000,0.0
1629286749000,0.0
1629286779000,0.0
1629286809000,0.0
1629286839000,0.0
1629286869000,0.0
1629286899000,0.0
1629286929000,0.0005995203836930455
1629286959000,0.0
1629286989000,0.0
1629287019000,0.0
1629287049000,0.0006112469437652813
1629287079000,0.0
1629287109000,0.0
1629287139000,0.0
1629287169000,0.0006024096385542169
1629287199000,0.0
1629287229000,0.0006093845216331506
1629287259000,0.0
1629287289000,0.0005889281507656067
1629287319000,0.0
1629287349000,0.0006013229104028864
1629287379000,0.0
1629287409000,0.0
1629287439000,0.0
1629287469000,0.0006142506142506142
1629287499000,0.0006165228113440197
1629287529000,0.0
1629287559000,0.0006056935190793457
1629287589000,0.0
1629287619000,0.0006016847172081829
1629287649000,0.0
1629287679000,0.0
1629287709000,0.0
1629287739000,0.0
1629287769000,0.0006075334143377885
1629287799000,0.0
1629287829000,0.0
1629287859000,0.0
1629287889000,0.0
1629287919000,0.0
1629287949000,0.0005945303210463732
1629287979000,0.0006079027355623102
1629288009000,0.0
1629288039000,0.0006082725060827251
1629288069000,0.0
1629288099000,0.0
1629288129000,0.0
1629288159000,0.0005980861244019139
1629288189000,0.0
1629288219000,0.0
1629288249000,0.0006016847172081829
1629288279000,0.0
1629288309000,0.0
1629288339000,0.0
1629288369000,0.0
1629288399000,0.0
1629288429000,0.0
1629288459000,0.0006067961165048543
1629288489000,0.0
1629288519000,0.0006105006105006105
1629288549000,0.0
1629288579000,0.0
1629288609000,0.0
1629288639000,0.0
1629288669000,0.0
1629288699000,0.0006097560975609756
1629288729000,0.0
1629288759000,0.0005984440454817473
1629288789000,0.0
1629288819000,0.0
1629288849000,0.0
1629288879000,0.0
1629288909000,0.0
1629288939000,0.0
1629288969000,0.0006002400960384152
1629288999000,0.0
1629289029000,0.0
1629289059000,0.0
1629289089000,0.0
1629289119000,0.0
1629289149000,0.0
1629289179000,0.0
1629289209000,0.0
1629289239000,0.0
1629289269000,0.0
1629289299000,0.0
1629289329000,0.0
1629289359000,0.0
1629289389000,0.0
1629289419000,0.0
1629289449000,0.0
1629289479000,0.0
1629289509000,0.0
1629289539000,0.0
1629289569000,0.0
1629289599000,0.0
1629289629000,0.0
1629289659000,0.0006035003017501509
1629289689000,0.0
1629289719000,0.0
1629289749000,0.0006105006105006105
1629289779000,0.0
1629289809000,0.0
1629289839000,0.0
1629289869000,0.0005955926146515784
1629289899000,0.0
1629289929000,0.0
1629289959000,0.0
1629289989000,0.0
1629290019000,0.0006042296072507553
1629290049000,0.0006009615384615385
1629290079000,0.0
1629290109000,0.0
1629290139000,0.0
1629290169000,0.0006056935190793457
1629290199000,0.0
1629290229000,0.0
1629290259000,0.0005955926146515784
1629290289000,0.0
1629290319000,0.0
1629290349000,0.0
1629290379000,0.0
1629290409000,0.0006134969325153375
1629290439000,0.0
1629290469000,0.0
1629290499000,0.0005966587112171838
1629290529000,0.0
1629290559000,0.0006105006105006105
1629290589000,0.0
1629290619000,0.0006009615384615385
1629290649000,0.0
1629290679000,0.0
1629290709000,0.0
1629290739000,0.0
1629290769000,0.0
1629290799000,0.0
1629290829000,0.0
1629290859000,0.0
1629290889000,0.0
1629290919000,0.0
1629290949000,0.0006038647342995169
1629290979000,0.0
1629291009000,0.0
1629291039000,0.0
1629291069000,0.0
1629291099000,0.0
1629291129000,0.0005966587112171838
1629291159000,0.0
1629291189000,0.0006093845216331506
1629291219000,0.0
1629291249000,0.0
1629291279000,0.0006042296072507553
1629291309000,0.0005963029218843173
1629291339000,0.0
1629291369000,0.0
1629291399000,0.0
1629291429000,0.0006045949214026603
1629291459000,0.0006090133982947625
1629291489000,0.0006161429451632778
1629291519000,0.0
1629291549000,0.0
1629291579000,0.0
1629291609000,0.0
1629291639000,0.0
1629291669000,0.0
1629291699000,0.0
1629291729000,0.0
1629291759000,0.0
1629291789000,0.0
1629291819000,0.0
1629291849000,0.0
1629291879000,0.0
1629291909000,0.0006188118811881187
1629291939000,0.0006172839506172839
1629291969000,0.0
1629291999000,0.0
1629292029000,0.0005959475566150177
1629292059000,0.0
1629292089000,0.0
1629292119000,0.0
1629292149000,0.0
1629292179000,0.0
1629292209000,0.0
1629292239000,0.0
1629292269000,0.0
1629292299000,0.0
1629292329000,0.0
1629292359000,0.0005917159763313611
1629292389000,0.0
1629292419000,0.0
1629292449000,0.0
1629292479000,0.0
1629292509000,0.0
1629292539000,0.0
1629292569000,0.0
1629292599000,0.0
1629292629000,0.0006146281499692684
1629292659000,0.0
1629292689000,0.0
1629292719000,0.0006127450980392157
1629292749000,0.0006024096385542169
1629292779000,0.0006024096385542169
1629292809000,0.0
1629292839000,0.0
1629292869000,0.0
1629292899000,0.0
1629292929000,0.0
1629292959000,0.0
1629292989000,0.0
1629293019000,0.0
1629293049000,0.0
1629293079000,0.0
1629293109000,0.0
1629293139000,0.0
1629293169000,0.0
1629293199000,0.0
1629293229000,0.0
1629293259000,0.0
1629293289000,0.0006161429451632778
1629293319000,0.0
1629293349000,0.0
1629293379000,0.0
1629293409000,0.0
1629293439000,0.0005955926146515784
1629293469000,0.0
1629293499000,0.0
1629293529000,0.0
1629293559000,0.0
1629293589000,0.0
1629293619000,0.0
1629293649000,0.0
1629293679000,0.0
1629293709000,0.0
1629293739000,0.0006020469596628537
1629293769000,0.0
1629293799000,0.0
1629293829000,0.0
1629293859000,0.0006169031462060457
1629293889000,0.0
1629293919000,0.0
1629293949000,0.0
1629293979000,0.0
1629294009000,0.0
1629294039000,0.0005973715651135006
1629294069000,0.0
1629294099000,0.0006090133982947625
1629294129000,0.0
1629294159000,0.0
1629294189000,0.0006042296072507553
1629294219000,0.0006027727546714887
1629294249000,0.0
1629294279000,0.0
1629294309000,0.0
1629294339000,0.0
1629294369000,0.0
1629294399000,0.0006116207951070336
1629294429000,0.0006108735491753207
1629294459000,0.0006138735420503376
1629294489000,0.0
1629294519000,0.0
1629294549000,0.0
1629294579000,0.0006009615384615385
1629294609000,0.0
1629294639000,0.0006075334143377885
1629294669000,0.0
1629294699000,0.0012084592145015106
1629294729000,0.0
1629294759000,0.0
1629294789000,0.0
1629294819000,0.0
1629294849000,0.0012300123001230013
1629294879000,0.0
1629294909000,0.0
1629294939000,0.0
1629294969000,0.0
1629294999000,0.0
1629295029000,0.0
1629295059000,0.0
1629295089000,0.000588235294117647
1629295119000,0.0
1629295149000,0.0
1629295179000,0.0006009615384615385
1629295209000,0.0
1629295239000,0.0006009615384615385
1629295269000,0.0
1629295299000,0.0
1629295329000,0.0
1629295359000,0.0
1629295389000,0.0
1629295419000,0.0
1629295449000,0.0
1629295479000,0.0
1629295509000,0.0
1629295539000,0.0006116207951070336
1629295569000,0.0
1629295599000,0.0
1629295629000,0.0
1629295659000,0.0
1629295689000,0.0
1629295719000,0.0
1629295749000,0.0
1629295779000,0.0
1629295809000,0.0005970149253731342
1629295839000,0.0005977286312014345
1629295869000,0.0
1629295899000,0.0
1629295929000,0.0
1629295959000,0.0005998800239952009
1629295989000,0.0
1629296019000,0.0
1629296049000,0.0
1629296079000,0.0006161429451632778
1629296109000,0.0
1629296139000,0.0
1629296169000,0.0
1629296199000,0.0
1629296229000,0.0
1629296259000,0.0
1629296289000,0.0
1629296319000,0.0
1629296349000,0.0006064281382656155
1629296379000,0.0006056935190793457
1629296409000,0.0
1629296439000,0.0
1629296469000,0.0
1629296499000,0.0006067961165048543
1629296529000,0.0
1629296559000,0.0006060606060606062
1629296589000,0.0
1629296619000,0.0005998800239952009
1629296649000,0.0
1629296679000,0.0006116207951070336
1629296709000,0.0
1629296739000,0.0
1629296769000,0.0
1629296799000,0.0
1629296829000,0.0
1629296859000,0.0006157635467980296
1629296889000,0.0006195786864931846
1629296919000,0.0
1629296949000,0.0
1629296979000,0.0
1629297009000,0.0
1629297039000,0.0
1629297069000,0.0
1629297099000,0.0
1629297129000,0.0
1629297159000,0.0
1629297189000,0.0005955926146515784
1629297219000,0.0005952380952380952
1629297249000,0.0
1629297279000,0.0
1629297309000,0.0
1629297339000,0.0
1629297369000,0.0
1629297399000,0.0
1629297429000,0.0
1629297459000,0.0006049606775559589
1629297489000,0.0
1629297519000,0.0005868544600938967
1629297549000,0.0006207324643078832
1629297579000,0.0
1629297609000,0.0
1629297639000,0.0006146281499692684
1629297669000,0.0
1629297699000,0.0012091898428053206
1629297729000,0.0
1629297759000,0.0
1629297789000,0.0
1629297819000,0.0
1629297849000,0.0
1629297879000,0.0
1629297909000,0.0
1629297939000,0.0006031363088057902
1629297969000,0.0
1629297999000,0.0
1629298029000,0.0
1629298059000,0.0
1629298089000,0.0
1629298119000,0.0006020469596628537
1629298149000,0.0006027727546714887
1629298179000,0.0
1629298209000,0.0006090133982947625
1629298239000,0.0005963029218843173
1629298269000,0.0
1629298299000,0.0
1629298329000,0.0
1629298359000,0.0
1629298389000,0.0
1629298419000,0.0
1629298449000,0.0005959475566150177
1629298479000,0.0
1629298509000,0.0
1629298539000,0.0
1629298569000,0.0
1629298599000,0.0
1629298629000,0.0
1629298659000,0.0
1629298689000,0.0
1629298719000,0.0006027727546714887
1629298749000,0.0
1629298779000,0.0006049606775559589
1629298809000,0.0
1629298839000,0.0
1629298869000,0.0
1629298899000,0.0
1629298929000,0.0
1629298959000,0.0005948839976204639
1629298989000,0.0
1629299019000,0.0
1629299049000,0.0006116207951070336
1629299079000,0.0
1629299109000,0.0
1629299139000,0.0
1629299169000,0.0
1629299199000,0.0
1629299229000,0.0
1629299259000,0.0
1629299289000,0.0
1629299319000,0.0
1629299349000,0.0
1629299379000,0.0006031363088057902
1629299409000,0.0
1629299439000,0.0005959475566150177
1629299469000,0.0
1629299499000,0.0
1629299529000,0.0006203473945409428
1629299559000,0.0006031363088057902
1629299589000,0.0
1629299619000,0.0
1629299649000,0.0
1629299679000,0.0
1629299709000,0.0
1629299739000,0.0
1629299769000,0.0
1629299799000,0.0
1629299829000,0.0
1629299859000,0.0
1629299889000,0.0006045949214026603
1629299919000,0.0
1629299949000,0.0005955926146515784
1629299979000,0.0
1629300009000,0.0
1629300039000,0.0
1629300069000,0.0
1629300099000,0.0005970149253731342
1629300129000,0.0006056935190793457
1629300159000,0.0
1629300189000,0.0006090133982947625
1629300219000,0.0
1629300249000,0.0
1629300279000,0.0
1629300309000,0.0
1629300339000,0.0
1629300369000,0.0
1629300399000,0.0
1629300429000,0.0006027727546714887
1629300459000,0.0006056935190793457
1629300489000,0.0
1629300519000,0.0005938242280285036
1629300549000,0.0006142506142506142
1629300579000,0.0
1629300609000,0.0006108735491753207
1629300639000,0.0
1629300669000,0.0
1629300699000,0.0006006006006006006
1629300729000,0.0
1629300759000,0.0
1629300789000,0.0
1629300819000,0.0
1629300849000,0.0005977286312014345
1629300879000,0.0
1629300909000,0.0
1629300939000,0.0005931198102016608
1629300969000,0.0
1629300999000,0.0
1629301029000,0.0
1629301059000,0.0006086427267194157
1629301089000,0.0006097560975609756
1629301119000,0.0
1629301149000,0.0006056935190793457
1629301179000,0.0
1629301209000,0.0
1629301239000,0.0
1629301269000,0.0006180469715698393
1629301299000,0.0
1629301329000,0.0006042296072507553
1629301359000,0.0006123698714023269
1629301389000,0.0
1629301419000,0.0006153846153846153
1629301449000,0.0
1629301479000,0.0
1629301509000,0.0006042296072507553
1629301539000,0.0006020469596628537
1629301569000,0.0
1629301599000,0.0
1629301629000,0.0006020469596628537
1629301659000,0.0
1629301689000,0.0006123698714023269
1629301719000,0.0006142506142506142
1629301749000,0.0
1629301779000,0.0005913660555884093
1629301809000,0.0012172854534388314
1629301839000,0.0
1629301869000,0.0
1629301899000,0.0005948839976204639
1629301929000,0.0
1629301959000,0.0
1629301989000,0.0
1629302019000,0.0
1629302049000,0.0
1629302079000,0.0
1629302109000,0.0
1629302139000,0.0
1629302169000,0.0
1629302199000,0.0006138735420503376
1629302229000,0.0
1629302259000,0.0
1629302289000,0.0006042296072507553
1629302319000,0.0
1629302349000,0.0
1629302379000,0.0
1629302409000,0.0006045949214026603
1629302439000,0.0
1629302469000,0.0006097560975609756
1629302499000,0.0005955926146515784
1629302529000,0.0
1629302559000,0.0
1629302589000,0.0
1629302619000,0.0006064281382656155
1629302649000,0.0006024096385542169
1629302679000,0.0
1629302709000,0.0006056935190793457
1629302739000,0.0006105006105006105
1629302769000,0.0006049606775559589
1629302799000,0.0
1629302829000,0.0
1629302859000,0.0
1629302889000,0.0006042296072507553
1629302919000,0.0
1629302949000,0.0
1629302979000,0.0005980861244019139
1629303009000,0.0005988023952095807
1629303039000,0.0
1629303069000,0.0
1629303099000,0.0006108735491753207
1629303129000,0.0
1629303159000,0.0
1629303189000,0.0
1629303219000,0.0005995203836930455
1629303249000,0.0
1629303279000,0.0
1629303309000,0.0
1629303339000,0.0006119951040391675
1629303369000,0.0
1629303399000,0.0006079027355623102
1629303429000,0.0005980861244019139
1629303459000,0.0
1629303489000,0.0
1629303519000,0.0005948839976204639
1629303549000,0.0
1629303579000,0.0006101281269066504
1629303609000,0.0006169031462060457
1629303639000,0.0
1629303669000,0.0006082725060827251
1629303699000,0.0006101281269066504
1629303729000,0.0
1629303759000,0.0
1629303789000,0.0
1629303819000,0.0
1629303849000,0.0
1629303879000,0.0
1629303909000,0.0
1629303939000,0.0
1629303969000,0.0
1629303999000,0.0
1629304029000,0.0006079027355623102
1629304059000,0.0006045949214026603
1629304089000,0.0
1629304119000,0.0
1629304149000,0.0
1629304179000,0.0
1629304209000,0.0005998800239952009
1629304239000,0.0
1629304269000,0.0
1629304299000,0.0006165228113440197
1629304329000,0.0
1629304359000,0.0
1629304389000,0.0
1629304419000,0.0006142506142506142
1629304449000,0.0006024096385542169
1629304479000,0.0006180469715698393
1629304509000,0.0
1629304539000,0.0
1629304569000,0.0
1629304599000,0.0006013229104028864
1629304629000,0.0
1629304659000,0.0006038647342995169
1629304689000,0.0
1629304719000,0.0
1629304749000,0.0
1629304779000,0.0005885815185403178
1629304809000,0.0005955926146515784
1629304839000,0.0
1629304869000,0.0006150061500615006
1629304899000,0.0006042296072507553
1629304929000,0.0
1629304959000,0.0
1629304989000,0.0
1629305019000,0.0006016847172081829
1629305049000,0.0006053268765133173
1629305079000,0.0
1629305109000,0.0
1629305139000,0.0
1629305169000,0.0006020469596628537
1629305199000,0.0006097560975609756
1629305229000,0.0
1629305259000,0.0005963029218843173
1629305289000,0.0
1629305319000,0.0
1629305349000,0.0006176652254478072
1629305379000,0.0006071645415907711
1629305409000,0.0
1629305439000,0.0
1629305469000,0.0006002400960384152
1629305499000,0.0
1629305529000,0.0
1629305559000,0.0006108735491753207
1629305589000,0.0
1629305619000,0.0
1629305649000,0.0
1629305679000,0.0005980861244019139
1629305709000,0.0
1629305739000,0.0
1629305769000,0.0006199628022318662
1629305799000,0.0006031363088057902
1629305829000,0.0
1629305859000,0.0
1629305889000,0.0
1629305919000,0.0006035003017501509
1629305949000,0.0005952380952380952
1629305979000,0.0
1629306009000,0.0
1629306039000,0.0
1629306069000,0.0
1629306099000,0.0
1629306129000,0.0006064281382656155
1629306159000,0.0
1629306189000,0.0
1629306219000,0.0
1629306249000,0.0
1629306279000,0.0006071645415907711
1629306309000,0.0
1629306339000,0.0005988023952095807
1629306369000,0.0
1629306399000,0.0006215040397762585
1629306429000,0.0
1629306459000,0.0
1629306489000,0.0
1629306519000,0.0
1629306549000,0.0
1629306579000,0.0
1629306609000,0.0
1629306639000,0.0
1629306669000,0.0006105006105006105
1629306699000,0.0
1629306729000,0.0
1629306759000,0.0
1629306789000,0.0012062726176115801
1629306819000,0.0
1629306849000,0.0005920663114268798
1629306879000,0.0
1629306909000,0.0
1629306939000,0.0005977286312014345
1629306969000,0.0
1629306999000,0.0
1629307029000,0.0
1629307059000,0.0
1629307089000,0.0006146281499692684
1629307119000,0.0
1629307149000,0.0006169031462060457
1629307179000,0.0006027727546714887
1629307209000,0.0
1629307239000,0.0
1629307269000,0.0006056935190793457
1629307299000,0.0
1629307329000,0.0
1629307359000,0.0
1629307389000,0.0006119951040391675
1629307419000,0.0
1629307449000,0.0
1629307479000,0.0
1629307509000,0.0
1629307539000,0.0
1629307569000,0.0006119951040391675
1629307599000,0.0
1629307629000,0.0
1629307659000,0.0
1629307689000,0.0
1629307719000,0.0
1629307749000,0.0
1629307779000,0.0005995203836930455
1629307809000,0.0
1629307839000,0.0
1629307869000,0.0
1629307899000,0.0005970149253731342
1629307929000,0.0
1629307959000,0.0006161429451632778
1629307989000,0.0
1629308019000,0.0
1629308049000,0.0
1629308079000,0.0005824111822947001
1629308109000,0.0
1629308139000,0.0
1629308169000,0.0
1629308199000,0.0
1629308229000,0.0
1629308259000,0.0006042296072507553
1629308289000,0.0
1629308319000,0.0006075334143377885
1629308349000,0.0
1629308379000,0.0
1629308409000,0.0006042296072507553
1629308439000,0.0
1629308469000,0.0
1629308499000,0.0
1629308529000,0.0
1629308559000,0.0
1629308589000,0.0
1629308619000,0.0
1629308649000,0.0005977286312014345
1629308679000,0.0005913660555884093
1629308709000,0.0
1629308739000,0.0005970149253731342
1629308769000,0.0
1629308799000,0.0
1629308829000,0.0
1629308859000,0.0006157635467980296
1629308889000,0.0006112469437652813
1629308919000,0.0
1629308949000,0.0
1629308979000,0.0
1629309009000,0.0
1629309039000,0.0005963029218843173
1629309069000,0.0
1629309099000,0.0
1629309129000,0.0
1629309159000,0.0
1629309189000,0.0
1629309219000,0.0
1629309249000,0.0006075334143377885
1629309279000,0.0
1629309309000,0.0
1629309339000,0.0006090133982947625
1629309369000,0.0
1629309399000,0.0
1629309429000,0.0
1629309459000,0.0006064281382656155
1629309489000,0.0
1629309519000,0.0
1629309549000,0.0
1629309579000,0.0006184291898577612
1629309609000,0.0
1629309639000,0.0
1629309669000,0.0005941770647653001
1629309699000,0.0
1629309729000,0.0
1629309759000,0.0
1629309789000,0.0006042296072507553
1629309819000,0.0
1629309849000,0.0
1629309879000,0.0
1629309909000,0.0
1629309939000,0.0005945303210463732
1629309969000,0.0
1629309999000,0.0
1629310029000,0.0006108735491753207
1629310059000,0.0
1629310089000,0.0
1629310119000,0.0
1629310149000,0.0
1629310179000,0.0
1629310209000,0.0
1629310239000,0.0006013229104028864
1629310269000,0.0
1629310299000,0.0
1629310329000,0.0
1629310359000,0.0006169031462060457
1629310389000,0.0
1629310419000,0.0
1629310449000,0.0
1629310479000,0.0005966587112171838
1629310509000,0.0006127450980392157
1629310539000,0.0
1629310569000,0.0005896226415094339
1629310599000,0.001212121212121212
1629310629000,0.0006006006006006006
1629310659000,0.0
1629310689000,0.0
1629310719000,0.0006097560975609756
1629310749000,0.0
1629310779000,0.0
1629310809000,0.0
1629310839000,0.0
1629310869000,0.0006027727546714887
1629310899000,0.0
1629310929000,0.0
1629310959000,0.0005899705014749262
1629310989000,0.0006006006006006006
1629311019000,0.0
1629311049000,0.0006013229104028864
1629311079000,0.0
1629311109000,0.0
1629311139000,0.0
1629311169000,0.0006157635467980296
1629311199000,0.0
1629311229000,0.0
1629311259000,0.0
1629311289000,0.0
1629311319000,0.0006067961165048543
1629311349000,0.0
1629311379000,0.0006006006006006006
1629311409000,0.0
1629311439000,0.0
1629311469000,0.0006056935190793457
1629311499000,0.0
1629311529000,0.0006049606775559589
1629311559000,0.0006127450980392157
1629311589000,0.0
1629311619000,0.0
1629311649000,0.0
1629311679000,0.0
1629311709000,0.0
1629311739000,0.0006038647342995169
1629311769000,0.0005931198102016608
1629311799000,0.0
1629311829000,0.0
1629311859000,0.0006112469437652813
1629311889000,0.0
1629311919000,0.0
1629311949000,0.0
1629311979000,0.0
1629312009000,0.0
1629312039000,0.0005952380952380952
1629312069000,0.0
1629312099000,0.0
1629312129000,0.0
1629312159000,0.0005955926146515784
1629312189000,0.0
1629312219000,0.0
1629312249000,0.0005980861244019139
1629312279000,0.0
1629312309000,0.0
1629312339000,0.0
1629312369000,0.0005998800239952009
1629312399000,0.0
1629312429000,0.0005959475566150177
1629312459000,0.0
1629312489000,0.0
1629312519000,0.0
1629312549000,0.0
1629312579000,0.0
1629312609000,0.0
1629312639000,0.0
1629312669000,0.0
1629312699000,0.0006093845216331506
1629312729000,0.0
1629312759000,0.0
1629312789000,0.0
1629312819000,0.0006064281382656155
1629312849000,0.0
1629312879000,0.0006027727546714887
1629312909000,0.0006053268765133173
1629312939000,0.0
1629312969000,0.0
1629312999000,0.0
1629313029000,0.0006108735491753207
1629313059000,0.0
1629313089000,0.0
1629313119000,0.0
1629313149000,0.0
1629313179000,0.0
1629313209000,0.0
1629313239000,0.0
1629313269000,0.0
1629313299000,0.0
1629313329000,0.0005988023952095807
1629313359000,0.0
1629313389000,0.0
1629313419000,0.0005988023952095807
1629313449000,0.0
1629313479000,0.0005966587112171838
1629313509000,0.0
1629313539000,0.0
1629313569000,0.0006157635467980296
1629313599000,0.0
1629313629000,0.0
1629313659000,0.0
1629313689000,0.0
1629313719000,0.0
1629313749000,0.0006045949214026603
1629313779000,0.0
1629313809000,0.0
1629313839000,0.0
1629313869000,0.0
1629313899000,0.0
1629313929000,0.0
1629313959000,0.0
1629313989000,0.0
1629314019000,0.0
1629314049000,0.0
1629314079000,0.0
1629314109000,0.0
1629314139000,0.0
1629314169000,0.0
1629314199000,0.0
1629314229000,0.0
1629314259000,0.0
1629314289000,0.0
1629314319000,0.0005955926146515784
1629314349000,0.0
1629314379000,0.0
1629314409000,0.0
1629314439000,0.0005966587112171838
1629314469000,0.0
1629314499000,0.0
1629314529000,0.0
1629314559000,0.0
1629314589000,0.0
1629314619000,0.0005995203836930455
1629314649000,0.0
1629314679000,0.0
1629314709000,0.0006093845216331506
1629314739000,0.0
1629314769000,0.0006064281382656155
1629314799000,0.0
1629314829000,0.0
1629314859000,0.0
1629314889000,0.0005988023952095807
1629314919000,0.0
1629314949000,0.0
1629314979000,0.0
1629315009000,0.0
1629315039000,0.0
1629315069000,0.0
1629315099000,0.0006153846153846153
1629315129000,0.0
1629315159000,0.0
1629315189000,0.0
1629315219000,0.0
1629315249000,0.0
1629315279000,0.0
1629315309000,0.0
1629315339000,0.0005998800239952009
1629315369000,0.0
1629315399000,0.0
1629315429000,0.0
1629315459000,0.0
1629315489000,0.0
1629315519000,0.0006031363088057902
1629315549000,0.0
1629315579000,0.0006020469596628537
1629315609000,0.0
1629315639000,0.0006027727546714887
1629315669000,0.0
1629315699000,0.0
1629315729000,0.0
1629315759000,0.0
1629315789000,0.0
1629315819000,0.0
1629315849000,0.0005959475566150177
1629315879000,0.0
1629315909000,0.0
1629315939000,0.0
1629315969000,0.0
1629315999000,0.0
1629316029000,0.0
1629316059000,0.0
1629316089000,0.0
1629316119000,0.0
1629316149000,0.0
1629316179000,0.0006016847172081829
1629316209000,0.0
1629316239000,0.0006082725060827251
1629316269000,0.0
1629316299000,0.0
1629316329000,0.0
1629316359000,0.0
1629316389000,0.0006165228113440197
1629316419000,0.0
1629316449000,0.0006056935190793457
1629316479000,0.0
1629316509000,0.0
1629316539000,0.0
1629316569000,0.0
1629316599000,0.0
1629316629000,0.0
1629316659000,0.0
1629316689000,0.0
1629316719000,0.0
1629316749000,0.0
1629316779000,0.0
1629316809000,0.0
1629316839000,0.0
1629316869000,0.0005980861244019139
1629316899000,0.0
1629316929000,0.0
1629316959000,0.0
1629316989000,0.0006097560975609756
1629317019000,0.0006079027355623102
1629317049000,0.0
1629317079000,0.0
1629317109000,0.0006230529595015578
1629317139000,0.0
1629317169000,0.0
1629317199000,0.0
1629317229000,0.0
1629317259000,0.0005991611743559018
1629317289000,0.0006042296072507553
1629317319000,0.0
1629317349000,0.0
1629317379000,0.0
1629317409000,0.0
1629317439000,0.0006153846153846153
1629317469000,0.0006060606060606062
1629317499000,0.0006060606060606062
1629317529000,0.0005980861244019139
1629317559000,0.0
1629317589000,0.0
1629317619000,0.0
1629317649000,0.0
1629317679000,0.0006138735420503376
1629317709000,0.0
1629317739000,0.0006002400960384152
1629317769000,0.0
1629317799000,0.0005998800239952009
1629317829000,0.0
1629317859000,0.0
1629317889000,0.0006031363088057902
1629317919000,0.0
1629317949000,0.0
1629317979000,0.0005892751915144372
1629318009000,0.0
1629318039000,0.0
1629318069000,0.0006127450980392157
1629318099000,0.0006067961165048543
1629318129000,0.0
1629318159000,0.0006071645415907711
1629318189000,0.0
1629318219000,0.0
1629318249000,0.0
1629318279000,0.0006016847172081829
1629318309000,0.0
1629318339000,0.0006075334143377885
1629318369000,0.0
1629318399000,0.0
1629318429000,0.0005938242280285036
1629318459000,0.0
1629318489000,0.0
1629318519000,0.0006093845216331506
1629318549000,0.0
1629318579000,0.0
1629318609000,0.0
1629318639000,0.0
1629318669000,0.0
1629318699000,0.0
1629318729000,0.0
1629318759000,0.0
1629318789000,0.0
1629318819000,0.0
1629318849000,0.0005959475566150177
1629318879000,0.0005966587112171838
1629318909000,0.0006090133982947625
1629318939000,0.0006045949214026603
1629318969000,0.0
1629318999000,0.0005896226415094339
1629319029000,0.0
1629319059000,0.0006071645415907711
1629319089000,0.0
1629319119000,0.0006188118811881187
1629319149000,0.0005984440454817473
1629319179000,0.0
1629319209000,0.0006020469596628537
1629319239000,0.0
1629319269000,0.0005920663114268798
1629319299000,0.0006006006006006006
1629319329000,0.0
1629319359000,0.0006024096385542169
1629319389000,0.0
1629319419000,0.0006049606775559589
1629319449000,0.0
1629319479000,0.0
1629319509000,0.0
1629319539000,0.0
1629319569000,0.0
1629319599000,0.0
1629319629000,0.0006172839506172839
1629319659000,0.0006064281382656155
1629319689000,0.0006079027355623102
1629319719000,0.0
1629319749000,0.0
1629319779000,0.0006082725060827251
1629319809000,0.0
1629319839000,0.0006049606775559589
1629319869000,0.0
1629319899000,0.0006056935190793457
1629319929000,0.0
1629319959000,0.0
1629319989000,0.0
1629320019000,0.0
1629320049000,0.0
1629320079000,0.0
1629320109000,0.0005941770647653001
1629320139000,0.0
1629320169000,0.0006105006105006105
1629320199000,0.0
1629320229000,0.0006013229104028864
1629320259000,0.0
1629320289000,0.0006071645415907711
1629320319000,0.0006075334143377885
1629320349000,0.0
1629320379000,0.0006127450980392157
1629320409000,0.0
1629320439000,0.0006027727546714887
1629320469000,0.0006009615384615385
1629320499000,0.0
1629320529000,0.0
1629320559000,0.0
1629320589000,0.0
1629320619000,0.0006045949214026603
1629320649000,0.0006016847172081829
1629320679000,0.0
1629320709000,0.0
1629320739000,0.0
1629320769000,0.0
1629320799000,0.0
1629320829000,0.0
1629320859000,0.0
1629320889000,0.0006180469715698393
1629320919000,0.0
1629320949000,0.0
1629320979000,0.0
1629321009000,0.0
1629321039000,0.0
1629321069000,0.0
1629321099000,0.0
1629321129000,0.0
1629321159000,0.0006153846153846153
1629321189000,0.0
1629321219000,0.0
1629321249000,0.0006053268765133173
1629321279000,0.0
1629321309000,0.0
1629321339000,0.0
1629321369000,0.0006020469596628537
1629321399000,0.0
1629321429000,0.0
1629321459000,0.0
1629321489000,0.0
1629321519000,0.0
1629321549000,0.0
1629321579000,0.0
1629321609000,0.0
1629321639000,0.0
1629321669000,0.0006105006105006105
1629321699000,0.0
1629321729000,0.0006090133982947625
1629321759000,0.0
1629321789000,0.0
1629321819000,0.0006188118811881187
1629321849000,0.0
1629321879000,0.0
1629321909000,0.0
1629321939000,0.0
1629321969000,0.0
1629321999000,0.0006049606775559589
1629322029000,0.0
1629322059000,0.0
1629322089000,0.0
1629322119000,0.0
1629322149000,0.0
1629322179000,0.0
1629322209000,0.0
1629322239000,0.0006064281382656155
1629322269000,0.0006153846153846153
1629322299000,0.0
1629322329000,0.0
1629322359000,0.0
1629322389000,0.0
1629322419000,0.0
1629322449000,0.0
1629322479000,0.0005963029218843173
1629322509000,0.0
1629322539000,0.0
1629322569000,0.0
1629322599000,0.0
1629322629000,0.0
1629322659000,0.0
1629322689000,0.0006031363088057902
1629322719000,0.0006067961165048543
1629322749000,0.0006064281382656155
1629322779000,0.0
1629322809000,0.0
1629322839000,0.0006123698714023269
1629322869000,0.0
1629322899000,0.0
1629322929000,0.0
1629322959000,0.0
1629322989000,0.0
1629323019000,0.0005945303210463732
1629323049000,0.0
1629323079000,0.0
1629323109000,0.0005948839976204639
1629323139000,0.0
1629323169000,0.0
1629323199000,0.0
1629323229000,0.0
1629323259000,0.0
1629323289000,0.0
1629323319000,0.0
1629323349000,0.0006097560975609756
1629323379000,0.0
1629323409000,0.0
1629323439000,0.0006049606775559589
1629323469000,0.0
1629323499000,0.0
1629323529000,0.0
1629323559000,0.0
1629323589000,0.0
1629323619000,0.0
1629323649000,0.0
1629323679000,0.0
1629323709000,0.0006035003017501509
1629323739000,0.0
1629323769000,0.0
1629323799000,0.0
1629323829000,0.0
1629323859000,0.0
1629323889000,0.0
1629323919000,0.0006127450980392157
1629323949000,0.0005984440454817473
1629323979000,0.0006176652254478072
1629324009000,0.0
1629324039000,0.0005959475566150177
1629324069000,0.0
1629324099000,0.0
1629324129000,0.0
1629324159000,0.0
1629324189000,0.0
1629324219000,0.0
1629324249000,0.0
1629324279000,0.0
1629324309000,0.0006042296072507553
1629324339000,0.0006016847172081829
1629324369000,0.0
1629324399000,0.0
1629324429000,0.0
1629324459000,0.0
1629324489000,0.0
1629324519000,0.0
1629324549000,0.0
1629324579000,0.0
1629324609000,0.0006067961165048543
1629324639000,0.0
1629324669000,0.0
1629324699000,0.0
1629324729000,0.0
1629324759000,0.001199040767386091
1629324789000,0.0
1629324819000,0.0
1629324849000,0.0
1629324879000,0.0
1629324909000,0.0
1629324939000,0.0
1629324969000,0.0
1629324999000,0.0005963029218843173
1629325029000,0.0
1629325059000,0.0
1629325089000,0.0
1629325119000,0.0
1629325149000,0.0
1629325179000,0.0
1629325209000,0.0
1629325239000,0.0
1629325269000,0.0006116207951070336
1629325299000,0.0
1629325329000,0.0
1629325359000,0.0
1629325389000,0.0012113870381586915
1629325419000,0.0
1629325449000,0.0
1629325479000,0.0005938242280285036
1629325509000,0.0
1629325539000,0.0
1629325569000,0.0
1629325599000,0.0
1629325629000,0.0
1629325659000,0.0006075334143377885
1629325689000,0.0006064281382656155
1629325719000,0.0
1629325749000,0.0
1629325779000,0.0006093845216331506
1629325809000,0.0006119951040391675
1629325839000,0.0
1629325869000,0.0006116207951070336
1629325899000,0.0
1629325929000,0.0
1629325959000,0.0006038647342995169
1629325989000,0.0006042296072507553
1629326019000,0.0006049606775559589
1629326049000,0.0
1629326079000,0.0006134969325153375
1629326109000,0.0005952380952380952
1629326139000,0.0006031363088057902
1629326169000,0.0
1629326199000,0.0
1629326229000,0.0006142506142506142
1629326259000,0.0006146281499692684
1629326289000,0.0006056935190793457
1629326319000,0.0005841121495327102
1629326349000,0.0005924170616113746
1629326379000,0.0
1629326409000,0.0
1629326439000,0.0
1629326469000,0.0
1629326499000,0.0012026458208057728
1629326529000,0.0
1629326559000,0.001201923076923077
1629326589000,0.0
1629326619000,0.0006060606060606062
1629326649000,0.0005955926146515784
1629326679000,0.0
1629326709000,0.0
1629326739000,0.0005938242280285036
1629326769000,0.0
1629326799000,0.0
1629326829000,0.0006093845216331506
1629326859000,0.0
1629326889000,0.0
1629326919000,0.0006086427267194157
1629326949000,0.0
1629326979000,0.0
1629327009000,0.0006013229104028864
1629327039000,0.0
1629327069000,0.0
1629327099000,0.0005945303210463732
1629327129000,0.0
1629327159000,0.0
1629327189000,0.0006002400960384152
1629327219000,0.0
1629327249000,0.0
1629327279000,0.0
1629327309000,0.0
1629327339000,0.0005984440454817473
1629327369000,0.0006086427267194157
1629327399000,0.0005970149253731342
1629327429000,0.0006009615384615385
1629327459000,0.0
1629327489000,0.0
1629327519000,0.0
1629327549000,0.0
1629327579000,0.0
1629327609000,0.0
1629327639000,0.0
1629327669000,0.0
1629327699000,0.0
1629327729000,0.0
1629327759000,0.0011848341232227491
1629327789000,0.0
1629327819000,0.0
1629327849000,0.0006097560975609756
1629327879000,0.0
1629327909000,0.0006131207847946045
1629327939000,0.0
1629327969000,0.0
1629327999000,0.0006086427267194157
1629328029000,0.0005980861244019139
1629328059000,0.0
1629328089000,0.0
1629328119000,0.0
1629328149000,0.0
1629328179000,0.0
1629328209000,0.0
1629328239000,0.0006134969325153375
1629328269000,0.0
1629328299000,0.0005963029218843173
1629328329000,0.0
1629328359000,0.0
1629328389000,0.0
1629328419000,0.0
1629328449000,0.0
1629328479000,0.0
1629328509000,0.0005988023952095807
1629328539000,0.0006093845216331506
1629328569000,0.0
1629328599000,0.0
1629328629000,0.0
1629328659000,0.0006146281499692684
1629328689000,0.0
1629328719000,0.0
1629328749000,0.0
1629328779000,0.0
1629328809000,0.0
1629328839000,0.0005970149253731342
1629328869000,0.0
1629328899000,0.0
1629328929000,0.0006105006105006105
1629328959000,0.0
1629328989000,0.0
1629329019000,0.0
1629329049000,0.0
1629329079000,0.0005988023952095807
1629329109000,0.0
1629329139000,0.0
1629329169000,0.0
1629329199000,0.0
1629329229000,0.0011855364552459987
1629329259000,0.0006006006006006006
1629329289000,0.0
1629329319000,0.0006097560975609756
1629329349000,0.0
1629329379000,0.0
1629329409000,0.0
1629329439000,0.0
1629329469000,0.0
1629329499000,0.0006079027355623102
1629329529000,0.0006093845216331506
1629329559000,0.0006075334143377885
1629329589000,0.0
1629329619000,0.0006038647342995169
1629329649000,0.0
1629329679000,0.0
1629329709000,0.0
1629329739000,0.0
1629329769000,0.0005988023952095807
1629329799000,0.0
1629329829000,0.0006002400960384152
1629329859000,0.0
1629329889000,0.0
1629329919000,0.0
1629329949000,0.0
1629329979000,0.0
1629330009000,0.0
1629330039000,0.0005966587112171838
1629330069000,0.0006075334143377885
1629330099000,0.0
1629330129000,0.0
1629330159000,0.0
1629330189000,0.0
1629330219000,0.0
1629330249000,0.0
1629330279000,0.0006112469437652813
1629330309000,0.0
1629330339000,0.0
1629330369000,0.0
1629330399000,0.0006093845216331506
1629330429000,0.0005970149253731342
1629330459000,0.0
1629330489000,0.0
1629330519000,0.0
1629330549000,0.0006020469596628537
1629330579000,0.0
1629330609000,0.0
1629330639000,0.0006097560975609756
1629330669000,0.0012187690432663009
1629330699000,0.0
1629330729000,0.0
1629330759000,0.0
1629330789000,0.0006150061500615006
1629330819000,0.0
1629330849000,0.0006108735491753207
1629330879000,0.0
1629330909000,0.0006060606060606062
1629330939000,0.0
1629330969000,0.0
1629330999000,0.0
1629331029000,0.0
1629331059000,0.0
1629331089000,0.0006116207951070336
1629331119000,0.0
1629331149000,0.0006119951040391675
1629331179000,0.0
1629331209000,0.0
1629331239000,0.0
1629331269000,0.0
1629331299000,0.0
1629331329000,0.0006127450980392157
1629331359000,0.0
1629331389000,0.0
1629331419000,0.0
1629331449000,0.0
1629331479000,0.0
1629331509000,0.0
1629331539000,0.0006097560975609756
1629331569000,0.0
1629331599000,0.0
1629331629000,0.0006013229104028864
1629331659000,0.0
1629331689000,0.0
1629331719000,0.0012026458208057728
1629331749000,0.0006031363088057902
1629331779000,0.0
1629331809000,0.0
1629331839000,0.0
1629331869000,0.0
1629331899000,0.0
1629331929000,0.0
1629331959000,0.0006071645415907711
1629331989000,0.0
1629332019000,0.0
1629332049000,0.0
1629332079000,0.0006075334143377885
1629332109000,0.0005984440454817473
1629332139000,0.0
1629332169000,0.0
1629332199000,0.0
1629332229000,0.0006064281382656155
1629332259000,0.0
1629332289000,0.0006013229104028864
1629332319000,0.0006042296072507553
1629332349000,0.0012012012012012011
1629332379000,0.0006090133982947625
1629332409000,0.0
1629332439000,0.0
1629332469000,0.0
1629332499000,0.0
1629332529000,0.0006101281269066504
1629332559000,0.0
1629332589000,0.0
1629332619000,0.0
1629332649000,0.0006097560975609756
1629332679000,0.0
1629332709000,0.0
1629332739000,0.0
1629332769000,0.0
1629332799000,0.0
1629332829000,0.0006086427267194157
1629332859000,0.0006105006105006105
1629332889000,0.0
1629332919000,0.0
1629332949000,0.0006086427267194157
1629332979000,0.0006006006006006006
1629333009000,0.0
1629333039000,0.0
1629333069000,0.0
1629333099000,0.0
1629333129000,0.0006157635467980296
1629333159000,0.0
1629333189000,0.0
1629333219000,0.0
1629333249000,0.0
1629333279000,0.0
1629333309000,0.0005991611743559018
1629333339000,0.0
1629333369000,0.0
1629333399000,0.0
1629333429000,0.0
1629333459000,0.0
1629333489000,0.0
1629333519000,0.0006027727546714887
1629333549000,0.0
1629333579000,0.0
1629333609000,0.0006053268765133173
1629333639000,0.0
1629333669000,0.0
1629333699000,0.0006027727546714887
1629333729000,0.0
1629333759000,0.0
1629333789000,0.0006067961165048543
1629333819000,0.0
1629333849000,0.0
1629333879000,0.0006056935190793457
1629333909000,0.0006009615384615385
1629333939000,0.0006097560975609756
1629333969000,0.0
1629333999000,0.0005980861244019139
1629334029000,0.0
1629334059000,0.0
1629334089000,0.0
1629334119000,0.0
1629334149000,0.0
1629334179000,0.0
1629334209000,0.0
1629334239000,0.0
1629334269000,0.0
1629334299000,0.0
1629334329000,0.0
1629334359000,0.0
1629334389000,0.0
1629334419000,0.0006053268765133173
1629334449000,0.0
1629334479000,0.0005917159763313611
1629334509000,0.0
1629334539000,0.0
1629334569000,0.0
1629334599000,0.0006123698714023269
1629334629000,0.0
1629334659000,0.0
1629334689000,0.0
1629334719000,0.0
1629334749000,0.0
1629334779000,0.0
1629334809000,0.0006093845216331506
1629334839000,0.0
1629334869000,0.0006176652254478072
1629334899000,0.0
1629334929000,0.0
1629334959000,0.0
1629334989000,0.0
1629335019000,0.0
1629335049000,0.0
1629335079000,0.0
1629335109000,0.0
1629335139000,0.0
1629335169000,0.0006188118811881187
1629335199000,0.0
1629335229000,0.0
1629335259000,0.0
1629335289000,0.0
1629335319000,0.0005995203836930455
1629335349000,0.0
1629335379000,0.0
1629335409000,0.0
1629335439000,0.0
1629335469000,0.0
1629335499000,0.0
1629335529000,0.0005917159763313611
1629335559000,0.0005841121495327102
1629335589000,0.0
1629335619000,0.0
1629335649000,0.0
1629335679000,0.0
1629335709000,0.0
1629335739000,0.0
1629335769000,0.0006002400960384152
1629335799000,0.0
1629335829000,0.0
1629335859000,0.0006123698714023269
1629335889000,0.0
1629335919000,0.0005865102639296188
1629335949000,0.0006067961165048543
1629335979000,0.0
1629336009000,0.0
1629336039000,0.0
1629336069000,0.0006086427267194157
1629336099000,0.0
1629336129000,0.0
1629336159000,0.0
1629336189000,0.0
1629336219000,0.0
1629336249000,0.0
1629336279000,0.0005963029218843173
1629336309000,0.0
1629336339000,0.0
1629336369000,0.0
1629336399000,0.0
1629336429000,0.0006020469596628537
1629336459000,0.0012217470983506415
1629336489000,0.0012084592145015106
1629336519000,0.0006082725060827251
1629336549000,0.0
1629336579000,0.0006161429451632778
1629336609000,0.0
1629336639000,0.0
1629336669000,0.0
1629336699000,0.0
1629336729000,0.0
1629336759000,0.0006211180124223603
1629336789000,0.0
1629336819000,0.0
1629336849000,0.0
1629336879000,0.0006199628022318662
1629336909000,0.0
1629336939000,0.0
1629336969000,0.0
1629336999000,0.0
1629337029000,0.0
1629337059000,0.0
1629337089000,0.0
1629337119000,0.0
1629337149000,0.0
1629337179000,0.0006009615384615385
1629337209000,0.0
1629337239000,0.0005817335660267597
1629337269000,0.0
1629337299000,0.0
1629337329000,0.0
1629337359000,0.0011848341232227491
1629337389000,0.0006131207847946045
1629337419000,0.0
1629337449000,0.0
1629337479000,0.0
1629337509000,0.0
1629337539000,0.0
1629337569000,0.0006045949214026603
1629337599000,0.0
1629337629000,0.0
1629337659000,0.0
1629337689000,0.0
1629337719000,0.0
1629337749000,0.0
1629337779000,0.0
1629337809000,0.0005941770647653001
1629337839000,0.0
1629337869000,0.0
1629337899000,0.0006101281269066504
1629337929000,0.0
1629337959000,0.0
1629337989000,0.0006127450980392157
1629338019000,0.0
1629338049000,0.0
1629338079000,0.0
1629338109000,0.0006112469437652813
1629338139000,0.0
1629338169000,0.0006112469437652813
1629338199000,0.0
1629338229000,0.0
1629338259000,0.0
1629338289000,0.0
1629338319000,0.0
1629338349000,0.0
1629338379000,0.0
1629338409000,0.0006116207951070336
1629338439000,0.0006075334143377885
1629338469000,0.0
1629338499000,0.0
1629338529000,0.0
1629338559000,0.0
1629338589000,0.0006090133982947625
1629338619000,0.0
1629338649000,0.0
1629338679000,0.0
1629338709000,0.0
1629338739000,0.0
1629338769000,0.0
1629338799000,0.0
1629338829000,0.0006090133982947625
1629338859000,0.0
1629338889000,0.0
1629338919000,0.0005970149253731342
1629338949000,0.0
1629338979000,0.0
1629339009000,0.0005955926146515784
1629339039000,0.0005973715651135006
1629339069000,0.0
1629339099000,0.0006031363088057902
1629339129000,0.0006020469596628537
1629339159000,0.0006031363088057902
1629339189000,0.0
1629339219000,0.0005966587112171838
1629339249000,0.0
1629339279000,0.0
1629339309000,0.0
1629339339000,0.0
1629339369000,0.0005952380952380952
1629339399000,0.0006195786864931846
1629339429000,0.0006067961165048543
1629339459000,0.0
1629339489000,0.0
1629339519000,0.0006002400960384152
1629339549000,0.0
1629339579000,0.0
1629339609000,0.0
1629339639000,0.0
1629339669000,0.0
1629339699000,0.0
1629339729000,0.0
1629339759000,0.0
1629339789000,0.0
1629339819000,0.0
1629339849000,0.0
1629339879000,0.0
1629339909000,0.0
1629339939000,0.0
1629339969000,0.0
1629339999000,0.0
1629340029000,0.0
1629340059000,0.0
1629340089000,0.0
1629340119000,0.0
1629340149000,0.0
1629340179000,0.0
1629340209000,0.0
1629340239000,0.0
1629340269000,0.0
1629340299000,0.0
1629340329000,0.0006042296072507553
1629340359000,0.0
1629340389000,0.0006123698714023269
1629340419000,0.0005948839976204639
1629340449000,0.0005920663114268798
1629340479000,0.0005927682276229994
1629340509000,0.0
1629340539000,0.0
1629340569000,0.0
1629340599000,0.0
1629340629000,0.0
1629340659000,0.0
1629340689000,0.0011883541295306002
1629340719000,0.0
1629340749000,0.0
1629340779000,0.0
1629340809000,0.0
1629340839000,0.0
1629340869000,0.0006116207951070336
1629340899000,0.0
1629340929000,0.0
1629340959000,0.0006082725060827251
1629340989000,0.0006067961165048543
1629341019000,0.0
1629341049000,0.0
1629341079000,0.0006071645415907711
1629341109000,0.0
1629341139000,0.0
1629341169000,0.0
1629341199000,0.0
1629341229000,0.0
1629341259000,0.0006203473945409428
1629341289000,0.0
1629341319000,0.0006123698714023269
1629341349000,0.0
1629341379000,0.0
1629341409000,0.0
1629341439000,0.0006169031462060457
1629341469000,0.0
1629341499000,0.0006024096385542169
1629341529000,0.0
1629341559000,0.0006024096385542169
1629341589000,0.0
1629341619000,0.0006056935190793457
1629341649000,0.0
1629341679000,0.0
1629341709000,0.0
1629341739000,0.0
1629341769000,0.0
1629341799000,0.0
1629341829000,0.0005988023952095807
1629341859000,0.0
1629341889000,0.0
1629341919000,0.0
1629341949000,0.0
1629341979000,0.0006027727546714887
1629342009000,0.0
1629342039000,0.0
1629342069000,0.0006211180124223603
1629342099000,0.0
1629342129000,0.0
1629342159000,0.0
1629342189000,0.0
1629342219000,0.0
1629342249000,0.0
1629342279000,0.0005847953216374268
1629342309000,0.0005945303210463732
1629342339000,0.0
1629342369000,0.0
1629342399000,0.0
1629342429000,0.0
1629342459000,0.0
1629342489000,0.0
1629342519000,0.0
1629342549000,0.0
1629342579000,0.0006056935190793457
1629342609000,0.0006042296072507553
1629342639000,0.0
1629342669000,0.0
1629342699000,0.0
1629342729000,0.0
1629342759000,0.0
1629342789000,0.0005959475566150177
1629342819000,0.0
1629342849000,0.0005924170616113746
1629342879000,0.0
1629342909000,0.0
1629342939000,0.0
1629342969000,0.0
1629342999000,0.0006056935190793457
1629343029000,0.0
1629343059000,0.0006176652254478072
1629343089000,0.0
1629343119000,0.0
1629343149000,0.0
1629343179000,0.0
1629343209000,0.0
1629343239000,0.0
1629343269000,0.0005910165484633571
1629343299000,0.0
1629343329000,0.0006086427267194157
1629343359000,0.0
1629343389000,0.0
1629343419000,0.0
1629343449000,0.0
1629343479000,0.0
1629343509000,0.0
1629343539000,0.0
1629343569000,0.0
1629343599000,0.0
1629343629000,0.0
1629343659000,0.0
1629343689000,0.0
1629343719000,0.0005844535359438924
1629343749000,0.0
1629343779000,0.0
1629343809000,0.0
1629343839000,0.0
1629343869000,0.0006199628022318662
1629343899000,0.0
1629343929000,0.0
1629343959000,0.0
1629343989000,0.0
1629344019000,0.0
1629344049000,0.0
1629344079000,0.0
1629344109000,0.0005899705014749262
1629344139000,0.0
1629344169000,0.0006079027355623102
1629344199000,0.0
1629344229000,0.0
1629344259000,0.0
1629344289000,0.0005988023952095807
1629344319000,0.0
1629344349000,0.0005991611743559018
1629344379000,0.0
1629344409000,0.0
1629344439000,0.0006142506142506142
1629344469000,0.0
1629344499000,0.0
1629344529000,0.0
1629344559000,0.0
1629344589000,0.0005966587112171838
1629344619000,0.0006038647342995169
1629344649000,0.0
1629344679000,0.0
1629344709000,0.0006049606775559589
1629344739000,0.0
1629344769000,0.0
1629344799000,0.0
1629344829000,0.0
1629344859000,0.0006045949214026603
1629344889000,0.0
1629344919000,0.0
1629344949000,0.0
1629344979000,0.0
1629345009000,0.0
1629345039000,0.0006060606060606062
1629345069000,0.0
1629345099000,0.0
1629345129000,0.0
1629345159000,0.0
1629345189000,0.0006195786864931846
1629345219000,0.0012330456226880395
1629345249000,0.0
1629345279000,0.0
1629345309000,0.0
1629345339000,0.0
1629345369000,0.0
1629345399000,0.0
1629345429000,0.0
1629345459000,0.0006138735420503376
1629345489000,0.0
1629345519000,0.0006142506142506142
1629345549000,0.0
1629345579000,0.0
1629345609000,0.0
1629345639000,0.0
1629345669000,0.0006150061500615006
1629345699000,0.0
1629345729000,0.0006045949214026603
1629345759000,0.0006218905472636817
1629345789000,0.0
1629345819000,0.0
1629345849000,0.0006203473945409428
1629345879000,0.0
1629345909000,0.0005970149253731342
1629345939000,0.0
1629345969000,0.0
1629345999000,0.0
1629346029000,0.0
1629346059000,0.0
1629346089000,0.0
1629346119000,0.0
1629346149000,0.0006071645415907711
1629346179000,0.0
1629346209000,0.0
1629346239000,0.0
1629346269000,0.0
1629346299000,0.0
1629346329000,0.0
1629346359000,0.0
1629346389000,0.0012077294685990338
1629346419000,0.0011890606420927464
1629346449000,0.0006079027355623102
1629346479000,0.0006093845216331506
1629346509000,0.0006086427267194157
1629346539000,0.0
1629346569000,0.0012070006035003018
1629346599000,0.0006105006105006105
1629346629000,0.0005941770647653001
1629346659000,0.0
1629346689000,0.0
1629346719000,0.0
1629346749000,0.0
1629346779000,0.0006093845216331506
1629346809000,0.0
1629346839000,0.0006035003017501509
1629346869000,0.0
1629346899000,0.0
1629346929000,0.0
1629346959000,0.0
1629346989000,0.0006119951040391675
1629347019000,0.0005984440454817473
1629347049000,0.0
1629347079000,0.0005844535359438924
1629347109000,0.0006035003017501509
1629347139000,0.0006119951040391675
1629347169000,0.0
1629347199000,0.0
1629347229000,0.0005984440454817473
1629347259000,0.0
1629347289000,0.0006165228113440197
1629347319000,0.0
1629347349000,0.0006016847172081829
1629347379000,0.0
1629347409000,0.0005955926146515784
1629347439000,0.0006009615384615385
1629347469000,0.0005988023952095807
1629347499000,0.0
1629347529000,0.0
1629347559000,0.0
1629347589000,0.0
1629347619000,0.0
1629347649000,0.0
1629347679000,0.0
1629347709000,0.0
1629347739000,0.0006053268765133173
1629347769000,0.0
1629347799000,0.0
1629347829000,0.0
1629347859000,0.0
1629347889000,0.0
1629347919000,0.0
1629347949000,0.0
1629347979000,0.0
1629348009000,0.0006056935190793457
1629348039000,0.0
1629348069000,0.0006150061500615006
1629348099000,0.0
1629348129000,0.0
1629348159000,0.0
1629348189000,0.0006064281382656155
1629348219000,0.0
1629348249000,0.0
1629348279000,0.0006172839506172839
1629348309000,0.0
1629348339000,0.0006067961165048543
1629348369000,0.0
1629348399000,0.0
1629348429000,0.0
1629348459000,0.0
1629348489000,0.0
1629348519000,0.0005980861244019139
1629348549000,0.0
1629348579000,0.0
1629348609000,0.0006042296072507553
1629348639000,0.0
1629348669000,0.0
1629348699000,0.0
1629348729000,0.0006093845216331506
1629348759000,0.0006060606060606062
1629348789000,0.0
1629348819000,0.0006071645415907711
1629348849000,0.0005977286312014345
1629348879000,0.0
1629348909000,0.0006184291898577612
1629348939000,0.0
1629348969000,0.0
1629348999000,0.0
1629349029000,0.0005970149253731342
1629349059000,0.0006045949214026603
1629349089000,0.0
1629349119000,0.0
1629349149000,0.0
1629349179000,0.0006067961165048543
1629349209000,0.0006142506142506142
1629349239000,0.0
1629349269000,0.0
1629349299000,0.0006150061500615006
1629349329000,0.0
1629349359000,0.0
1629349389000,0.0
1629349419000,0.0
1629349449000,0.0
1629349479000,0.0
1629349509000,0.0
1629349539000,0.0
1629349569000,0.0
1629349599000,0.0
1629349629000,0.0
1629349659000,0.0005906674542232723
1629349689000,0.0
1629349719000,0.0
1629349749000,0.0
1629349779000,0.0
1629349809000,0.0
1629349839000,0.0005910165484633571
1629349869000,0.0006097560975609756
1629349899000,0.0
1629349929000,0.0006013229104028864
1629349959000,0.0
1629349989000,0.0
1629350019000,0.0
1629350049000,0.0
1629350079000,0.0
1629350109000,0.0006142506142506142
1629350139000,0.0006086427267194157
1629350169000,0.0
1629350199000,0.0
1629350229000,0.0
1629350259000,0.0
1629350289000,0.0006035003017501509
1629350319000,0.0
1629350349000,0.0
1629350379000,0.0006064281382656155
1629350409000,0.0
1629350439000,0.0006031363088057902
1629350469000,0.0
1629350499000,0.0006053268765133173
1629350529000,0.0
1629350559000,0.0
1629350589000,0.0
1629350619000,0.0
1629350649000,0.0
1629350679000,0.0006172839506172839
1629350709000,0.0
1629350739000,0.0005955926146515784
1629350769000,0.0006097560975609756
1629350799000,0.0
1629350829000,0.0
1629350859000,0.0
1629350889000,0.0
1629350919000,0.0
1629350949000,0.0
1629350979000,0.0
1629351009000,0.0
1629351039000,0.0
1629351069000,0.0
1629351099000,0.0
1629351129000,0.0
1629351159000,0.0006024096385542169
1629351189000,0.0
1629351219000,0.0
1629351249000,0.0006086427267194157
1629351279000,0.0006075334143377885
1629351309000,0.0
1629351339000,0.0
1629351369000,0.0
1629351399000,0.0
1629351429000,0.0006042296072507553
1629351459000,0.0006027727546714887
1629351489000,0.0
1629351519000,0.0
1629351549000,0.0
1629351579000,0.0006035003017501509
1629351609000,0.0
1629351639000,0.0006108735491753207
1629351669000,0.0
1629351699000,0.0
1629351729000,0.0006086427267194157
1629351759000,0.0
1629351789000,0.0006045949214026603
1629351819000,0.0
1629351849000,0.0
1629351879000,0.0005924170616113746
1629351909000,0.0005938242280285036
1629351939000,0.0005910165484633571
1629351969000,0.0
1629351999000,0.0
1629352029000,0.0005977286312014345
1629352059000,0.0005977286312014345
1629352089000,0.0
1629352119000,0.0
1629352149000,0.0
1629352179000,0.0
1629352209000,0.0
1629352239000,0.0005977286312014345
1629352269000,0.0
1629352299000,0.0
1629352329000,0.0
1629352359000,0.0005938242280285036
1629352389000,0.0
1629352419000,0.0006079027355623102
1629352449000,0.0
1629352479000,0.0
1629352509000,0.0006127450980392157
1629352539000,0.0
1629352569000,0.0
1629352599000,0.0012084592145015106
1629352629000,0.0005917159763313611
1629352659000,0.0
1629352689000,0.0
1629352719000,0.0006009615384615385
1629352749000,0.0
1629352779000,0.0
1629352809000,0.0006020469596628537
1629352839000,0.0
1629352869000,0.0006215040397762585
1629352899000,0.0
1629352929000,0.0005955926146515784
1629352959000,0.0
1629352989000,0.0006075334143377885
1629353019000,0.0
1629353049000,0.0
1629353079000,0.0
1629353109000,0.0006119951040391675
1629353139000,0.0
1629353169000,0.0
1629353199000,0.0
1629353229000,0.0
1629353259000,0.0006038647342995169
1629353289000,0.0
1629353319000,0.0
1629353349000,0.00121580547112462
1629353379000,0.0
1629353409000,0.0
1629353439000,0.0
1629353469000,0.0
1629353499000,0.0006086427267194157
1629353529000,0.0006101281269066504
1629353559000,0.0
1629353589000,0.0
1629353619000,0.0
1629353649000,0.0
1629353679000,0.0006031363088057902
1629353709000,0.0006165228113440197
1629353739000,0.0
1629353769000,0.0006060606060606062
1629353799000,0.0
1629353829000,0.0
1629353859000,0.0
1629353889000,0.0
1629353919000,0.0
1629353949000,0.0
1629353979000,0.0006150061500615006
1629354009000,0.0
1629354039000,0.0
1629354069000,0.0
1629354099000,0.0
1629354129000,0.0006123698714023269
1629354159000,0.0
1629357009000,0.0
1629357039000,0.0
1629357069000,0.0005931198102016608
1629357099000,0.0
1629357129000,0.0
1629357159000,0.0
1629357189000,0.0006119951040391675
1629357219000,0.0
1629357249000,0.0
1629357279000,0.0
1629357309000,0.0
1629357339000,0.0
1629357369000,0.0
1629357399000,0.001226241569589209
1629357429000,0.0006172839506172839
1629357459000,0.0
1629357489000,0.0006112469437652813
1629357519000,0.0006024096385542169
1629357549000,0.0005955926146515784
1629357579000,0.0006172839506172839
1629357609000,0.0
1629357639000,0.0
1629357669000,0.0
1629357699000,0.0
1629357729000,0.0
1629357759000,0.0
1629357789000,0.0
1629357819000,0.0
1629357849000,0.0
1629357879000,0.0
1629357909000,0.0
1629357939000,0.0
1629357969000,0.0
1629357999000,0.0006101281269066504
1629358029000,0.0006075334143377885
1629358059000,0.0
1629358089000,0.0005941770647653001
1629358119000,0.0
1629358149000,0.0005948839976204639
1629358179000,0.0
1629358209000,0.0006142506142506142
1629358239000,0.0
1629358269000,0.0005865102639296188
1629358299000,0.0
1629358329000,0.0
1629358359000,0.0
1629358389000,0.0
1629358419000,0.0006127450980392157
1629358449000,0.0006075334143377885
1629358479000,0.0005980861244019139
1629358509000,0.0006101281269066504
1629358539000,0.0006150061500615006
1629358569000,0.0
1629358599000,0.0
1629358629000,0.0
1629358659000,0.0
1629358689000,0.0
1629358719000,0.0
1629358749000,0.0006157635467980296
1629358779000,0.0
1629358809000,0.0
1629358839000,0.0
1629358869000,0.0005995203836930455
1629358899000,0.0
1629358929000,0.0
1629358959000,0.0
1629358989000,0.0006071645415907711
1629359019000,0.0
1629359049000,0.0005955926146515784
1629359079000,0.0
1629359109000,0.0
1629359139000,0.0
1629359169000,0.0
1629359199000,0.0005980861244019139
1629359229000,0.0006127450980392157
1629359259000,0.0
1629359289000,0.0006082725060827251
1629359319000,0.0
1629359349000,0.0011841326228537595
1629359379000,0.0006142506142506142
1629359409000,0.0
1629359439000,0.0
1629359469000,0.0
1629359499000,0.0
1629359529000,0.0
1629359559000,0.0
1629359589000,0.0
1629359619000,0.0
1629359649000,0.0
1629359679000,0.0
1629359709000,0.0
1629359739000,0.0005966587112171838
1629359769000,0.0
1629359799000,0.0
1629359829000,0.0
1629359859000,0.0006101281269066504
1629359889000,0.0
1629359919000,0.0006127450980392157
1629359949000,0.0
1629359979000,0.0006082725060827251
1629360009000,0.0006146281499692684
1629360039000,0.0
1629360069000,0.0
1629360099000,0.0
1629360129000,0.0006161429451632778
1629360159000,0.0
1629360189000,0.0006119951040391675
1629360219000,0.0006002400960384152
1629360249000,0.0
1629360279000,0.0
1629360309000,0.0006082725060827251
1629360339000,0.0
1629360369000,0.0
1629360399000,0.0
1629360429000,0.0006060606060606062
1629360459000,0.0
1629360489000,0.0
1629360519000,0.0
1629360549000,0.0
1629360579000,0.0
1629360609000,0.0
1629360639000,0.0005966587112171838
1629360669000,0.0
1629360699000,0.0
1629360729000,0.0
1629360759000,0.0
1629360789000,0.0006035003017501509
1629360819000,0.0006031363088057902
1629360849000,0.0
1629360879000,0.0005955926146515784
1629360909000,0.0
1629360939000,0.0
1629360969000,0.0
1629360999000,0.0
1629361029000,0.0
1629361059000,0.0006031363088057902
1629361089000,0.0
1629361119000,0.0005952380952380952
1629361149000,0.0
1629361179000,0.0
1629361209000,0.0005945303210463732
1629361239000,0.0006013229104028864
1629361269000,0.0
1629361299000,0.0
1629361329000,0.0
1629361359000,0.0
1629361389000,0.0
1629361419000,0.0006116207951070336
1629361449000,0.0
1629361479000,0.0
1629361509000,0.0
1629361539000,0.0
1629361569000,0.0006134969325153375
1629361599000,0.0
1629361629000,0.0
1629361659000,0.0
1629361689000,0.0
1629361719000,0.0
1629361749000,0.0
1629361779000,0.0006153846153846153
1629361809000,0.0
1629361839000,0.0
1629361869000,0.0
1629361899000,0.0005970149253731342
1629361929000,0.0005941770647653001
1629361959000,0.0
1629361989000,0.0006031363088057902
1629362019000,0.0
1629362049000,0.0
1629362079000,0.0
1629362109000,0.0
1629362139000,0.0
1629362169000,0.0006013229104028864
1629362199000,0.0
1629362229000,0.0006024096385542169
1629362259000,0.0005910165484633571
1629362289000,0.0
1629362319000,0.0
1629362349000,0.0
1629362379000,0.0
1629362409000,0.0
1629362439000,0.0005977286312014345
1629362469000,0.0
1629362499000,0.0
1629362529000,0.0
1629362559000,0.0006079027355623102
1629362589000,0.0
1629362619000,0.0
1629362649000,0.0
1629362679000,0.0006038647342995169
1629362709000,0.0
1629362739000,0.0
1629362769000,0.0
1629362799000,0.0
1629362829000,0.0
1629362859000,0.0
1629362889000,0.0006064281382656155
1629362919000,0.0
1629362949000,0.0
1629362979000,0.0
1629363009000,0.0005948839976204639
1629363039000,0.0
1629363069000,0.0
1629363099000,0.0006161429451632778
1629363129000,0.0
1629363159000,0.0
1629363189000,0.0006161429451632778
1629363219000,0.0
1629363249000,0.0
1629363279000,0.0
1629363309000,0.0
1629363339000,0.0
1629363369000,0.0
1629363399000,0.0
1629363429000,0.0
1629363459000,0.0
1629363489000,0.0
1629363519000,0.0006024096385542169
1629363549000,0.0
1629363579000,0.0005878894767783657
1629363609000,0.0
1629363639000,0.0005998800239952009
1629363669000,0.0
1629363699000,0.0
1629363729000,0.0
1629363759000,0.0006090133982947625
1629363789000,0.0
1629363819000,0.0
1629363849000,0.0
1629363879000,0.0006016847172081829
1629363909000,0.0006218905472636817
1629363939000,0.0005980861244019139
1629363969000,0.0
1629363999000,0.0006119951040391675
1629364029000,0.0
1629364059000,0.0
1629364089000,0.0012338062924120911
1629364119000,0.0
1629364149000,0.0
1629364179000,0.0
1629364209000,0.0
1629364239000,0.0
1629364269000,0.0
1629364299000,0.0
1629364329000,0.0
1629364359000,0.0
1629364389000,0.0
1629364419000,0.0
1629364449000,0.0
1629364479000,0.0
1629364509000,0.0
1629364539000,0.0
1629364569000,0.0
1629364599000,0.0006038647342995169
1629364629000,0.0
1629364659000,0.0006002400960384152
1629364689000,0.0012254901960784314
1629364719000,0.0
1629364749000,0.0006064281382656155
1629364779000,0.0
1629364809000,0.0006060606060606062
1629364839000,0.0
1629364869000,0.0005970149253731342
1629364899000,0.0
1629364929000,0.0
1629364959000,0.0
1629364989000,0.0
1629365019000,0.0
1629365049000,0.0
1629365079000,0.0
1629365109000,0.0
1629365139000,0.0005984440454817473
1629365169000,0.0006172839506172839
1629365199000,0.0
1629365229000,0.0
1629365259000,0.0
1629365289000,0.0006161429451632778
1629365319000,0.0
1629365349000,0.0
1629365379000,0.0006071645415907711
1629365409000,0.0
1629365439000,0.0
1629365469000,0.0
1629365499000,0.0
1629365529000,0.0
1629365559000,0.0006097560975609756
1629365589000,0.0
1629365619000,0.0006031363088057902
1629365649000,0.0
1629365679000,0.0005899705014749262
1629365709000,0.0
1629365739000,0.0
1629365769000,0.0006097560975609756
1629365799000,0.0
1629365829000,0.0
1629365859000,0.0
1629365889000,0.0
1629365919000,0.0011799410029498525
1629365949000,0.0006180469715698393
1629365979000,0.0
1629366009000,0.0
1629366039000,0.0006009615384615385
1629366069000,0.0006134969325153375
1629366099000,0.0
1629366129000,0.0
1629366159000,0.0
1629366189000,0.0
1629366219000,0.0
1629366249000,0.0
1629366279000,0.0
1629366309000,0.0
1629366339000,0.0006031363088057902
1629366369000,0.0005977286312014345
1629366399000,0.0
1629366429000,0.0006020469596628537
1629366459000,0.0006157635467980296
1629366489000,0.0
1629366519000,0.0
1629366549000,0.0006097560975609756
1629366579000,0.0006161429451632778
1629366609000,0.0
1629366639000,0.0
1629366669000,0.0
1629366699000,0.0
1629366729000,0.0006049606775559589
1629366759000,0.0
1629366789000,0.0005963029218843173
1629366819000,0.0
1629366849000,0.0
1629366879000,0.0006064281382656155
1629366909000,0.0006180469715698393
1629366939000,0.0
1629366969000,0.0006150061500615006
1629366999000,0.0011933174224343676
1629367029000,0.0
1629367059000,0.0
1629367089000,0.0
1629367119000,0.0
1629367149000,0.0
1629367179000,0.0
1629367209000,0.0006150061500615006
1629367239000,0.0005995203836930455
1629367269000,0.0
1629367299000,0.0
1629367329000,0.0006060606060606062
1629367359000,0.0
1629367389000,0.0006079027355623102
1629367419000,0.0006056935190793457
1629367449000,0.0006203473945409428
1629367479000,0.0006060606060606062
1629367509000,0.0
1629367539000,0.0
1629367569000,0.0
1629367599000,0.0
1629367629000,0.0006230529595015578
1629367659000,0.0006188118811881187
1629367689000,0.0
1629367719000,0.0
1629367749000,0.0
1629367779000,0.0006131207847946045
1629367809000,0.0
1629367839000,0.0006119951040391675
1629367869000,0.0
1629367899000,0.0
1629367929000,0.0
1629367959000,0.0
1629367989000,0.0006079027355623102
1629368019000,0.0
1629368049000,0.0
1629368079000,0.0006097560975609756
1629368109000,0.0005963029218843173
1629368139000,0.0
1629368169000,0.0
1629368199000,0.0
1629368229000,0.0
1629368259000,0.0006090133982947625
1629368289000,0.0
1629368319000,0.0006180469715698393
1629368349000,0.0
1629368379000,0.0
1629368409000,0.0
1629368439000,0.0
1629368469000,0.0
1629368499000,0.0
1629368529000,0.0006105006105006105
1629368559000,0.0
1629368589000,0.0
1629368619000,0.0
1629368649000,0.0
1629368679000,0.0005945303210463732
1629368709000,0.0
1629368739000,0.0
1629368769000,0.0
1629368799000,0.0
1629368829000,0.0
1629368859000,0.0
1629368889000,0.0
1629368919000,0.0
1629368949000,0.0
1629368979000,0.0
1629369009000,0.0
1629369039000,0.0006031363088057902
1629369069000,0.0006134969325153375
1629369099000,0.0005984440454817473
1629369129000,0.0006238303181534623
1629369159000,0.0
1629369189000,0.0
1629369219000,0.0
1629369249000,0.0
1629369279000,0.0006101281269066504
1629369309000,0.0
1629369339000,0.0
1629369369000,0.0006157635467980296
1629369399000,0.0
1629369429000,0.0
1629369459000,0.0
1629369489000,0.0
1629369519000,0.0
1629369549000,0.0006090133982947625
1629369579000,0.0
1629369609000,0.0
1629369639000,0.0
1629369669000,0.0
1629369699000,0.0
1629369729000,0.0
1629369759000,0.0
1629369789000,0.0
1629369819000,0.0
1629369849000,0.0
1629369879000,0.0
1629369909000,0.0
1629369939000,0.0
1629369969000,0.0006035003017501509
1629369999000,0.0
1629370029000,0.0006045949214026603
1629370059000,0.0006038647342995169
1629370089000,0.0
1629370119000,0.00121580547112462
1629370149000,0.0005973715651135006
1629370179000,0.0
1629370209000,0.0
1629370239000,0.0
1629370269000,0.0005945303210463732
1629370299000,0.0006067961165048543
1629370329000,0.0006056935190793457
1629370359000,0.0006045949214026603
1629370389000,0.0
1629370419000,0.0
1629370449000,0.0
1629370479000,0.0
1629370509000,0.0
1629370539000,0.0
1629370569000,0.0
1629370599000,0.0
1629370629000,0.0006049606775559589
1629370659000,0.0006002400960384152
1629370689000,0.0006119951040391675
1629370719000,0.0006176652254478072
1629370749000,0.0006134969325153375
1629370779000,0.0
1629370809000,0.0
1629370839000,0.0
1629370869000,0.0
1629370899000,0.0
1629370929000,0.0
1629370959000,0.0
1629370989000,0.0
1629371019000,0.0
1629371049000,0.0005980861244019139
1629371079000,0.0
1629371109000,0.0
1629371139000,0.0
1629371169000,0.0006172839506172839
1629371199000,0.0
1629371229000,0.0
1629371259000,0.0
1629371289000,0.0
1629371319000,0.0
1629371349000,0.0
1629371379000,0.0
1629371409000,0.0
1629371439000,0.0
1629371469000,0.0
1629371499000,0.0006093845216331506
1629371529000,0.0
1629371559000,0.0
1629371589000,0.0
1629371619000,0.0
1629371649000,0.0
1629371679000,0.0
1629371709000,0.0
1629371739000,0.0
1629371769000,0.0
1629371799000,0.0
1629371829000,0.0
1629371859000,0.0006053268765133173
1629371889000,0.0
1629371919000,0.0006056935190793457
1629371949000,0.0006020469596628537
1629371979000,0.0
1629372009000,0.0
1629372039000,0.0
1629372069000,0.0
1629372099000,0.0
1629372129000,0.0
1629372159000,0.0
1629372189000,0.0
1629372219000,0.0006042296072507553
1629372249000,0.0012143290831815425
1629372279000,0.0
1629372309000,0.0006131207847946045
1629372339000,0.0005973715651135006
1629372369000,0.0006123698714023269
1629372399000,0.0
1629372429000,0.0
1629372459000,0.0006016847172081829
1629372489000,0.0
1629372519000,0.0
1629372549000,0.0
1629372579000,0.0005988023952095807
1629372609000,0.0006165228113440197
1629372639000,0.0006038647342995169
1629372669000,0.0
1629372699000,0.0006020469596628537
1629372729000,0.0
1629372759000,0.0006093845216331506
1629372789000,0.0
1629372819000,0.0
1629372849000,0.0
1629372879000,0.0
1629372909000,0.0
1629372939000,0.0
1629372969000,0.0
1629372999000,0.0
1629373029000,0.0
1629373059000,0.0006142506142506142
1629373089000,0.0
1629373119000,0.0006002400960384152
1629373149000,0.0
1629373179000,0.0
1629373209000,0.0
1629373239000,0.0006112469437652813
1629373269000,0.0
1629373299000,0.0006045949214026603
1629373329000,0.0
1629373359000,0.0
1629373389000,0.0
1629373419000,0.0
1629373449000,0.0
1629373479000,0.0
1629373509000,0.001201923076923077
1629373539000,0.0
1629373569000,0.0006027727546714887
1629373599000,0.0006045949214026603
1629373629000,0.0006067961165048543
1629373659000,0.0
1629373689000,0.0006097560975609756
1629373719000,0.0005955926146515784
1629373749000,0.0006031363088057902
1629373779000,0.0
1629373809000,0.0
1629373839000,0.0
1629373869000,0.0006031363088057902
1629373899000,0.0
1629373929000,0.0
1629373959000,0.0006090133982947625
1629373989000,0.0
1629374019000,0.0
1629374049000,0.0
1629374079000,0.0
1629374109000,0.0
1629374139000,0.0
1629374169000,0.0
1629374199000,0.0
1629374229000,0.0
1629374259000,0.0
1629374289000,0.0006165228113440197
1629374319000,0.001226993865030675
1629374349000,0.0
1629374379000,0.0006056935190793457
1629374409000,0.0
1629374439000,0.0
1629374469000,0.0005941770647653001
1629374499000,0.0
1629374529000,0.0
1629374559000,0.0
1629374589000,0.0
1629374619000,0.0006097560975609756
1629374649000,0.0
1629374679000,0.0
1629374709000,0.0
1629374739000,0.0
1629374769000,0.0
1629374799000,0.0
1629374829000,0.0
1629374859000,0.0
1629374889000,0.0
1629374919000,0.0
1629374949000,0.0
1629374979000,0.0
1629375009000,0.0
1629375039000,0.0006101281269066504
1629375069000,0.0006116207951070336
1629375099000,0.0012165450121654502
1629375129000,0.0
1629375159000,0.0012055455093429774
1629375189000,0.0
1629375219000,0.0006086427267194157
1629375249000,0.0
1629375279000,0.0005980861244019139
1629375309000,0.0
1629375339000,0.0
1629375369000,0.0006138735420503376
1629375399000,0.0006002400960384152
1629375429000,0.0
1629375459000,0.0
1629375489000,0.0006082725060827251
1629375519000,0.0
1629375549000,0.0
1629375579000,0.0
1629375609000,0.0
1629375639000,0.0
1629375669000,0.0006188118811881187
1629375699000,0.0
1629375729000,0.0
1629375759000,0.0
1629375789000,0.0
1629375819000,0.0
1629375849000,0.0005998800239952009
1629375879000,0.0
1629375909000,0.0
1629375939000,0.0
1629375969000,0.0
1629375999000,0.0005977286312014345
1629376029000,0.0
1629376059000,0.0006134969325153375
1629376089000,0.0006075334143377885
1629376119000,0.0
1629376149000,0.0
1629376179000,0.0
1629376209000,0.0
1629376239000,0.0005966587112171838
1629376269000,0.0
1629376299000,0.0
1629376329000,0.0
1629376359000,0.0
1629376389000,0.0
1629376419000,0.0
1629376449000,0.0006053268765133173
1629376479000,0.0
1629376509000,0.0006056935190793457
1629376539000,0.0
1629376569000,0.0
1629376599000,0.0006002400960384152
1629376629000,0.0
1629376659000,0.0005959475566150177
1629376689000,0.0006060606060606062
1629376719000,0.0
1629376749000,0.0
1629376779000,0.0
1629376809000,0.0
1629376839000,0.0006071645415907711
1629376869000,0.0
1629376899000,0.0006157635467980296
1629376929000,0.0006045949214026603
1629376959000,0.0
1629376989000,0.0005970149253731342
1629377019000,0.0
1629377049000,0.0006020469596628537
1629377079000,0.0
1629377109000,0.0
1629377139000,0.0
1629377169000,0.0
1629377199000,0.0006086427267194157
1629377229000,0.0
1629377259000,0.0
1629377289000,0.0
1629377319000,0.0
1629377349000,0.0
1629377379000,0.0
1629377409000,0.0
1629377439000,0.0006082725060827251
1629377469000,0.0006127450980392157
1629377499000,0.0
1629377529000,0.0
1629377559000,0.0
1629377589000,0.0
1629377619000,0.0
1629377649000,0.0
1629377679000,0.0
1629377709000,0.0
1629377739000,0.0
1629377769000,0.0005980861244019139
1629377799000,0.0
1629377829000,0.0006097560975609756
1629377859000,0.0
1629377889000,0.0006006006006006006
1629377919000,0.0
1629377949000,0.0
1629377979000,0.0
1629378009000,0.0
1629378039000,0.0
1629378069000,0.0006045949214026603
1629378099000,0.0
1629378129000,0.0
1629378159000,0.0
1629378189000,0.0006056935190793457
1629378219000,0.0006049606775559589
1629378249000,0.0
1629378279000,0.0
1629378309000,0.0006056935190793457
1629378339000,0.0006079027355623102
1629378369000,0.0
1629378399000,0.0
1629378429000,0.0
1629378459000,0.0
1629378489000,0.0005998800239952009
1629378519000,0.0006060606060606062
1629378549000,0.0
1629378579000,0.0006056935190793457
1629378609000,0.0005810575246949448
1629378639000,0.0
1629378669000,0.0
1629378699000,0.0005980861244019139
1629378729000,0.0
1629378759000,0.0005980861244019139
1629378789000,0.0006042296072507553
1629378819000,0.0
1629378849000,0.0
1629378879000,0.0
1629378909000,0.0005963029218843173
1629378939000,0.0
1629378969000,0.0
1629378999000,0.0006056935190793457
1629379029000,0.0005896226415094339
1629379059000,0.0
1629379089000,0.0
1629379119000,0.0005959475566150177
1629379149000,0.0
1629379179000,0.0005995203836930455
1629379209000,0.0006056935190793457
1629379239000,0.0006105006105006105
1629379269000,0.0
1629379299000,0.0
1629379329000,0.0006006006006006006
1629379359000,0.0
1629379389000,0.0
1629379419000,0.0
1629379449000,0.0
1629379479000,0.0
1629379509000,0.0
1629379539000,0.0
1629379569000,0.0
1629379599000,0.0
1629379629000,0.0005977286312014345
1629379659000,0.0005955926146515784
1629379689000,0.0006195786864931846
1629379719000,0.0
1629379749000,0.0
1629379779000,0.0
1629379809000,0.0006049606775559589
1629379839000,0.0
1629379869000,0.0
1629379899000,0.0
1629379929000,0.0006142506142506142
1629379959000,0.0
1629379989000,0.0006090133982947625
1629380019000,0.0
1629380049000,0.0
1629380079000,0.0
1629380109000,0.0
1629380139000,0.0
1629380169000,0.0
1629380199000,0.0
1629380229000,0.0
1629380259000,0.0006150061500615006
1629380289000,0.0
1629380319000,0.0
1629380349000,0.0
1629380379000,0.0006031363088057902
1629380409000,0.0
1629380439000,0.0
1629380469000,0.0
1629380499000,0.0005970149253731342
1629380529000,0.0
1629380559000,0.0
1629380589000,0.0
1629380619000,0.0
1629380649000,0.0
1629380679000,0.0
1629380709000,0.0
1629380739000,0.0006049606775559589
1629380769000,0.0
1629380799000,0.0
1629380829000,0.0
1629380859000,0.0
1629380889000,0.0006056935190793457
1629380919000,0.0006123698714023269
1629380949000,0.0005920663114268798
1629380979000,0.0006082725060827251
1629381009000,0.0006060606060606062
1629381039000,0.0
1629381069000,0.0
1629381099000,0.0
1629381129000,0.0
1629381159000,0.0
1629381189000,0.0
1629381219000,0.0
1629381249000,0.0006090133982947625
1629381279000,0.0
1629381309000,0.0012376237623762374
1629381339000,0.0012004801920768304
1629381369000,0.0012353304508956149
1629381399000,0.0
1629381429000,0.0
1629381459000,0.0
1629381489000,0.0006207324643078832
1629381519000,0.0
1629381549000,0.0
1629381579000,0.0
1629381609000,0.0005998800239952009
1629381639000,0.0
1629381669000,0.0006123698714023269
1629381699000,0.0
1629381729000,0.0
1629381759000,0.0
1629381789000,0.0
1629381819000,0.0
1629381849000,0.0
1629381879000,0.0
1629381909000,0.0
1629381939000,0.0
1629381969000,0.0006002400960384152
1629381999000,0.0
1629382029000,0.0
1629382059000,0.0
1629382089000,0.0
1629382119000,0.0
1629382149000,0.0
1629382179000,0.0
1629382209000,0.0006075334143377885
1629382239000,0.0
1629382269000,0.0
1629382299000,0.0
1629382329000,0.0
1629382359000,0.0
1629382389000,0.0006134969325153375
1629382419000,0.0
1629382449000,0.0
1629382479000,0.0
1629382509000,0.0
1629382539000,0.0
1629382569000,0.0
1629382599000,0.0006146281499692684
1629382629000,0.0
1629382659000,0.0
1629382689000,0.0
1629382719000,0.0
1629382749000,0.0
1629382779000,0.0
1629382809000,0.0
1629382839000,0.0
1629382869000,0.0
1629382899000,0.0
1629382929000,0.0
1629382959000,0.0
1629382989000,0.0
1629383019000,0.0
1629383049000,0.0
1629383079000,0.0006006006006006006
1629383109000,0.0006027727546714887
1629383139000,0.0
1629383169000,0.0
1629383199000,0.0006093845216331506
1629383229000,0.0
1629383259000,0.0
1629383289000,0.0
1629383319000,0.0
1629383349000,0.0006031363088057902
1629383379000,0.0
1629383409000,0.0
1629383439000,0.0
1629383469000,0.0006013229104028864
1629383499000,0.0006016847172081829
1629383529000,0.0
1629383559000,0.0
1629383589000,0.0
1629383619000,0.0
1629383649000,0.0
1629383679000,0.0
1629383709000,0.0
1629383739000,0.0
1629383769000,0.0006101281269066504
1629383799000,0.0
1629383829000,0.0005875440658049354
1629383859000,0.0006045949214026603
1629383889000,0.0
1629383919000,0.0
1629383949000,0.0005988023952095807
1629383979000,0.0
1629384009000,0.0
1629384039000,0.0006199628022318662
1629384069000,0.0
1629384099000,0.0
1629384129000,0.0006123698714023269
1629384159000,0.0006064281382656155
1629384189000,0.0
1629384219000,0.0
1629384249000,0.0006006006006006006
1629384279000,0.0
1629384309000,0.0
1629384339000,0.0
1629384369000,0.0
1629384399000,0.0
1629384429000,0.0006053268765133173
1629384459000,0.0
1629384489000,0.0
1629384519000,0.0
1629384549000,0.0006071645415907711
1629384579000,0.0
1629384609000,0.0006002400960384152
1629384639000,0.0005998800239952009
1629384669000,0.0
1629384699000,0.0
1629384729000,0.0006116207951070336
1629384759000,0.0
1629384789000,0.0006071645415907711
1629384819000,0.0
1629384849000,0.0
1629384879000,0.0005851375073142189
1629384909000,0.0
1629384939000,0.0
1629384969000,0.0
1629384999000,0.0
1629385029000,0.0006056935190793457
1629385059000,0.0
1629385089000,0.0005903187721369539
1629385119000,0.0
1629385149000,0.001201923076923077
1629385179000,0.0
1629385209000,0.0
1629385239000,0.0
1629385269000,0.0
1629385299000,0.0
1629385329000,0.0
1629385359000,0.0
1629385389000,0.0
1629385419000,0.0
1629385449000,0.0
1629385479000,0.0
1629385509000,0.0
1629385539000,0.0
1629385569000,0.0
1629385599000,0.0
1629385629000,0.0006112469437652813
1629385659000,0.0
1629385689000,0.0
1629385719000,0.0
1629385749000,0.0006024096385542169
1629385779000,0.0
1629385809000,0.0
1629385839000,0.0005963029218843173
1629385869000,0.0
1629385899000,0.0
1629385929000,0.0006009615384615385
1629385959000,0.0
1629385989000,0.0
1629386019000,0.0
1629386049000,0.0006024096385542169
1629386079000,0.0006116207951070336
1629386109000,0.0006002400960384152
1629386139000,0.0
1629386169000,0.0006131207847946045
1629386199000,0.0
1629386229000,0.0
1629386259000,0.0006086427267194157
1629386289000,0.0
1629386319000,0.0
1629386349000,0.0
1629386379000,0.0005977286312014345
1629386409000,0.0
1629386439000,0.0
1629386469000,0.0006093845216331506
1629386499000,0.0
1629386529000,0.0
1629386559000,0.0006101281269066504
1629386589000,0.0
1629386619000,0.0
1629386649000,0.0
1629386679000,0.0
1629386709000,0.0
1629386739000,0.0
1629386769000,0.0
1629386799000,0.0
1629386829000,0.0
1629386859000,0.0
1629386889000,0.0
1629386919000,0.0
1629386949000,0.0
1629386979000,0.0
1629387009000,0.0
1629387039000,0.0
1629387069000,0.0
1629387099000,0.0
1629387129000,0.0
1629387159000,0.0006045949214026603
1629387189000,0.0
1629387219000,0.0
1629387249000,0.0
1629387279000,0.0
1629387309000,0.0
1629387339000,0.0
1629387369000,0.0
1629387399000,0.0
1629387429000,0.0005920663114268798
1629387459000,0.0
1629387489000,0.0
1629387519000,0.0
1629387549000,0.0
1629387579000,0.0
1629387609000,0.0
1629387639000,0.0
1629387669000,0.0006060606060606062
1629387699000,0.0
1629387729000,0.0006035003017501509
1629387759000,0.0
1629387789000,0.0
1629387819000,0.0
1629387849000,0.0006060606060606062
1629387879000,0.0
1629387909000,0.0
1629387939000,0.0
1629387969000,0.0
1629387999000,0.0006184291898577612
1629388029000,0.0
1629388059000,0.0006075334143377885
1629388089000,0.0
1629388119000,0.0006056935190793457
1629388149000,0.0
1629388179000,0.0
1629388209000,0.0
1629388239000,0.0
1629388269000,0.0
1629388299000,0.0
1629388329000,0.0
1629388359000,0.0
1629388389000,0.0006060606060606062
1629388419000,0.0
1629388449000,0.0
1629388479000,0.0
1629388509000,0.0
1629388539000,0.0006184291898577612
1629388569000,0.0
1629388599000,0.0
1629388629000,0.0006056935190793457
1629388659000,0.0
1629388689000,0.0
1629388719000,0.0
1629388749000,0.0
1629388779000,0.0
1629388809000,0.0006188118811881187
1629388839000,0.0
1629388869000,0.0
1629388899000,0.0
1629388929000,0.0
1629388959000,0.0
1629388989000,0.0
1629389019000,0.0
1629389049000,0.0
1629389079000,0.0
1629389109000,0.0
1629389139000,0.0
1629389169000,0.0
1629389199000,0.0
1629389229000,0.0
1629389229000,0.0
1629389229000,0.0
1629389259000,0.0
1629389229000,0.0
1629389289000,0.0006119951040391675
1629389229000,0.0
1629389319000,0.0005998800239952009
1629389349000,0.0
1629389349000,0.0
1629389379000,0.0
1629389409000,0.0
1629389439000,0.0
1629389439000,0.0
1629389469000,0.0
1629389499000,0.0
1629389529000,0.0
1629389559000,0.0
1629389589000,0.0006093845216331506
1629389619000,0.0005927682276229994
1629389649000,0.0
1629389679000,0.0
1629389709000,0.0006105006105006105
1629389739000,0.0
1629389769000,0.0
1629389799000,0.0
1629389829000,0.0
1629389859000,0.0
1629389889000,0.0012143290831815425
1629389919000,0.0
1629389949000,0.001177856301531213
1629389979000,0.0
1629390009000,0.0
1629390039000,0.0
1629390069000,0.0
1629390099000,0.0006079027355623102
1629390129000,0.0
1629390159000,0.0
1629390189000,0.0006119951040391675
1629390219000,0.0
1629390249000,0.0
1629390279000,0.0006150061500615006
1629390309000,0.0006138735420503376
1629390339000,0.0
1629390369000,0.0
1629390399000,0.0
1629390429000,0.0005885815185403178
1629390459000,0.0
1629390489000,0.0
1629390519000,0.0
1629390549000,0.0
1629390579000,0.0
1629390609000,0.0
1629390639000,0.0005970149253731342
1629390669000,0.0
1629390699000,0.0
1629390729000,0.0006056935190793457
1629390759000,0.0
1629390789000,0.0006101281269066504
1629390819000,0.0
1629390849000,0.0
1629390879000,0.0
1629390909000,0.0006045949214026603
1629390939000,0.0
1629390969000,0.0006049606775559589
1629390999000,0.0
1629391029000,0.0
1629391059000,0.0006161429451632778
1629391089000,0.0
1629391119000,0.0
1629391149000,0.0
1629391179000,0.0
1629391209000,0.0
1629391239000,0.0
1629391269000,0.0
1629391299000,0.0006056935190793457
1629391329000,0.0
1629391359000,0.0
1629391389000,0.0
1629391419000,0.0
1629391449000,0.0
1629391479000,0.0
1629391509000,0.0006071645415907711
1629391539000,0.0
1629391569000,0.0
1629391599000,0.0006035003017501509
1629391629000,0.0
1629391659000,0.0
1629391689000,0.0
1629391719000,0.0
1629391749000,0.0
1629391779000,0.0006024096385542169
1629391809000,0.0006207324643078832
1629391839000,0.0
1629391869000,0.0
1629391899000,0.0
1629391929000,0.0006161429451632778
1629391959000,0.0006150061500615006
1629391989000,0.0
1629392019000,0.0
1629392049000,0.0
1629392079000,0.0006024096385542169
1629392109000,0.0
1629392139000,0.0
1629392169000,0.0
1629392199000,0.0
1629392229000,0.0
1629392259000,0.0
1629392289000,0.0
1629392319000,0.0006038647342995169
1629392349000,0.0
1629392379000,0.0
1629392409000,0.0006184291898577612
1629392439000,0.0006035003017501509
1629392469000,0.0
1629392499000,0.0
1629392529000,0.0
1629392559000,0.0
1629392589000,0.0
1629392619000,0.0006035003017501509
1629392649000,0.0006116207951070336
1629392679000,0.0012165450121654502
1629392709000,0.0
1629392739000,0.0
1629392769000,0.0
1629392799000,0.0
1629392829000,0.0
1629392859000,0.0
1629392889000,0.0
1629392919000,0.0
1629392949000,0.0
1629392979000,0.0
1629393009000,0.0006134969325153375
1629393039000,0.0
1629393069000,0.0
1629393099000,0.0
1629393129000,0.0
1629393159000,0.0
1629393189000,0.0
1629393219000,0.0
1629393249000,0.0
1629393279000,0.0
1629393309000,0.0
1629393339000,0.0
1629393369000,0.0
1629393399000,0.0
1629393429000,0.0006150061500615006
1629393459000,0.0
1629393489000,0.0
1629393519000,0.0
1629393549000,0.0
1629393579000,0.0
1629393609000,0.0
1629393639000,0.0
1629393669000,0.0
1629393699000,0.0
1629393729000,0.0
1629393759000,0.0
1629393789000,0.000588235294117647
1629393819000,0.0
1629393849000,0.0006157635467980296
1629393879000,0.0005980861244019139
1629393909000,0.0
1629393939000,0.0
1629393969000,0.0006134969325153375
1629393999000,0.0006045949214026603
1629394029000,0.0
1629394059000,0.0
1629394089000,0.0012026458208057728
1629394119000,0.0006108735491753207
1629394149000,0.0
1629394179000,0.0005896226415094339
1629394209000,0.0006134969325153375
1629394239000,0.0
1629394269000,0.0006006006006006006
1629394299000,0.0005899705014749262
1629394329000,0.0
1629394359000,0.0
1629394389000,0.0
1629394419000,0.0005910165484633571
1629394449000,0.0
1629394479000,0.0
1629394509000,0.0006056935190793457
1629394539000,0.0
1629394569000,0.0006071645415907711
1629394599000,0.0
1629394629000,0.0
1629394659000,0.0
1629394689000,0.0
1629394719000,0.0011976047904191614
1629394749000,0.0
1629394779000,0.0
1629394809000,0.0006064281382656155
1629394839000,0.0
1629394869000,0.0
1629394899000,0.0
1629394929000,0.0006123698714023269
1629394959000,0.0
1629394989000,0.0
1629395019000,0.0
1629395049000,0.0006067961165048543
1629395079000,0.0
1629395109000,0.0006086427267194157
1629395139000,0.0
1629395169000,0.0
1629395199000,0.0
1629395229000,0.0
1629395259000,0.0
1629395289000,0.0006042296072507553
1629395319000,0.0
1629395349000,0.0
1629395379000,0.0
1629395409000,0.0
1629395439000,0.0
1629395469000,0.0
1629395499000,0.0
1629395529000,0.0
1629395559000,0.0
1629395589000,0.0006024096385542169
1629395619000,0.0
1629395649000,0.0006027727546714887
1629395679000,0.0
1629395709000,0.0
1629395739000,0.0
1629395769000,0.0006090133982947625
1629395799000,0.0
1629395829000,0.0005980861244019139
1629395859000,0.0
1629395889000,0.0
1629395919000,0.0
1629395949000,0.0
1629395979000,0.0
1629396009000,0.0
1629396039000,0.0005966587112171838
1629396069000,0.0
1629396099000,0.0
1629396129000,0.0006024096385542169
1629396159000,0.0
1629396189000,0.0006127450980392157
1629396219000,0.0
1629396249000,0.0
1629396279000,0.0
1629396309000,0.0006006006006006006
1629396339000,0.0
1629396369000,0.0
1629396399000,0.0
1629396429000,0.0
1629396459000,0.0
1629396489000,0.0
1629396519000,0.0
1629396549000,0.0006119951040391675
1629396579000,0.0
1629396609000,0.0
1629396639000,0.0
1629396669000,0.0
1629396699000,0.0
1629396729000,0.0
1629396759000,0.0
1629396789000,0.0006131207847946045
1629396819000,0.0006067961165048543
1629396849000,0.0
1629396879000,0.0
1629396909000,0.0
1629396939000,0.0
1629396969000,0.0
1629396999000,0.0
1629397029000,0.0006127450980392157
1629397059000,0.0
1629397089000,0.0
1629397119000,0.0006097560975609756
1629397149000,0.0
1629397179000,0.0
1629397209000,0.0
1629397239000,0.0
1629397269000,0.0
1629397299000,0.0
1629397329000,0.0
1629397359000,0.0
1629397389000,0.0
1629397419000,0.0006013229104028864
1629397449000,0.0
1629397479000,0.0
1629397509000,0.0
1629397539000,0.0
1629397569000,0.0006116207951070336
1629397599000,0.0
1629397629000,0.0
1629397659000,0.0005988023952095807
1629397689000,0.0
1629397719000,0.0006203473945409428
1629397749000,0.0
1629397779000,0.0
1629397809000,0.0
1629397839000,0.0006042296072507553
1629397869000,0.0
1629397899000,0.0005955926146515784
1629397929000,0.0
1629397959000,0.0
1629397989000,0.0006071645415907711
1629398019000,0.0
1629398049000,0.0
1629398079000,0.0
1629398109000,0.0005938242280285036
1629398139000,0.0
1629398169000,0.0
1629398199000,0.0005984440454817473
1629398229000,0.0006060606060606062
1629398259000,0.0
1629398289000,0.0
1629398319000,0.0006067961165048543
1629398349000,0.0
1629398379000,0.0
1629398409000,0.0
1629398439000,0.0005970149253731342
1629398469000,0.0006042296072507553
1629398499000,0.0
1629398529000,0.0
1629398559000,0.0
1629398589000,0.0
1629398619000,0.0
1629398649000,0.0
1629398679000,0.0006146281499692684
1629398709000,0.0005959475566150177
1629398739000,0.0
1629398769000,0.0006024096385542169
1629398799000,0.0006002400960384152
1629398829000,0.0
1629398859000,0.0005952380952380952
1629398889000,0.0
1629398919000,0.0006027727546714887
1629398949000,0.0
1629398979000,0.0
1629399009000,0.0
1629399039000,0.0
1629399069000,0.0
1629399099000,0.0
1629399129000,0.0006031363088057902
1629399159000,0.0006188118811881187
1629399189000,0.0
1629399219000,0.0
1629399249000,0.0
1629399279000,0.0
1629399309000,0.0
1629399339000,0.0
1629399369000,0.0
1629399399000,0.0
1629399429000,0.0
1629399459000,0.0
1629399489000,0.0
1629399519000,0.0
1629399549000,0.0
1629399579000,0.0
1629399609000,0.0
1629399639000,0.0
1629399669000,0.0
1629399699000,0.0
1629399729000,0.0006119951040391675
1629399759000,0.0006060606060606062
1629399789000,0.0
1629399819000,0.0
1629399849000,0.0006060606060606062
1629399879000,0.0
1629399909000,0.0006038647342995169
1629399939000,0.0005903187721369539
1629399969000,0.0
1629399999000,0.0
1629400029000,0.0
1629400059000,0.0
1629400089000,0.0
1629400119000,0.0
1629400149000,0.0
1629400179000,0.0
1629400209000,0.0006184291898577612
1629400239000,0.0
1629400269000,0.0
1629400299000,0.0
1629400329000,0.0006075334143377885
1629400359000,0.0
1629400389000,0.0
1629400419000,0.0
1629400449000,0.0006071645415907711
1629400479000,0.0
1629400509000,0.0006082725060827251
1629400539000,0.0
1629400569000,0.0
1629400599000,0.0
1629400629000,0.001199040767386091
1629400659000,0.0
1629400689000,0.0
1629400719000,0.0006049606775559589
1629400749000,0.0
1629400779000,0.0005952380952380952
1629400809000,0.0
1629400839000,0.0005988023952095807
1629400869000,0.0
1629400899000,0.0
1629400929000,0.0
1629400959000,0.0
1629400989000,0.0
1629401019000,0.0
1629401049000,0.0
1629401079000,0.0
1629401109000,0.0
1629401139000,0.0
1629401169000,0.0006105006105006105
1629401199000,0.0
1629401229000,0.0
1629401259000,0.0
1629401289000,0.0006161429451632778
1629401319000,0.0
1629401349000,0.0006146281499692684
1629401379000,0.0
1629401409000,0.0006184291898577612
1629401439000,0.0
1629401469000,0.0
1629401499000,0.0
1629401529000,0.0
1629401559000,0.0
1629401589000,0.0
1629401619000,0.0006146281499692684
1629401649000,0.0
1629401679000,0.0
1629401709000,0.0
1629401739000,0.0006071645415907711
1629401769000,0.0
1629401799000,0.0
1629401829000,0.0006006006006006006
1629401859000,0.0
1629401889000,0.0
1629401919000,0.0
1629401949000,0.0
1629401979000,0.0
1629402009000,0.0006176652254478072
1629402039000,0.0
1629402069000,0.0
1629402099000,0.0006049606775559589
1629402129000,0.0
1629402159000,0.0
1629402189000,0.0
1629402219000,0.0
1629402249000,0.0
1629402279000,0.0011968880909634947
1629402309000,0.0
1629402339000,0.0
1629402369000,0.0
1629402399000,0.0006079027355623102
1629402429000,0.0
1629402459000,0.0006082725060827251
1629402489000,0.0
1629402519000,0.0006042296072507553
1629402549000,0.0
1629402579000,0.0006101281269066504
1629402609000,0.0006045949214026603
1629402639000,0.0
1629402669000,0.0006123698714023269
1629402699000,0.0
1629402729000,0.0
1629402759000,0.0
1629402789000,0.0005988023952095807
1629402819000,0.0006045949214026603
1629402849000,0.0
1629402879000,0.0
1629402909000,0.0
1629402939000,0.0
1629402969000,0.0
1629402999000,0.0005878894767783657
1629403029000,0.0
1629403059000,0.0
1629403089000,0.0
1629403119000,0.0
1629403149000,0.0
1629403179000,0.0
1629403209000,0.0006150061500615006
1629403239000,0.0006042296072507553
1629403269000,0.0006123698714023269
1629403299000,0.0
1629403329000,0.0
1629403359000,0.0
1629403389000,0.0
1629403419000,0.0
1629403449000,0.0006134969325153375
1629403479000,0.0006038647342995169
1629403509000,0.0
1629403539000,0.0
1629403569000,0.0
1629403599000,0.0005991611743559018
1629403629000,0.0
1629403659000,0.0006071645415907711
1629403689000,0.0
1629403719000,0.0
1629403749000,0.0
1629403779000,0.0006123698714023269
1629403809000,0.0005955926146515784
1629403839000,0.0006191950464396285
1629403869000,0.0006116207951070336
1629403899000,0.0
1629403929000,0.0006180469715698393
1629403959000,0.0
1629403989000,0.0
1629404019000,0.0
1629404049000,0.0
1629404079000,0.0
1629404109000,0.0
1629404139000,0.0
1629404169000,0.0006024096385542169
1629404199000,0.0
1629404229000,0.0006101281269066504
1629404259000,0.0
1629404289000,0.0
1629404319000,0.0006049606775559589
1629404349000,0.0
1629404379000,0.0
1629404409000,0.0006176652254478072
1629404439000,0.0
1629404469000,0.0
1629404499000,0.0
1629404529000,0.0
1629404559000,0.0
1629404589000,0.0
1629404619000,0.0
1629404649000,0.0
1629404679000,0.0
1629404709000,0.0
1629404739000,0.0
1629404769000,0.0
1629404799000,0.0
1629404829000,0.0005948839976204639
1629404859000,0.0
1629404889000,0.0
1629404919000,0.0
1629404949000,0.0
1629404979000,0.0005844535359438924
1629405009000,0.0006101281269066504
1629405039000,0.0
1629405069000,0.0006075334143377885
1629405099000,0.0
1629405129000,0.0
1629405159000,0.0
1629405189000,0.0
1629405219000,0.0
1629405249000,0.0
1629405279000,0.0
1629405309000,0.0
1629405339000,0.0
1629405369000,0.0
1629405399000,0.0
1629405429000,0.0
1629405459000,0.0
1629405489000,0.0
1629405519000,0.0
1629405549000,0.0
1629405579000,0.0
1629405609000,0.001212121212121212
1629405639000,0.0005966587112171838
1629405669000,0.0
1629405699000,0.0
1629405729000,0.0
1629405759000,0.0
1629405789000,0.0006090133982947625
1629405819000,0.0005980861244019139
1629405849000,0.0
1629405879000,0.0006027727546714887
1629405909000,0.0
1629405939000,0.0006009615384615385
1629405969000,0.0
1629405999000,0.0
1629406029000,0.0
1629406059000,0.0
1629406089000,0.0
1629406119000,0.0
1629406149000,0.0
1629406179000,0.0006024096385542169
1629406209000,0.0
1629406239000,0.0
1629406269000,0.0
1629406299000,0.0
1629406329000,0.0006038647342995169
1629406359000,0.0
1629406389000,0.0006086427267194157
1629406419000,0.0
1629406449000,0.0
1629406479000,0.0
1629406509000,0.0005998800239952009
1629406539000,0.0
1629406569000,0.0
1629406599000,0.0006009615384615385
1629406629000,0.0
1629406659000,0.0
1629406689000,0.0
1629406719000,0.0006105006105006105
1629406749000,0.0
1629406779000,0.0
1629406809000,0.0
1629406839000,0.0
1629406869000,0.0
1629406899000,0.0
1629406929000,0.0012106537530266347
1629406959000,0.0
1629406989000,0.0
1629407019000,0.0
1629407049000,0.0
1629407079000,0.0
1629407109000,0.0
1629407139000,0.0
1629407169000,0.0006079027355623102
1629407199000,0.0
1629407229000,0.0
1629407259000,0.0
1629407289000,0.0
1629407319000,0.0
1629407349000,0.0
1629407379000,0.0
1629407409000,0.0
1629407439000,0.0
1629407469000,0.0
1629407499000,0.0
1629407529000,0.0
1629407559000,0.0006067961165048543
1629407589000,0.0006045949214026603
1629407619000,0.0
1629407649000,0.0006042296072507553
1629407679000,0.0
1629407709000,0.0
1629407739000,0.0005998800239952009
1629407769000,0.0
1629407799000,0.0005966587112171838
1629407829000,0.0005984440454817473
1629407859000,0.0005991611743559018
1629407889000,0.0006203473945409428
1629407919000,0.0006045949214026603
1629407949000,0.0
1629407979000,0.0006002400960384152
1629408009000,0.0005903187721369539
1629408039000,0.0
1629408069000,0.0
1629408099000,0.0
1629408129000,0.0006086427267194157
1629408159000,0.0
1629408189000,0.0006056935190793457
1629408219000,0.0
1629408249000,0.0
1629408279000,0.0
1629408309000,0.0
1629408339000,0.0
1629408369000,0.0
1629408399000,0.00121580547112462
1629408429000,0.0012300123001230013
1629408459000,0.0
1629408489000,0.0
1629408519000,0.0
1629408549000,0.0
1629408579000,0.0
1629408609000,0.0
1629408639000,0.0
1629408669000,0.0
1629408699000,0.0
1629408729000,0.0
1629408759000,0.0006123698714023269
1629408789000,0.0
1629408819000,0.0005955926146515784
1629408849000,0.0
1629408879000,0.0
1629408909000,0.0
1629408939000,0.0
1629408969000,0.0005977286312014345
1629408999000,0.0006165228113440197
1629409029000,0.0
1629409059000,0.0
1629409089000,0.0006067961165048543
1629409119000,0.0
1629409149000,0.0006153846153846153
1629409179000,0.0
1629409209000,0.0
1629409239000,0.0
1629409269000,0.0
1629409299000,0.0
1629409329000,0.0
1629409359000,0.0006093845216331506
1629409389000,0.0006049606775559589
1629409419000,0.0
1629409449000,0.0006108735491753207
1629409479000,0.0005841121495327102
1629409509000,0.0
1629409539000,0.0006064281382656155
1629409569000,0.0
1629409599000,0.0
1629409629000,0.0006090133982947625
1629409659000,0.0
1629409689000,0.0
1629409719000,0.0
1629409749000,0.0006075334143377885
1629409779000,0.0
1629409809000,0.0
1629409839000,0.0005963029218843173
1629409869000,0.0
1629409899000,0.0
1629409929000,0.0
1629409959000,0.0
1629409989000,0.0006079027355623102
1629410019000,0.0
1629410049000,0.0
1629410079000,0.0006191950464396285
1629410109000,0.0
1629410139000,0.0005797101449275362
1629410169000,0.0
1629410199000,0.0
1629410229000,0.0
1629410259000,0.0
1629410289000,0.0
1629410319000,0.0
1629410349000,0.0
1629410379000,0.0
1629410409000,0.0005980861244019139
1629410439000,0.0005963029218843173
1629410469000,0.0
1629410499000,0.0
1629410529000,0.0
1629410559000,0.0
1629410589000,0.0005998800239952009
1629410619000,0.0
1629410649000,0.0
1629410679000,0.0006127450980392157
1629410709000,0.0
1629410739000,0.0
1629410769000,0.0006142506142506142
1629410799000,0.0
1629410829000,0.0006071645415907711
1629410859000,0.0
1629410889000,0.0
1629410919000,0.0
1629410949000,0.0006146281499692684
1629410979000,0.0
1629411009000,0.0006031363088057902
1629411039000,0.0005998800239952009
1629411069000,0.0
1629411099000,0.0
1629411129000,0.0
1629411159000,0.0006184291898577612
1629411189000,0.0
1629411219000,0.0
1629411249000,0.0
1629411279000,0.0
1629411309000,0.0
1629411339000,0.0006071645415907711
1629411369000,0.0
1629411399000,0.0006097560975609756
1629411429000,0.0
1629411459000,0.0006086427267194157
1629411489000,0.0
1629411519000,0.0
1629411549000,0.0
1629411579000,0.0006105006105006105
1629411609000,0.0
1629411639000,0.0006035003017501509
1629411669000,0.0006006006006006006
1629411699000,0.0
1629411729000,0.0006195786864931846
1629411759000,0.0
1629411789000,0.0006042296072507553
1629411819000,0.0
1629411849000,0.0
1629411879000,0.0
1629411909000,0.0
1629411939000,0.0006075334143377885
1629411969000,0.0
1629411999000,0.0
1629412029000,0.0
1629412059000,0.0
1629412089000,0.0
1629412119000,0.0006131207847946045
1629412149000,0.0005995203836930455
1629412179000,0.0006006006006006006
1629412209000,0.0
1629412239000,0.0
1629412269000,0.0
1629412299000,0.0
1629412329000,0.0006060606060606062
1629412359000,0.0
1629412389000,0.0006031363088057902
1629412419000,0.0
1629412449000,0.0006093845216331506
1629412479000,0.0
1629412509000,0.0
1629412539000,0.0
1629412569000,0.0006027727546714887
1629412599000,0.0
1629412629000,0.0
1629412659000,0.0
1629412689000,0.0005938242280285036
1629412719000,0.0
1629412749000,0.0006064281382656155
1629412779000,0.0006067961165048543
1629412809000,0.0
1629412839000,0.0006222775357809582
1629412869000,0.0
1629412899000,0.0
1629412929000,0.0
1629412959000,0.0
1629412989000,0.0006172839506172839
1629413019000,0.0
1629413049000,0.0006009615384615385
1629413079000,0.0006035003017501509
1629413109000,0.0
1629413139000,0.0
1629413169000,0.0
1629413199000,0.0
1629413229000,0.0
1629413259000,0.0
1629413289000,0.0
1629413319000,0.0
1629413349000,0.0
1629413379000,0.0
1629413409000,0.0
1629413439000,0.0
1629413469000,0.0005998800239952009
1629413499000,0.0
1629413529000,0.0
1629413559000,0.0
1629413589000,0.0
1629413619000,0.0
1629413649000,0.0006123698714023269
1629413679000,0.0
1629413709000,0.0
1629413739000,0.0
1629413769000,0.0
1629413799000,0.0006150061500615006
1629413829000,0.0005973715651135006
1629413859000,0.0
1629413889000,0.0
1629413919000,0.0
1629413949000,0.0006027727546714887
1629413979000,0.0
1629414009000,0.0
1629414039000,0.0
1629414069000,0.0
1629414099000,0.0
1629414129000,0.0
1629414159000,0.0
1629414189000,0.0
1629414219000,0.0006131207847946045
1629414249000,0.0
1629414279000,0.0
1629414309000,0.0
1629414339000,0.0006142506142506142
1629414369000,0.0005995203836930455
1629414399000,0.0
1629414429000,0.0
1629414459000,0.0
1629414489000,0.0
1629414519000,0.0
1629414549000,0.0006093845216331506
1629414579000,0.0006146281499692684
1629414609000,0.0
1629414639000,0.0
1629414669000,0.0
1629414699000,0.0
1629414729000,0.0
1629414759000,0.0
1629414789000,0.0
1629414819000,0.0
1629414849000,0.0
1629414879000,0.0
1629414909000,0.0006105006105006105
1629414939000,0.0
1629414969000,0.0006079027355623102
1629414999000,0.0006127450980392157
1629415029000,0.0
1629415059000,0.0005977286312014345
1629415089000,0.0
1629415119000,0.0
1629415149000,0.0
1629415179000,0.0
1629415209000,0.0
1629415239000,0.0
1629415269000,0.0
1629415299000,0.0
1629415329000,0.0
1629415359000,0.0
1629415389000,0.0
1629415419000,0.0
1629415449000,0.0
1629415479000,0.0
1629415509000,0.0
1629415539000,0.0
1629415569000,0.0
1629415599000,0.0006075334143377885
1629415629000,0.0006016847172081829
1629415659000,0.0
1629415689000,0.0006157635467980296
1629415719000,0.0005995203836930455
1629415749000,0.0
1629415779000,0.0
1629415809000,0.0
1629415839000,0.0
1629415869000,0.0
1629415899000,0.0
1629415929000,0.0005977286312014345
1629415959000,0.0
1629415989000,0.0
1629416019000,0.0
1629416049000,0.0
1629416079000,0.0
1629416109000,0.0
1629416139000,0.0006053268765133173
1629416169000,0.0
1629416199000,0.0
1629416229000,0.0
1629416259000,0.0006013229104028864
1629416289000,0.0
1629416319000,0.0006161429451632778
1629416349000,0.0
1629416379000,0.0006020469596628537
1629416409000,0.0006016847172081829
1629416439000,0.0006191950464396285
1629416469000,0.0
1629416499000,0.0006123698714023269
1629416529000,0.0006082725060827251
1629416559000,0.0
1629416589000,0.0
1629416619000,0.0
1629416649000,0.0
1629416679000,0.0
1629416709000,0.0
1629416739000,0.0005959475566150177
1629416769000,0.0
1629416799000,0.0
1629416829000,0.0
1629416859000,0.0006002400960384152
1629416889000,0.0
1629416919000,0.0
1629416949000,0.0006172839506172839
1629416979000,0.0
1629417009000,0.0
1629417039000,0.0
1629417069000,0.0006169031462060457
1629417099000,0.0
1629417129000,0.0
1629417159000,0.0
1629417189000,0.0
1629417219000,0.0006056935190793457
1629417249000,0.0006067961165048543
1629417279000,0.0
1629417309000,0.0
1629417339000,0.0012247397428046538
1629417369000,0.0011940298507462687
1629417399000,0.0006049606775559589
1629417429000,0.0
1629417459000,0.0
1629417489000,0.0
1629417519000,0.0
1629417549000,0.0
1629417579000,0.0006045949214026603
1629417609000,0.0
1629417639000,0.0
1629417669000,0.0
1629417699000,0.0
1629417729000,0.0
1629417759000,0.0
1629417789000,0.0
1629417819000,0.0
1629417849000,0.0
1629417879000,0.0
1629417909000,0.0
1629417939000,0.0006123698714023269
1629417969000,0.0006184291898577612
1629417999000,0.0
1629418029000,0.0
1629418059000,0.0
1629418089000,0.0
1629418119000,0.0
1629418149000,0.0
1629418179000,0.0006093845216331506
1629418209000,0.0
1629418239000,0.0
1629418269000,0.0
1629418299000,0.0
1629418329000,0.0
1629418359000,0.0
1629418389000,0.0
1629418419000,0.0
1629418449000,0.0
1629418479000,0.0006079027355623102
1629418509000,0.0
1629418539000,0.0
1629418569000,0.0
1629418599000,0.0
1629418629000,0.0006169031462060457
1629418659000,0.0005963029218843173
1629418689000,0.0
1629418719000,0.0006101281269066504
1629418749000,0.0
1629418779000,0.0006049606775559589
1629418809000,0.0006082725060827251
1629418839000,0.0
1629418869000,0.0
1629418899000,0.0
1629418929000,0.0
1629418959000,0.0
1629418989000,0.0006016847172081829
1629419019000,0.0
1629419049000,0.0
1629419079000,0.0
1629419109000,0.0006086427267194157
1629419139000,0.0
1629419169000,0.0006024096385542169
1629419199000,0.0006134969325153375
1629419229000,0.0
1629419259000,0.0
1629419289000,0.0005966587112171838
1629419319000,0.0006006006006006006
1629419349000,0.0
1629419379000,0.0
1629419409000,0.0
1629419439000,0.0
1629419469000,0.0
1629419499000,0.0
1629419529000,0.0005984440454817473
1629419559000,0.0
1629419589000,0.0
1629419619000,0.0
1629419649000,0.0
1629419679000,0.0
1629419709000,0.0006045949214026603
1629419739000,0.0006123698714023269
1629419769000,0.0
1629419799000,0.0
1629419829000,0.0006138735420503376
1629419859000,0.0
1629419889000,0.0
1629419919000,0.0
1629419949000,0.0
1629419979000,0.0
1629420009000,0.0
1629420039000,0.0
1629420069000,0.0005952380952380952
1629420099000,0.0
1629420129000,0.0
1629420159000,0.0006079027355623102
1629420189000,0.0006108735491753207
1629420219000,0.0
1629420249000,0.0006027727546714887
1629420279000,0.0
1629420309000,0.0
1629420339000,0.0011813349084465446
1629420369000,0.0
1629420399000,0.0005973715651135006
1629420429000,0.0
1629420459000,0.0
1629420489000,0.0
1629420519000,0.0005941770647653001
1629420549000,0.0
1629420579000,0.0006013229104028864
1629420609000,0.0
1629420639000,0.0006153846153846153
1629420669000,0.0
1629420699000,0.0
1629420729000,0.0
1629420759000,0.0
1629420789000,0.0
1629420819000,0.0
1629420849000,0.0005941770647653001
1629420879000,0.0
1629420909000,0.0
1629420939000,0.0005931198102016608
1629420969000,0.0006116207951070336
1629420999000,0.0
1629421029000,0.0
1629421059000,0.0
1629421089000,0.0
1629421119000,0.0
1629421149000,0.0
1629421179000,0.0
1629421209000,0.0
1629421239000,0.0
1629421269000,0.0
1629421299000,0.0
1629421329000,0.0
1629421359000,0.0
1629421389000,0.0
1629421419000,0.0005948839976204639
1629421449000,0.0006042296072507553
1629421479000,0.0
1629421509000,0.0006053268765133173
1629421539000,0.0
1629421569000,0.0
1629421599000,0.0
1629421629000,0.0006169031462060457
1629421659000,0.0
1629421689000,0.0
1629421719000,0.0
1629421749000,0.0006146281499692684
1629421779000,0.0
1629421809000,0.0005966587112171838
1629421839000,0.0006116207951070336
1629421869000,0.0
1629421899000,0.0
1629421929000,0.0
1629421959000,0.0
1629421989000,0.0
1629422019000,0.0006016847172081829
1629422049000,0.0
1629422079000,0.0
1629422109000,0.0006064281382656155
1629422139000,0.0
1629422169000,0.0
1629422199000,0.0
1629422229000,0.0
1629422259000,0.0
1629422289000,0.0
1629422319000,0.0
1629422349000,0.0
1629422379000,0.0005927682276229994
1629422409000,0.0
1629422439000,0.001215066828675577
1629422469000,0.0
1629422499000,0.0
1629422529000,0.0006020469596628537
1629422559000,0.0
1629422589000,0.0
1629422619000,0.0
1629422649000,0.0005917159763313611
1629422679000,0.0
1629422709000,0.0
1629422739000,0.0005927682276229994
1629422769000,0.0
1629422799000,0.0
1629422829000,0.0
1629422859000,0.0
1629422889000,0.0
1629422919000,0.0005906674542232723
1629422949000,0.0
1629422979000,0.0
1629423009000,0.0
1629423039000,0.0
1629423069000,0.0
1629423099000,0.0006150061500615006
1629423129000,0.0006112469437652813
1629423159000,0.0
1629423189000,0.0006157635467980296
1629423219000,0.0
1629423249000,0.0
1629423279000,0.0
1629423309000,0.0
1629423339000,0.0
1629423369000,0.0006097560975609756
1629423399000,0.0006161429451632778
1629423429000,0.0005998800239952009
1629423459000,0.0006108735491753207
1629423489000,0.0005980861244019139
1629423519000,0.0006071645415907711
1629423549000,0.0005963029218843173
1629423579000,0.0006108735491753207
1629423609000,0.0
1629423639000,0.0
1629423669000,0.0
1629423699000,0.0
1629423729000,0.0
1629423759000,0.0
1629423789000,0.0
1629423819000,0.0
1629423849000,0.0006049606775559589
1629423879000,0.0006016847172081829
1629423909000,0.0
1629423939000,0.0
1629423969000,0.0
1629423999000,0.0
1629424029000,0.0
1629424059000,0.0
1629424089000,0.0005868544600938967
1629424119000,0.0006060606060606062
1629424149000,0.0006142506142506142
1629424179000,0.0
1629424209000,0.0005984440454817473
1629424239000,0.0
1629424269000,0.0
1629424299000,0.0
1629424329000,0.0006153846153846153
1629424359000,0.0
1629424389000,0.0
1629424419000,0.0
1629424449000,0.0
1629424479000,0.0
1629424509000,0.0
1629424539000,0.0005966587112171838
1629424569000,0.0
1629424599000,0.0
1629424629000,0.0006169031462060457
1629424659000,0.0
1629424689000,0.0
1629424719000,0.0
1629424749000,0.0006180469715698393
1629424779000,0.0
1629424809000,0.0
1629424839000,0.0
1629424869000,0.0006060606060606062
1629424899000,0.0
1629424929000,0.0
1629424959000,0.0006119951040391675
1629424989000,0.0
1629425019000,0.0
1629425049000,0.0005977286312014345
1629425079000,0.0006097560975609756
1629425109000,0.0006169031462060457
1629425139000,0.0
1629425169000,0.0
1629425199000,0.0006053268765133173
1629425229000,0.0
1629425259000,0.0
1629425289000,0.0
1629425319000,0.0
1629425349000,0.0
1629425379000,0.0006207324643078832
1629425409000,0.0
1629425439000,0.0012300123001230013
1629425469000,0.0
1629425499000,0.0
1629425529000,0.0006101281269066504
1629425559000,0.0
1629425589000,0.0
1629425619000,0.0
1629425649000,0.0
1629425679000,0.0
1629425709000,0.0
1629425739000,0.0
1629425769000,0.0
1629425799000,0.0
1629425829000,0.0
1629425859000,0.0
1629425889000,0.0
1629425919000,0.0
1629425949000,0.0
1629425979000,0.0
1629426009000,0.0006138735420503376
1629426039000,0.0
1629426069000,0.0
1629426099000,0.0
1629426129000,0.0
1629426159000,0.0005998800239952009
1629426189000,0.0
1629426219000,0.0006079027355623102
1629426249000,0.0
1629426279000,0.0006013229104028864
1629426309000,0.0
1629426339000,0.0
1629426369000,0.0006146281499692684
1629426399000,0.0
1629426429000,0.0
1629426459000,0.0005892751915144372
1629426489000,0.0
1629426519000,0.0006027727546714887
1629426549000,0.0005998800239952009
1629426579000,0.0
1629426609000,0.0
1629426639000,0.0
1629426669000,0.0
1629426699000,0.0
1629426729000,0.0
1629426759000,0.0
1629426789000,0.0
1629426819000,0.0
1629426849000,0.0
1629426879000,0.0006093845216331506
1629426909000,0.0
1629426939000,0.0
1629426969000,0.0
1629426999000,0.0
1629427029000,0.0
1629427059000,0.0
1629427089000,0.0
1629427119000,0.0
1629427149000,0.0006071645415907711
1629427179000,0.0005998800239952009
1629427209000,0.0
1629427239000,0.0
1629427269000,0.0
1629427299000,0.0006086427267194157
1629427329000,0.0
1629427359000,0.0006016847172081829
1629427389000,0.0
1629427419000,0.0006042296072507553
1629427449000,0.0
1629427479000,0.0
1629427509000,0.0006016847172081829
1629427539000,0.0
1629427569000,0.0
1629427599000,0.0
1629427629000,0.0006024096385542169
1629427659000,0.0
1629427689000,0.0
1629427719000,0.0
1629427749000,0.0
1629427779000,0.0006053268765133173
1629427809000,0.0
1629427839000,0.0
1629427869000,0.0
1629427899000,0.0
1629427929000,0.0
1629427959000,0.0006006006006006006
1629427989000,0.0006138735420503376
1629428019000,0.0
1629428049000,0.0005998800239952009
1629428079000,0.0
1629428109000,0.0
1629428139000,0.0
1629428169000,0.0
1629428199000,0.0006053268765133173
1629428229000,0.0
1629428259000,0.0005970149253731342
1629428289000,0.0
1629428319000,0.0
1629428349000,0.0
1629428379000,0.0
1629428409000,0.0
1629428439000,0.0006150061500615006
1629428469000,0.0006097560975609756
1629428499000,0.0005973715651135006
1629428529000,0.0006188118811881187
1629428559000,0.0
1629428589000,0.0005938242280285036
1629428619000,0.0
1629428649000,0.0006064281382656155
1629428679000,0.0006153846153846153
1629428709000,0.0
1629428739000,0.0
1629428769000,0.0
1629428799000,0.0
1629428829000,0.0006002400960384152
1629428859000,0.0
1629428889000,0.0
1629428919000,0.0
1629428949000,0.0
1629428979000,0.0
1629429009000,0.0
1629429039000,0.0
1629429069000,0.0006075334143377885
1629429099000,0.0
1629429129000,0.0
1629429159000,0.0
1629429189000,0.0005984440454817473
1629429219000,0.0006079027355623102
1629429249000,0.0005970149253731342
1629429279000,0.0
1629429309000,0.0005899705014749262
1629429339000,0.0
1629429369000,0.0005966587112171838
1629429399000,0.0
1629429429000,0.0
1629429459000,0.0
1629429489000,0.0
1629429519000,0.0
1629429549000,0.0
1629429579000,0.0
1629429609000,0.0
1629429639000,0.0
1629429669000,0.0006067961165048543
1629429699000,0.0
1629429729000,0.0
1629429759000,0.0005952380952380952
1629429789000,0.0
1629429819000,0.0006150061500615006
1629429849000,0.0
1629429879000,0.0
1629429909000,0.0006146281499692684
1629429939000,0.0
1629429969000,0.0006049606775559589
1629429999000,0.0
1629430029000,0.0
1629430059000,0.0006108735491753207
1629430089000,0.0
1629430119000,0.0
1629430149000,0.0
1629430179000,0.0006056935190793457
1629430209000,0.0006049606775559589
1629430239000,0.0
1629430269000,0.0
1629430299000,0.0006116207951070336
1629430329000,0.0
1629430359000,0.0
1629430389000,0.0
1629430419000,0.0005959475566150177
1629430449000,0.0
1629430479000,0.0
1629430509000,0.0
1629430539000,0.0
1629430569000,0.0
1629430599000,0.0
1629430629000,0.0012048192771084338
1629430659000,0.0
1629430689000,0.0
1629430719000,0.0
1629430749000,0.0005920663114268798
1629430779000,0.0
1629430809000,0.0
1629430839000,0.0
1629430869000,0.0
1629430899000,0.0
1629430929000,0.0
1629430959000,0.0
1629430989000,0.0
1629431019000,0.0
1629431049000,0.0
1629431079000,0.0006105006105006105
1629431109000,0.0
1629431139000,0.0005995203836930455
1629431169000,0.0
1629431199000,0.0
1629431229000,0.0
1629431259000,0.0
1629431289000,0.0
1629431319000,0.0
1629431349000,0.0
1629431379000,0.0005910165484633571
1629431409000,0.0
1629431439000,0.0
1629431469000,0.0
1629431499000,0.0
1629431529000,0.0
1629431559000,0.0
1629431589000,0.0006176652254478072
1629431619000,0.0
1629431649000,0.0
1629431679000,0.0
1629431709000,0.0006013229104028864
1629431739000,0.0
1629431769000,0.0006082725060827251
1629431799000,0.0
1629431829000,0.0
1629431859000,0.0
1629431889000,0.0
1629431919000,0.0
1629431949000,0.0006165228113440197
1629431979000,0.0006157635467980296
1629432009000,0.0
1629432039000,0.0
1629432069000,0.0
1629432099000,0.0005963029218843173
1629432129000,0.0
1629432159000,0.0006002400960384152
1629432189000,0.0006093845216331506
1629432219000,0.0
1629432249000,0.0006009615384615385
1629432279000,0.0
1629432309000,0.0
1629432339000,0.0
1629432369000,0.0
1629432399000,0.0
1629432429000,0.0
1629432459000,0.0
1629432489000,0.0
1629432519000,0.0006053268765133173
1629432549000,0.0
1629432579000,0.0
1629432609000,0.0
1629432639000,0.0
1629432669000,0.0006024096385542169
1629432699000,0.0006086427267194157
1629432729000,0.0
1629432759000,0.0006016847172081829
1629432789000,0.0006134969325153375
1629432819000,0.0005980861244019139
1629432849000,0.0
1629432879000,0.0
1629432909000,0.0005875440658049354
1629432939000,0.0006127450980392157
1629432969000,0.0
1629432999000,0.0
1629433029000,0.0
1629433059000,0.0
1629433089000,0.0006031363088057902
1629433119000,0.0
1629433149000,0.0
1629433179000,0.0
1629433209000,0.0
1629433239000,0.0
1629433269000,0.0
1629433299000,0.0
1629433329000,0.0
1629433359000,0.0
1629433389000,0.0006134969325153375
1629433419000,0.0006071645415907711
1629433449000,0.0006013229104028864
1629433479000,0.0
1629433509000,0.0
1629433539000,0.0
1629433569000,0.0
1629433599000,0.0
1629433629000,0.0006131207847946045
1629433659000,0.0005998800239952009
1629433689000,0.0
1629433719000,0.0006071645415907711
1629433749000,0.0
1629433779000,0.0
1629433809000,0.0
1629433839000,0.0006097560975609756
1629433869000,0.0
1629433899000,0.0
1629433929000,0.0006180469715698393
1629433959000,0.0
1629433989000,0.0
1629434019000,0.0
1629434049000,0.0006067961165048543
1629434079000,0.0
1629434109000,0.0
1629434139000,0.0
1629434169000,0.0006090133982947625
1629434199000,0.0
1629434229000,0.0
1629434259000,0.0
1629434289000,0.0006082725060827251
1629434319000,0.0006027727546714887
1629434349000,0.0
1629434379000,0.0
1629434409000,0.0
1629434439000,0.0
1629434469000,0.0006218905472636817
1629434499000,0.0
1629434529000,0.0006064281382656155
1629434559000,0.0
1629434589000,0.0005977286312014345
1629434619000,0.0006035003017501509
1629434649000,0.0005906674542232723
1629434679000,0.0
1629434709000,0.0
1629434739000,0.0
1629434769000,0.0
1629434799000,0.0
1629434829000,0.0
1629434859000,0.0006180469715698393
1629434889000,0.0
1629434919000,0.0
1629434949000,0.0
1629434979000,0.0
1629435009000,0.0
1629435039000,0.0
1629435069000,0.0
1629435099000,0.0
1629435129000,0.0
1629435159000,0.0
1629435189000,0.0006207324643078832
1629435219000,0.0
1629435249000,0.0
1629435279000,0.0005977286312014345
1629435309000,0.0
1629435339000,0.0
1629435369000,0.0
1629435399000,0.0
1629435429000,0.0
1629435459000,0.0
1629435489000,0.0006053268765133173
1629435519000,0.0005920663114268798
1629435549000,0.0
1629435579000,0.0006049606775559589
1629435609000,0.0
1629435639000,0.0006161429451632778
1629435669000,0.0006093845216331506
1629435699000,0.0
1629435729000,0.0
1629435759000,0.0
1629435789000,0.0
1629435819000,0.0
1629435849000,0.0
1629435879000,0.0
1629435909000,0.0
1629435939000,0.0
1629435969000,0.0
1629435999000,0.0
1629436029000,0.0
1629436059000,0.0
1629436089000,0.0
1629436119000,0.0
1629436149000,0.0006060606060606062
1629436179000,0.0
1629436209000,0.0
1629436239000,0.0
1629436269000,0.0
1629436299000,0.0
1629436329000,0.0
1629436359000,0.0
1629436389000,0.0006150061500615006
1629436419000,0.0005988023952095807
1629436449000,0.0006075334143377885
1629436479000,0.0
1629436509000,0.0006016847172081829
1629436539000,0.0
1629436569000,0.0
1629436599000,0.0
1629436629000,0.0
1629436659000,0.0005931198102016608
1629436689000,0.0
1629436719000,0.0
1629436749000,0.0006188118811881187
1629436779000,0.0
1629436809000,0.0
1629436839000,0.0
1629436869000,0.0
1629436899000,0.0006016847172081829
1629436929000,0.0006138735420503376
1629436959000,0.0
1629436989000,0.0
1629437019000,0.0
1629437049000,0.0
1629437079000,0.0012422360248447205
1629437109000,0.0
1629437139000,0.0006045949214026603
1629437169000,0.0005988023952095807
1629437199000,0.0
1629437229000,0.0006123698714023269
1629437259000,0.0
1629437289000,0.0
1629437319000,0.0
1629437349000,0.0005934718100890207
1629437379000,0.0
1629437409000,0.0
1629437439000,0.0
1629437469000,0.0
1629437499000,0.0005945303210463732
1629437529000,0.0
1629437559000,0.0
1629437589000,0.0
1629437619000,0.0
1629437649000,0.0005991611743559018
1629437679000,0.0006013229104028864
1629437709000,0.0006016847172081829
1629437739000,0.0
1629437769000,0.0006188118811881187
1629437799000,0.0
1629437829000,0.0
1629437859000,0.0
1629437889000,0.0
1629437919000,0.0
1629437949000,0.0006097560975609756
1629437979000,0.0
1629438009000,0.0
1629438039000,0.0
1629438069000,0.0
1629438099000,0.0005885815185403178
1629438129000,0.0
1629438159000,0.0006090133982947625
1629438189000,0.0
1629438219000,0.0
1629438249000,0.0006153846153846153
1629438279000,0.0006169031462060457
1629438309000,0.0
1629438339000,0.0006134969325153375
1629438369000,0.0
1629438399000,0.0005817335660267597
1629438429000,0.0
1629438459000,0.0006165228113440197
1629438489000,0.0
1629438519000,0.0006131207847946045
1629438549000,0.0
1629438579000,0.0
1629438609000,0.0
1629438639000,0.0
1629438669000,0.0005938242280285036
1629438699000,0.0
1629438729000,0.0006142506142506142
1629438759000,0.0006064281382656155
1629438789000,0.0005963029218843173
1629438819000,0.0
1629438849000,0.0006112469437652813
1629438879000,0.0
1629438909000,0.0
1629438939000,0.0006176652254478072
1629438969000,0.0
1629438999000,0.0
1629439029000,0.0
1629439059000,0.0
1629439089000,0.0
1629439119000,0.0
1629439149000,0.0
1629439179000,0.0
1629439209000,0.0
1629439239000,0.0006138735420503376
1629439269000,0.0006112469437652813
1629439299000,0.0
1629439329000,0.0006064281382656155
1629439359000,0.0006009615384615385
1629439389000,0.0
1629439419000,0.0
1629439449000,0.0006016847172081829
1629439479000,0.0
1629439509000,0.0006097560975609756
1629439539000,0.0006112469437652813
1629439569000,0.0
1629439599000,0.0005924170616113746
1629439629000,0.0
1629439659000,0.0
1629439689000,0.0
1629439719000,0.0006180469715698393
1629439749000,0.0
1629439779000,0.0
1629439809000,0.0006006006006006006
1629439839000,0.0
1629439869000,0.0
1629439899000,0.0005984440454817473
1629439929000,0.0005945303210463732
1629439959000,0.0006075334143377885
1629439989000,0.0
1629440019000,0.0005920663114268798
1629440049000,0.0
1629440079000,0.0
1629440109000,0.0
1629440139000,0.0
1629440169000,0.0006027727546714887
1629440199000,0.0006090133982947625
1629440229000,0.0
1629440259000,0.0
1629440289000,0.0
1629440319000,0.0
1629440349000,0.0
1629440379000,0.0
1629440409000,0.0
1629440439000,0.0005910165484633571
1629440469000,0.0006049606775559589
1629440499000,0.0006086427267194157
1629440529000,0.0
1629440559000,0.0
1629440589000,0.0
1629440619000,0.0
1629440649000,0.0
1629440679000,0.0
1629440709000,0.0
1629440739000,0.0
1629440769000,0.0
1629440799000,0.0
1629440829000,0.0
1629440859000,0.0
1629440889000,0.0
1629440919000,0.0
1629440949000,0.0
1629440979000,0.0
1629441009000,0.0
1629441039000,0.0
1629441069000,0.0006031363088057902
1629441099000,0.0
1629441129000,0.0
1629441159000,0.0
1629441189000,0.0
1629441219000,0.0
1629441249000,0.0
1629441279000,0.0
1629441309000,0.0
1629441339000,0.0
1629441369000,0.0006035003017501509
1629441399000,0.0
1629441429000,0.0
1629441459000,0.0
1629441489000,0.0
1629441519000,0.0
1629441549000,0.0
1629441579000,0.0006119951040391675
1629441609000,0.0006053268765133173
1629441639000,0.0
1629441669000,0.0006127450980392157
1629441699000,0.0005963029218843173
1629441729000,0.0
1629441759000,0.0
1629441789000,0.0
1629441819000,0.0
1629441849000,0.0
1629441879000,0.0
1629441909000,0.0
1629441939000,0.0006116207951070336
1629441969000,0.0
1629441999000,0.0
1629442029000,0.0006086427267194157
1629442059000,0.0
1629442089000,0.0
1629442119000,0.0005970149253731342
1629442149000,0.0
1629442179000,0.0
1629442209000,0.0
1629442239000,0.0
1629442269000,0.0
1629442299000,0.0
1629442329000,0.0006079027355623102
1629442359000,0.0006006006006006006
1629442389000,0.0
1629442419000,0.0
1629442449000,0.0
1629442479000,0.0
1629442509000,0.0
1629442539000,0.0005896226415094339
1629442569000,0.0005927682276229994
1629442599000,0.0
1629442629000,0.0
1629442659000,0.0
1629442689000,0.0006006006006006006
1629442719000,0.0
1629442749000,0.0006013229104028864
1629442779000,0.0006042296072507553
1629442809000,0.0
1629442839000,0.0006027727546714887
1629442869000,0.0005966587112171838
1629442899000,0.0006246096189881324
1629442929000,0.0
1629442959000,0.0006215040397762585
1629442989000,0.0
1629443019000,0.0
1629443049000,0.0
1629443079000,0.0
1629443109000,0.0006108735491753207
1629443139000,0.0
1629443169000,0.0
1629443199000,0.0
1629443229000,0.0012084592145015106
1629443259000,0.0
1629443289000,0.0005955926146515784
1629443319000,0.0
1629443349000,0.0
1629443379000,0.0005998800239952009
1629443409000,0.0
1629443439000,0.0
1629443469000,0.0006013229104028864
1629443499000,0.0
1629443529000,0.0
1629443559000,0.0
1629443589000,0.0
1629443619000,0.0
1629443649000,0.0006064281382656155
1629443679000,0.0005970149253731342
1629443709000,0.0
1629443739000,0.0
1629443769000,0.0
1629443799000,0.0005938242280285036
1629443829000,0.0
1629443859000,0.0
1629443889000,0.0
1629443919000,0.0
1629443949000,0.0006060606060606062
1629443979000,0.0
1629444009000,0.0
1629444039000,0.0
1629444069000,0.0006086427267194157
1629444099000,0.0
1629444129000,0.0006071645415907711
1629444159000,0.0006020469596628537
1629444189000,0.0
1629444219000,0.0005977286312014345
1629444249000,0.0
1629444279000,0.0
1629444309000,0.0005963029218843173
1629444339000,0.0
1629444369000,0.0
1629444399000,0.0
1629444429000,0.0006101281269066504
1629444459000,0.0
1629444489000,0.0
1629444519000,0.0
1629444549000,0.0
1629444579000,0.0006038647342995169
1629444609000,0.0
1629444639000,0.0
1629444669000,0.0
1629444699000,0.0
1629444729000,0.0005934718100890207
1629444759000,0.0006024096385542169
1629444789000,0.0
1629444819000,0.0
1629444849000,0.0
1629444879000,0.0
1629444909000,0.0
1629444939000,0.0
1629444969000,0.0
1629444999000,0.0
1629445029000,0.0006038647342995169
1629445059000,0.0
1629445089000,0.0
1629445119000,0.0
1629445149000,0.0
1629445179000,0.0
1629445209000,0.0
1629445239000,0.0
1629445269000,0.0
1629445299000,0.0006142506142506142
1629445329000,0.0
1629445359000,0.0
1629445389000,0.0
1629445419000,0.0005966587112171838
1629445449000,0.0
1629445479000,0.0
1629445509000,0.0
1629445539000,0.0
1629445569000,0.0
1629445599000,0.0
1629445629000,0.0006020469596628537
1629445659000,0.0
1629445689000,0.0
1629445719000,0.0
1629445749000,0.0
1629445779000,0.0
1629445809000,0.0
1629445839000,0.0
1629445869000,0.0
1629445899000,0.0005977286312014345
1629445929000,0.0
1629445959000,0.0
1629445989000,0.0
1629446019000,0.0
1629446049000,0.0
1629446079000,0.0005920663114268798
1629446109000,0.0
1629446139000,0.0006134969325153375
1629446169000,0.0
1629446199000,0.0
1629446229000,0.0005959475566150177
1629446259000,0.0
1629446289000,0.0
1629446319000,0.0005995203836930455
1629446349000,0.0
1629446379000,0.0
1629446409000,0.0006131207847946045
1629446439000,0.0
1629446469000,0.0
1629446499000,0.0
1629446529000,0.0
1629446559000,0.0
1629446589000,0.0
1629446619000,0.0
1629446649000,0.0
1629446679000,0.0
1629446709000,0.0
1629446739000,0.0006086427267194157
1629446769000,0.0006067961165048543
1629446799000,0.0
1629446829000,0.0
1629446859000,0.0006090133982947625
1629446889000,0.0
1629446919000,0.0
1629446949000,0.0
1629446979000,0.0
1629447009000,0.0
1629447039000,0.0
1629447069000,0.0
1629447099000,0.0006157635467980296
1629447129000,0.0
1629447159000,0.0
1629447189000,0.0
1629447219000,0.0005977286312014345
1629447249000,0.0
1629447279000,0.0
1629447309000,0.0
1629447339000,0.0005973715651135006
1629447369000,0.0
1629447399000,0.0
1629447429000,0.0005963029218843173
1629447459000,0.0
1629447489000,0.0006146281499692684
1629447519000,0.0
1629447549000,0.0
1629447579000,0.0006009615384615385
1629447609000,0.0006105006105006105
1629447639000,0.0006123698714023269
1629447669000,0.0006153846153846153
1629447699000,0.0
1629447729000,0.0
1629447759000,0.0006016847172081829
1629447789000,0.0
1629447819000,0.0006184291898577612
1629447849000,0.0
1629447879000,0.0
1629447909000,0.0
1629447939000,0.0
1629447969000,0.0
1629447999000,0.0
1629448029000,0.0006169031462060457
1629448059000,0.0
1629448089000,0.0005945303210463732
1629448119000,0.0
1629448149000,0.0
1629448179000,0.0
1629448209000,0.0
1629448239000,0.0
1629448269000,0.0006067961165048543
1629448299000,0.0
1629448329000,0.0
1629448359000,0.0
1629448389000,0.0
1629448419000,0.0
1629448449000,0.0005984440454817473
1629448479000,0.0006172839506172839
1629448509000,0.0
1629448539000,0.0
1629448569000,0.0
1629448599000,0.0
1629448629000,0.0
1629448659000,0.0
1629448689000,0.0
1629448719000,0.0006013229104028864
1629448749000,0.0
1629448779000,0.0
1629448809000,0.0006097560975609756
1629448839000,0.0
1629448869000,0.0005875440658049354
1629448899000,0.0
1629448929000,0.0006157635467980296
1629448959000,0.0
1629448989000,0.0
1629449019000,0.0
1629449049000,0.0
1629449079000,0.0005959475566150177
1629449109000,0.0
1629449139000,0.0
1629449169000,0.0
1629449199000,0.0
1629449229000,0.0
1629449259000,0.0
1629449289000,0.0
1629449319000,0.0
1629449349000,0.0005906674542232723
1629449379000,0.0
1629449409000,0.0
1629449439000,0.0
1629449469000,0.0
1629449499000,0.0
1629449529000,0.0006134969325153375
1629449559000,0.0
1629449589000,0.0006112469437652813
1629449619000,0.0
1629449649000,0.0006075334143377885
1629449679000,0.0005896226415094339
1629449709000,0.0
1629449739000,0.0
1629449769000,0.0
1629449799000,0.0
1629449829000,0.0006042296072507553
1629449859000,0.0006082725060827251
1629449889000,0.0
1629449919000,0.0
1629449949000,0.0006006006006006006
1629449979000,0.0
1629450009000,0.0011897679952409279
1629450039000,0.0005948839976204639
1629450069000,0.0006031363088057902
1629450099000,0.0
1629450129000,0.0006101281269066504
1629450159000,0.0
1629450189000,0.0
1629450219000,0.0006101281269066504
1629450249000,0.0
1629450279000,0.0005938242280285036
1629450309000,0.0006086427267194157
1629450339000,0.0
1629450369000,0.0006002400960384152
1629450399000,0.0
1629450429000,0.0005920663114268798
1629450459000,0.0005973715651135006
1629450489000,0.0
1629450519000,0.0
1629450549000,0.0006035003017501509
1629450579000,0.0
1629450609000,0.0006097560975609756
1629450639000,0.0006035003017501509
1629450669000,0.0
1629450699000,0.0
1629450729000,0.0
1629450759000,0.0006142506142506142
1629450789000,0.0006105006105006105
1629450819000,0.0
1629450849000,0.0
1629450879000,0.0
1629450909000,0.0
1629450939000,0.0005980861244019139
1629450969000,0.0
1629450999000,0.0
1629451029000,0.0
1629451059000,0.0
1629451089000,0.0006013229104028864
1629451119000,0.0
1629451149000,0.0
1629451179000,0.0006086427267194157
1629451209000,0.0
1629451239000,0.0006075334143377885
1629451269000,0.0
1629451299000,0.0
1629451329000,0.0
1629451359000,0.0006079027355623102
1629451389000,0.0006060606060606062
1629451419000,0.0
1629451449000,0.0
1629451479000,0.0006101281269066504
1629451509000,0.0
1629451539000,0.0
1629451569000,0.0
1629451599000,0.0
1629451629000,0.0
1629451659000,0.0
1629451689000,0.0006105006105006105
1629451719000,0.0005970149253731342
1629451749000,0.0
1629451779000,0.0
1629451809000,0.0
1629451839000,0.0
1629451869000,0.0
1629451899000,0.0
1629451929000,0.0
1629451959000,0.0
1629451989000,0.0006215040397762585
1629452019000,0.0
1629452049000,0.0
1629452079000,0.0
1629452109000,0.0
1629452139000,0.0005941770647653001
1629452169000,0.0
1629452199000,0.0
1629452229000,0.001218026796589525
1629452259000,0.0
1629452289000,0.0
1629452319000,0.0
1629452349000,0.0
1629452379000,0.0
1629452409000,0.0
1629452439000,0.0006016847172081829
1629452469000,0.0
1629452499000,0.0
1629452529000,0.0006172839506172839
1629452559000,0.0
1629452589000,0.0
1629452619000,0.0006165228113440197
1629452649000,0.0
1629452679000,0.0
1629452709000,0.0
1629452739000,0.0006082725060827251
1629452769000,0.0006016847172081829
1629452799000,0.0
1629452829000,0.0006082725060827251
1629452859000,0.0
1629452889000,0.0
1629452919000,0.0006027727546714887
1629452949000,0.0
1629452979000,0.0
1629453009000,0.0
1629453039000,0.0
1629453069000,0.0
1629453099000,0.0
1629453129000,0.0
1629453159000,0.0
1629453189000,0.0
1629453219000,0.0
1629453249000,0.0005945303210463732
1629453279000,0.0
1629453309000,0.0006045949214026603
1629453339000,0.0
1629453369000,0.0012187690432663009
1629453399000,0.0
1629453429000,0.0
1629453459000,0.0
1629453489000,0.0
1629453519000,0.0006142506142506142
1629453549000,0.0
1629453579000,0.0006024096385542169
1629453609000,0.0
1629453639000,0.0
1629453669000,0.0
1629453699000,0.0
1629453729000,0.0006146281499692684
1629453759000,0.0
1629453789000,0.0
1629453819000,0.0
1629453849000,0.0
1629453879000,0.0
1629453909000,0.0
1629453939000,0.0006049606775559589
1629453969000,0.0
1629453999000,0.0
1629454029000,0.0
1629454059000,0.0
1629454089000,0.0005963029218843173
1629454119000,0.0
1629454149000,0.0012062726176115801
1629454179000,0.0
1629454209000,0.0
1629454239000,0.0
1629454269000,0.0
1629454299000,0.0
1629454329000,0.0
1629454359000,0.0
1629454389000,0.0005875440658049354
1629454419000,0.0
1629454449000,0.0011983223487118035
1629454479000,0.0
1629454509000,0.0
1629454539000,0.0
1629454569000,0.0
1629454599000,0.0
1629454629000,0.0
1629454659000,0.0
1629454689000,0.001221001221001221
1629454719000,0.0
1629454749000,0.0
1629454779000,0.0012285012285012285
1629454809000,0.0
1629454839000,0.0
1629454869000,0.0
1629454899000,0.0006101281269066504
1629454929000,0.0
1629454959000,0.0
1629454989000,0.0
1629455019000,0.0
1629455049000,0.0
1629455079000,0.0
1629455109000,0.0006086427267194157
1629455139000,0.0006153846153846153
1629455169000,0.0006067961165048543
1629455199000,0.0
1629455229000,0.0006027727546714887
1629455259000,0.0
1629455289000,0.0
1629455319000,0.0
1629455349000,0.0006108735491753207
1629455379000,0.0005948839976204639
1629455409000,0.0006134969325153375
1629455439000,0.0
1629455469000,0.0
1629455499000,0.0005875440658049354
1629455529000,0.0
1629455559000,0.0
1629455589000,0.0
1629455619000,0.0
1629455649000,0.0005910165484633571
1629455679000,0.0
1629455709000,0.0005980861244019139
1629455739000,0.0
1629455769000,0.0
1629455799000,0.0005917159763313611
1629455829000,0.0
1629455859000,0.0
1629455889000,0.0
1629455919000,0.0
1629455949000,0.0
1629455979000,0.0
1629456009000,0.0006067961165048543
1629456039000,0.0006016847172081829
1629456069000,0.0
1629456099000,0.0
1629456129000,0.0
1629456159000,0.0005998800239952009
1629456189000,0.0006071645415907711
1629456219000,0.0006027727546714887
1629456249000,0.0005924170616113746
1629456279000,0.0
1629456309000,0.0006108735491753207
1629456339000,0.0006075334143377885
1629456369000,0.0006049606775559589
1629456399000,0.0
1629456429000,0.0005991611743559018
1629456459000,0.0
1629456489000,0.0
1629456519000,0.0
1629456549000,0.0006131207847946045
1629456579000,0.0
1629456609000,0.0
1629456639000,0.0
1629456669000,0.0
1629456699000,0.0005931198102016608
1629456729000,0.0
1629456759000,0.0006027727546714887
1629456789000,0.0006038647342995169
1629456819000,0.0
1629456849000,0.0
1629456879000,0.0
1629456909000,0.0005931198102016608
1629456939000,0.0
1629456969000,0.0
1629456999000,0.0
1629457029000,0.0005948839976204639
1629457059000,0.0
1629457089000,0.0
1629457119000,0.0
1629457149000,0.0006134969325153375
1629457179000,0.0
1629457209000,0.0
1629457239000,0.0005984440454817473
1629457269000,0.0
1629457299000,0.0006035003017501509
1629457329000,0.0
1629457359000,0.0
1629457389000,0.0
1629457419000,0.0
1629457449000,0.0
1629457479000,0.0
1629457509000,0.0
1629457539000,0.0
1629457569000,0.0006105006105006105
1629457599000,0.0
1629457629000,0.0011961722488038275
1629457659000,0.0
1629457689000,0.0006086427267194157
1629457719000,0.0
1629457749000,0.0
1629457779000,0.0
1629457809000,0.0
1629457839000,0.0
1629457869000,0.0
1629457899000,0.0
1629457929000,0.0
1629457959000,0.0006016847172081829
1629457989000,0.0006157635467980296
1629458019000,0.0006013229104028864
1629458049000,0.0
1629458079000,0.0
1629458109000,0.0
1629458139000,0.0
1629458169000,0.0
1629458199000,0.0
1629458229000,0.0
1629458259000,0.0
1629458289000,0.0
1629458319000,0.0011933174224343676
1629458349000,0.0
1629458379000,0.0
1629458409000,0.0
1629458439000,0.0
1629458469000,0.0
1629458499000,0.0
1629458529000,0.0
1629458559000,0.0
1629458589000,0.001195457262402869
1629458619000,0.0
1629458649000,0.0
1629458679000,0.0
1629458709000,0.0
1629458739000,0.0
1629458769000,0.0
1629458799000,0.0005955926146515784
1629458829000,0.0
1629458859000,0.0
1629458889000,0.0
1629458919000,0.0
1629458949000,0.0
1629458979000,0.0
1629459009000,0.0006071645415907711
1629459039000,0.0
1629459069000,0.0
1629459099000,0.0
1629459129000,0.0006108735491753207
1629459159000,0.0
1629459189000,0.0
1629459219000,0.0
1629459249000,0.0
1629459279000,0.0
1629459309000,0.0
1629459339000,0.0
1629459369000,0.0
1629459399000,0.0
1629459429000,0.0006188118811881187
1629459459000,0.0005955926146515784
1629459489000,0.0
1629459519000,0.0
1629459549000,0.001218026796589525
1629459579000,0.0
1629459609000,0.0
1629459639000,0.0006123698714023269
1629459669000,0.0
1629459699000,0.0006153846153846153
1629459729000,0.0
1629459759000,0.0
1629459789000,0.0
1629459819000,0.0
1629459849000,0.0
1629459879000,0.0
1629459909000,0.0
1629459939000,0.0006042296072507553
1629459969000,0.0
1629459999000,0.0
1629460029000,0.0006105006105006105
1629460059000,0.0
1629460089000,0.0
1629460119000,0.0
1629460149000,0.0006035003017501509
1629460179000,0.0
1629460209000,0.0
1629460239000,0.0006086427267194157
1629460269000,0.0
1629460299000,0.0
1629460329000,0.0011911852293031567
1629460359000,0.0
1629460389000,0.0006097560975609756
1629460419000,0.0
1629460449000,0.0
1629460479000,0.0
1629460509000,0.0
1629460539000,0.0005991611743559018
1629460569000,0.0
1629460599000,0.0006079027355623102
1629460629000,0.0006035003017501509
1629460659000,0.0
1629460689000,0.0
1629460719000,0.0
1629460749000,0.0006079027355623102
1629460779000,0.0
1629460809000,0.0006009615384615385
1629460839000,0.0
1629460869000,0.0
1629460899000,0.0
1629460929000,0.0
1629460959000,0.0005920663114268798
1629460989000,0.0
1629461019000,0.0
1629461049000,0.0005973715651135006
1629461079000,0.0
1629461109000,0.0006049606775559589
1629461139000,0.0
1629461169000,0.0
1629461199000,0.0
1629461229000,0.0
1629461259000,0.0
1629461289000,0.0
1629461319000,0.0
1629461349000,0.0006079027355623102
1629461379000,0.0
1629461409000,0.0006027727546714887
1629461439000,0.0
1629461469000,0.0
1629461499000,0.0
1629461529000,0.0
1629461559000,0.0
1629461589000,0.0
1629461619000,0.0
1629461649000,0.0006009615384615385
1629461679000,0.0
1629461709000,0.001199040767386091
1629461739000,0.0006053268765133173
1629461769000,0.0006038647342995169
1629461799000,0.0005991611743559018
1629461829000,0.0
1629461859000,0.0
1629461889000,0.0005959475566150177
1629461919000,0.0006027727546714887
1629461949000,0.0
1629461979000,0.0
1629462009000,0.0
1629462039000,0.0
1629462069000,0.0
1629462099000,0.0005948839976204639
1629462129000,0.0
1629462159000,0.0
1629462189000,0.0
1629462219000,0.0
1629462249000,0.0
1629462279000,0.0
1629462309000,0.0006082725060827251
1629462339000,0.0
1629462369000,0.0
1629462399000,0.0
1629462429000,0.0
1629462459000,0.0
1629462489000,0.000585480093676815
1629462519000,0.0
1629462549000,0.0
1629462579000,0.0
1629462609000,0.0005945303210463732
1629462639000,0.0
1629462669000,0.0
1629462699000,0.0006105006105006105
1629462729000,0.0
1629462759000,0.0
1629462789000,0.0
1629462819000,0.0
1629462849000,0.0
1629462879000,0.0
1629462909000,0.0
1629462939000,0.0
1629462969000,0.0
1629462999000,0.0006042296072507553
1629463029000,0.0
1629463059000,0.0
1629463089000,0.0006142506142506142
1629463119000,0.0
1629463149000,0.0
1629463179000,0.0005931198102016608
1629463209000,0.0006042296072507553
1629463239000,0.0
1629463269000,0.0
1629463299000,0.0
1629463329000,0.0
1629463359000,0.0006042296072507553
1629463389000,0.0
1629463419000,0.0006105006105006105
1629463449000,0.0
1629463479000,0.0
1629463509000,0.0
1629463539000,0.0
1629463569000,0.0005952380952380952
1629463599000,0.0
1629463629000,0.0006086427267194157
1629463659000,0.0
1629463689000,0.0
1629463719000,0.0006131207847946045
1629463749000,0.0
1629463779000,0.0
1629463809000,0.0
1629463839000,0.0
1629463869000,0.0
1629463899000,0.0
1629463929000,0.0
1629463959000,0.0
1629463989000,0.0
1629464019000,0.0005991611743559018
1629464049000,0.0
1629464079000,0.0
1629464109000,0.0005948839976204639
1629464139000,0.0
1629464169000,0.0005878894767783657
1629464199000,0.0
1629464229000,0.0006090133982947625
1629464259000,0.0005899705014749262
1629464289000,0.0
1629464319000,0.0006053268765133173
1629464349000,0.0006016847172081829
1629464379000,0.0
1629464409000,0.0
1629464439000,0.0
1629464469000,0.0005988023952095807
1629464499000,0.0
1629464529000,0.0
1629464559000,0.0006067961165048543
1629464589000,0.0
1629464619000,0.0
1629464649000,0.0
1629464679000,0.0006009615384615385
1629464709000,0.0
1629464739000,0.0
1629464769000,0.0
1629464799000,0.0006002400960384152
1629464829000,0.0005920663114268798
1629464859000,0.0
1629464889000,0.0
1629464919000,0.0006016847172081829
1629464949000,0.0
1629464979000,0.0006184291898577612
1629465009000,0.0
1629465039000,0.0006086427267194157
1629465069000,0.0
1629465099000,0.0
1629465129000,0.0
1629465159000,0.0
1629465189000,0.0
1629465219000,0.0
1629465249000,0.0
1629465279000,0.0
1629465309000,0.0005991611743559018
1629465339000,0.0
1629465369000,0.0005973715651135006
1629465399000,0.0
1629465429000,0.0
1629465459000,0.0006097560975609756
1629465489000,0.0
1629683049000,0.0
1629683049000,0.0
1629683079000,0.0
1629683109000,0.0006123698714023269
1629683139000,0.0
1629683169000,0.0006056935190793457
1629683199000,0.0
1629683229000,0.0
1629683259000,0.0
1629683289000,0.0
1629683319000,0.0
1629683349000,0.0006119951040391675
1629683379000,0.0
1629683409000,0.0
1629683439000,0.0005750431282346176
1629683469000,0.0
1629683499000,0.0
1629683529000,0.0
1629683559000,0.0
1629683589000,0.0
1629683619000,0.0
1629683649000,0.0005959475566150177
1629683679000,0.0
1629683709000,0.0
1629683739000,0.0
1629683769000,0.0
1629683799000,0.0
1629683829000,0.0
1629683859000,0.0006138735420503376
1629683889000,0.0
1629683919000,0.0
1629683949000,0.0006027727546714887
1629683979000,0.0
1629684009000,0.0006086427267194157
1629684039000,0.0
1629684069000,0.0
1629684099000,0.0006013229104028864
1629684129000,0.0
1629684159000,0.0006024096385542169
1629684189000,0.0006060606060606062
1629684219000,0.0
1629684249000,0.0006035003017501509
1629684279000,0.0
1629684309000,0.0005889281507656067
1629684417000,0.00046772684752104766
1629684429000,0.010938399539435808
1629684459000,0.0
1629684489000,0.0
1629684519000,0.001180637544273908
1629684549000,0.0
1629684579000,0.0006157635467980296
1629684609000,0.0006024096385542169
1629684639000,0.0005938242280285036
1629684669000,0.0
1629684699000,0.0
1629684729000,0.0005851375073142189
1629684759000,0.0
1629684789000,0.0
1629684819000,0.0006131207847946045
1629684849000,0.0
1629684879000,0.0
1629684909000,0.0005899705014749262
1629684939000,0.0006020469596628537
1629684969000,0.0
1629684999000,0.0005959475566150177
1629685029000,0.0012195121951219512
1629685059000,0.0
1629685089000,0.0
1629685119000,0.0
1629685149000,0.0006031363088057902
1629685179000,0.0
1629685209000,0.0
1629685239000,0.0
1629685269000,0.0
1629685299000,0.0
1629685329000,0.0
1629685359000,0.0005871990604815032
1629685389000,0.0006123698714023269
1629685419000,0.0
1629685449000,0.0
1629685479000,0.0006211180124223603
1629685509000,0.0
1629685539000,0.0
1629685569000,0.0
1629685599000,0.0
1629685629000,0.0
1629685659000,0.0012172854534388314
1629685689000,0.0
1629685719000,0.0
1629685749000,0.0
1629685779000,0.0
1629685809000,0.0006067961165048543
1629685839000,0.0005966587112171838
1629685869000,0.0
1629685899000,0.0
1629685929000,0.0
1629685959000,0.0
1629685989000,0.0
1629686019000,0.0006105006105006105
1629686049000,0.0
1629686079000,0.0
1629686109000,0.0
1629686139000,0.0006067961165048543
1629686169000,0.0006188118811881187
1629686199000,0.0
1629686229000,0.0
1629686259000,0.0
1629686289000,0.0
1629686319000,0.0
1629686349000,0.0006116207951070336
1629686379000,0.0
1629686409000,0.0
1629686439000,0.0
1629686469000,0.0006101281269066504
1629686499000,0.0
1629686529000,0.0
1629686559000,0.0
1629686589000,0.0
1629686619000,0.0
1629686649000,0.0
1629686679000,0.0
1629686709000,0.0
1629686739000,0.0
1629686769000,0.0
1629686799000,0.0
1629686829000,0.0
1629686859000,0.0
1629686889000,0.0
1629686919000,0.0006031363088057902
1629686949000,0.0
1629686979000,0.0
1629687009000,0.0006075334143377885
1629687039000,0.0
1629687069000,0.0
1629687099000,0.0
1629687129000,0.0006119951040391675
1629687159000,0.0
1629687189000,0.0
1629687219000,0.0006108735491753207
1629687249000,0.0006090133982947625
1629687279000,0.0
1629687309000,0.0
1629687339000,0.0
1629687369000,0.0
1629687399000,0.0
1629687429000,0.0006071645415907711
1629687459000,0.0
1629687489000,0.0006119951040391675
1629687519000,0.0
1629687549000,0.0
1629687579000,0.0
1629687609000,0.0
1629687639000,0.0
1629687669000,0.0
1629687699000,0.0
1629687729000,0.0
1629687759000,0.0006042296072507553
1629687789000,0.0
1629687819000,0.0006027727546714887
1629687849000,0.0006045949214026603
1629687879000,0.0
1629687909000,0.0
1629687939000,0.0
1629687969000,0.0
1629687999000,0.0006038647342995169
1629688029000,0.0
1629688059000,0.0
1629688089000,0.0005991611743559018
1629688119000,0.0
1629688149000,0.0
1629688179000,0.0
1629688209000,0.0
1629688239000,0.0
1629688269000,0.0006024096385542169
1629688299000,0.0006045949214026603
1629688329000,0.0005988023952095807
1629688359000,0.0012070006035003018
1629688389000,0.0
1629688419000,0.0
1629688449000,0.0
1629688479000,0.0
1629688509000,0.0
1629688539000,0.0
1629688569000,0.0
1629688599000,0.0006002400960384152
1629688629000,0.0
1629688659000,0.0
1629688689000,0.0
1629688719000,0.0006134969325153375
1629688749000,0.0
1629688779000,0.0
1629688809000,0.0
1629688839000,0.0
1629688869000,0.0
1629688899000,0.0
1629688929000,0.0
1629688959000,0.0
1629688989000,0.0
1629689019000,0.0
1629689049000,0.0
1629689079000,0.0
1629689109000,0.0
1629689139000,0.0
1629689169000,0.0005977286312014345
1629689199000,0.0
1629689229000,0.0
1629689259000,0.0
1629689289000,0.0
1629689319000,0.0
1629689349000,0.0
1629689379000,0.0
1629689409000,0.0006123698714023269
1629689439000,0.0005945303210463732
1629689469000,0.0
1629689499000,0.0006180469715698393
1629689529000,0.0
1629689559000,0.0006071645415907711
1629689589000,0.0
1629689619000,0.0
1629689649000,0.0
1629689679000,0.0
1629689709000,0.0
1629689739000,0.0006123698714023269
1629689769000,0.0
1629689799000,0.0
1629689829000,0.0
1629689859000,0.0
1629689889000,0.0
1629689919000,0.0
1629689949000,0.0
1629689979000,0.0006119951040391675
1629690009000,0.0
1629690039000,0.0
1629690069000,0.0
1629690099000,0.0006024096385542169
1629690129000,0.0005966587112171838
1629690159000,0.0
1629690189000,0.0
1629690219000,0.0
1629690249000,0.0
1629690279000,0.0
1629690309000,0.0
1629690339000,0.0
1629690369000,0.0
1629690399000,0.0
1629690429000,0.0005899705014749262
1629690459000,0.0
1629690489000,0.0
1629690519000,0.0
1629690549000,0.0
1629690579000,0.0
1629690609000,0.0006101281269066504
1629690639000,0.0
1629690669000,0.0
1629690699000,0.0
1629690729000,0.0
1629690759000,0.0
1629690789000,0.0
1629690819000,0.0006009615384615385
1629690849000,0.0006195786864931846
1629690879000,0.0
1629690909000,0.0012026458208057728
1629690939000,0.0006031363088057902
1629690969000,0.0
1629690999000,0.0
1629691029000,0.0012195121951219512
1629691059000,0.0
1629691089000,0.0006093845216331506
1629691119000,0.0
1629691149000,0.0
1629691179000,0.0
1629691209000,0.0
1629691239000,0.0
1629691269000,0.0006064281382656155
1629691299000,0.0
1629691329000,0.0
1629691359000,0.0
1629691389000,0.0
1629691419000,0.0
1629691449000,0.0
1629691479000,0.0
1629691509000,0.0
1629691539000,0.0
1629691569000,0.0006009615384615385
1629691599000,0.0
1629691629000,0.0006071645415907711
1629691659000,0.0
1629691689000,0.0
1629691719000,0.0
1629691749000,0.0
1629691779000,0.0
1629691809000,0.0005995203836930455
1629691839000,0.0006053268765133173
1629691869000,0.0
1629691899000,0.0
1629691929000,0.0
1629691959000,0.0
1629691989000,0.0
1629692019000,0.0
1629692049000,0.0006056935190793457
1629692079000,0.0005931198102016608
1629692109000,0.0006042296072507553
1629692139000,0.0
1629692169000,0.0006079027355623102
1629692199000,0.0
1629692229000,0.0
1629692259000,0.0011862396204033216
1629692289000,0.0
1629692319000,0.0005952380952380952
1629692349000,0.0006108735491753207
1629692379000,0.0
1629692409000,0.0
1629692439000,0.0
1629692469000,0.0
1629692499000,0.0
1629692529000,0.0006038647342995169
1629692559000,0.0
1629692589000,0.0006079027355623102
1629692619000,0.0005934718100890207
1629692649000,0.0
1629692679000,0.0
1629692709000,0.0005998800239952009
1629692739000,0.0005868544600938967
1629692769000,0.0
1629692799000,0.0006101281269066504
1629692829000,0.0
1629692859000,0.0005984440454817473
1629692889000,0.0006157635467980296
1629692919000,0.0006024096385542169
1629692949000,0.0
1629692979000,0.0006013229104028864
1629693009000,0.0
1629693039000,0.0006097560975609756
1629693069000,0.0006086427267194157
1629693099000,0.0006105006105006105
1629693129000,0.0006006006006006006
1629693159000,0.0
1629693189000,0.0
1629693219000,0.0
1629693249000,0.0006138735420503376
1629693279000,0.0
1629693309000,0.0006060606060606062
1629693339000,0.0
1629693369000,0.0
1629693399000,0.0
1629693429000,0.0
1629693459000,0.0006131207847946045
1629693489000,0.0
1629693519000,0.0
1629693549000,0.0
1629693579000,0.0012322858903265556
1629693609000,0.0006116207951070336
1629693639000,0.0
1629693669000,0.0
1629693699000,0.0
1629693729000,0.0
1629693759000,0.0006038647342995169
1629693789000,0.0
1629693819000,0.0
1629693849000,0.0
1629693879000,0.0
1629693909000,0.0006134969325153375
1629693939000,0.0
1629693969000,0.0
1629693999000,0.0
1629694029000,0.0
1629694059000,0.0
1629694089000,0.0006064281382656155
1629694119000,0.0
1629694149000,0.0
1629694179000,0.0
1629694209000,0.0
1629694239000,0.0
1629694269000,0.0
1629694299000,0.0
1629694329000,0.0005952380952380952
1629694359000,0.0
1629694389000,0.0
1629694419000,0.0
1629694449000,0.0
1629694479000,0.0
1629694509000,0.0005899705014749262
1629694539000,0.0005917159763313611
1629694569000,0.0
1629694599000,0.0006108735491753207
1629694629000,0.0
1629694659000,0.0
1629694689000,0.0005977286312014345
1629694719000,0.0
1629694749000,0.0
1629694779000,0.0
1629694809000,0.0
1629694839000,0.0
1629694869000,0.0
1629694899000,0.0006176652254478072
1629694929000,0.0
1629694959000,0.0
1629694989000,0.0
1629695019000,0.0006045949214026603
1629695049000,0.0006006006006006006
1629695079000,0.0
1629695109000,0.0006053268765133173
1629695139000,0.0
1629695169000,0.0
1629695199000,0.0
1629695229000,0.0
1629695259000,0.0006150061500615006
1629695289000,0.0
1629695319000,0.0
1629695349000,0.0
1629695379000,0.0005941770647653001
1629695409000,0.0
1629695439000,0.0
1629695469000,0.0
1629695499000,0.0
1629695529000,0.0
1629695559000,0.0
1629695589000,0.0006161429451632778
1629695619000,0.0
1629695649000,0.0
1629695679000,0.0005945303210463732
1629695709000,0.0
1629695739000,0.0
1629695769000,0.0
1629695799000,0.0005945303210463732
1629695829000,0.0006188118811881187
1629695859000,0.0
1629695889000,0.0
1629695919000,0.0
1629695949000,0.0
1629695979000,0.0006079027355623102
1629696009000,0.0
1629696039000,0.0006108735491753207
1629696069000,0.0
1629696099000,0.0
1629696129000,0.0
1629696159000,0.0
1629696189000,0.0006020469596628537
1629696219000,0.0
1629696249000,0.0
1629696279000,0.0
1629696309000,0.0
1629696339000,0.0
1629696369000,0.0
1629696399000,0.0
1629696429000,0.0006138735420503376
1629696459000,0.0
1629696489000,0.0
1629696519000,0.0
1629696549000,0.0
1629696579000,0.0
1629696609000,0.0
1629696639000,0.0005945303210463732
1629696669000,0.0006123698714023269
1629696699000,0.0
1629696729000,0.0
1629696759000,0.0
1629696789000,0.0005984440454817473
1629696819000,0.0006031363088057902
1629696849000,0.0006203473945409428
1629696879000,0.0
1629696909000,0.0
1629696939000,0.0
1629696969000,0.0
1629696999000,0.0006064281382656155
1629697029000,0.0006123698714023269
1629697059000,0.0
1629697089000,0.0
1629697119000,0.0
1629697149000,0.0
1629697179000,0.0
1629697209000,0.0
1629697239000,0.0
1629697269000,0.0
1629697299000,0.0006027727546714887
1629697329000,0.0
1629697359000,0.0
1629697389000,0.0006161429451632778
1629697419000,0.0
1629697449000,0.0
1629697479000,0.0
1629697509000,0.0
1629697539000,0.0
1629697569000,0.0
1629697599000,0.0005889281507656067
1629697629000,0.0
1629697659000,0.0
1629697689000,0.0
1629697719000,0.0005948839976204639
1629697749000,0.0
1629697779000,0.0005991611743559018
1629697809000,0.0
1629697839000,0.0
1629697869000,0.0
1629697899000,0.0
1629697929000,0.0
1629697959000,0.0
1629697989000,0.0006161429451632778
1629698019000,0.0
1629698049000,0.0
1629698079000,0.0
1629698109000,0.0
1629698139000,0.0
1629698169000,0.0006067961165048543
1629698199000,0.0
1629698229000,0.0
1629698259000,0.0
1629698289000,0.0006038647342995169
1629698319000,0.0006009615384615385
1629698349000,0.0
1629698379000,0.0006195786864931846
1629698409000,0.0
1629698439000,0.0
1629698469000,0.0006138735420503376
1629698499000,0.0
1629698529000,0.0
1629698559000,0.0
1629698589000,0.0
1629698619000,0.0
1629698649000,0.0
1629698679000,0.0
1629698709000,0.0
1629698739000,0.0
1629698769000,0.0
1629698799000,0.0006053268765133173
1629698829000,0.0
1629698859000,0.0
1629698889000,0.0
1629698919000,0.0006123698714023269
1629698949000,0.0
1629698979000,0.0006090133982947625
1629699009000,0.0006053268765133173
1629699039000,0.0006056935190793457
1629699069000,0.0
1629699099000,0.0
1629699129000,0.0
1629699159000,0.0006067961165048543
1629699189000,0.0
1629699219000,0.0
1629699249000,0.0
1629699279000,0.0
1629699309000,0.0005931198102016608
1629699339000,0.0
1629699369000,0.0
1629699399000,0.0
1629699429000,0.0
1629699459000,0.0
1629699489000,0.0
1629699519000,0.0
1629699549000,0.0006134969325153375
1629699579000,0.0
1629699609000,0.0
1629699639000,0.001218026796589525
1629699669000,0.0
1629699699000,0.0006067961165048543
1629699729000,0.0
1629699759000,0.0
1629699789000,0.0006176652254478072
1629699819000,0.0
1629699849000,0.0006064281382656155
1629699879000,0.0
1629699909000,0.0
1629699939000,0.0
1629699969000,0.0
1629699999000,0.0006009615384615385
1629700029000,0.0
1629700059000,0.0005941770647653001
1629700089000,0.0
1629700119000,0.0
1629700149000,0.0006119951040391675
1629700179000,0.0
1629700209000,0.0
1629700239000,0.0005941770647653001
1629700269000,0.0006161429451632778
1629700299000,0.0006153846153846153
1629700329000,0.0
1629700359000,0.0
1629700389000,0.0006090133982947625
1629700419000,0.0
1629700449000,0.0
1629700479000,0.0
1629700509000,0.0
1629700539000,0.0005920663114268798
1629700569000,0.0
1629700599000,0.0
1629700629000,0.0
1629700659000,0.0006024096385542169
1629700689000,0.0005868544600938967
1629700719000,0.0
1629700749000,0.0006082725060827251
1629700779000,0.0006090133982947625
1629700809000,0.0
1629700839000,0.0
1629700869000,0.0
1629700899000,0.0
1629700929000,0.0006150061500615006
1629700959000,0.0
1629700989000,0.0006035003017501509
1629701019000,0.0
1629701049000,0.0
1629701079000,0.0006116207951070336
1629701109000,0.0
1629701139000,0.0
1629701169000,0.0006067961165048543
1629701199000,0.0
1629701229000,0.0
1629701259000,0.0
1629701289000,0.0
1629701319000,0.0
1629701349000,0.0
1629701379000,0.0
1629701409000,0.0
1629701439000,0.0006090133982947625
1629701469000,0.0
1629701499000,0.0
1629701529000,0.0006153846153846153
1629701559000,0.0
1629701589000,0.0
1629701619000,0.0
1629701649000,0.0
1629701679000,0.0006075334143377885
1629701709000,0.0006002400960384152
1629701739000,0.0006045949214026603
1629701769000,0.0006138735420503376
1629701799000,0.0
1629701829000,0.0
1629701859000,0.0
1629701889000,0.0
1629701919000,0.0
1629701949000,0.0
1629701979000,0.0
1629702009000,0.0
1629702039000,0.0
1629702069000,0.0
1629702099000,0.0
1629702129000,0.0
1629702159000,0.0
1629702189000,0.0
1629702219000,0.0
1629702249000,0.0
1629702279000,0.0
1629702309000,0.0006131207847946045
1629702339000,0.0
1629702369000,0.0005899705014749262
1629702399000,0.0
1629702429000,0.0
1629702459000,0.0
1629702489000,0.0006075334143377885
1629702519000,0.0
1629702549000,0.0
1629702579000,0.0
1629702609000,0.0
1629702639000,0.0
1629702669000,0.0006045949214026603
1629702699000,0.0
1629702729000,0.0006027727546714887
1629702759000,0.0
1629702789000,0.0005970149253731342
1629702819000,0.0
1629702849000,0.0
1629702879000,0.0
1629702909000,0.0
1629702939000,0.0
1629702969000,0.0005980861244019139
1629702999000,0.0
1629703029000,0.0
1629703059000,0.0
1629703089000,0.0
1629703119000,0.0
1629703149000,0.0006134969325153375
1629703179000,0.0
1629703209000,0.0006016847172081829
1629703239000,0.0
1629703269000,0.0
1629703299000,0.0
1629703329000,0.0006123698714023269
1629703359000,0.0
1629703389000,0.0005970149253731342
1629703419000,0.0006038647342995169
1629703449000,0.0005924170616113746
1629703479000,0.0005959475566150177
1629703509000,0.0
1629703539000,0.0
1629703569000,0.0
1629703599000,0.0011997600479904018
1629703629000,0.0006097560975609756
1629703659000,0.0005934718100890207
1629703689000,0.0
1629703719000,0.0
1629703749000,0.0
1629703779000,0.0
1629703809000,0.0
1629703839000,0.0
1629703869000,0.0
1629703899000,0.0006053268765133173
1629703929000,0.0
1629703959000,0.0006024096385542169
1629703989000,0.0
1629704019000,0.0
1629704049000,0.0
1629704079000,0.0
1629704109000,0.0006075334143377885
1629704139000,0.0
1629704169000,0.0
1629704199000,0.0
1629704229000,0.0
1629704259000,0.0
1629704289000,0.0
1629704319000,0.0
1629704349000,0.0
1629704379000,0.0
1629704409000,0.0006207324643078832
1629704439000,0.0
1629704469000,0.0006097560975609756
1629704499000,0.0
1629704529000,0.0006053268765133173
1629704559000,0.0
1629704589000,0.0
1629704619000,0.0
1629704649000,0.0
1629704679000,0.0006176652254478072
1629704709000,0.0006035003017501509
1629704739000,0.0
1629704769000,0.0
1629704799000,0.0
1629704829000,0.0
1629704859000,0.0
1629704889000,0.0
1629704919000,0.0
1629704949000,0.0
1629704979000,0.0
1629705009000,0.0
1629705039000,0.0006123698714023269
1629705069000,0.0
1629705099000,0.0
1629705129000,0.0
1629705159000,0.0
1629705189000,0.0006067961165048543
1629705219000,0.0
1629705249000,0.0006184291898577612
1629705279000,0.0006090133982947625
1629705309000,0.0
1629705339000,0.0
1629705369000,0.0
1629705399000,0.0
1629705429000,0.0
1629705459000,0.0
1629705489000,0.0
1629705519000,0.0
1629705549000,0.0012187690432663009
1629705579000,0.0
1629705609000,0.0005980861244019139
1629705639000,0.0006053268765133173
1629705669000,0.0
1629705699000,0.0
1629705729000,0.0
1629705759000,0.0
1629705789000,0.0
1629705819000,0.0012202562538133007
1629705849000,0.0005896226415094339
1629705879000,0.0
1629705909000,0.0006172839506172839
1629705939000,0.0
1629705969000,0.0006071645415907711
1629705999000,0.0
1629706029000,0.0006184291898577612
1629706059000,0.0
1629706089000,0.0
1629706119000,0.0
1629706149000,0.0
1629706179000,0.0006031363088057902
1629706209000,0.0
1629706239000,0.0
1629706269000,0.0006013229104028864
1629706299000,0.0
1629706329000,0.0
1629706359000,0.0
1629706389000,0.0006127450980392157
1629706419000,0.0
1629706449000,0.0005966587112171838
1629706479000,0.0
1629706509000,0.0006176652254478072
1629706539000,0.0
1629706569000,0.0
1629706599000,0.0006161429451632778
1629706629000,0.0
1629706659000,0.0006127450980392157
1629706689000,0.0
1629706719000,0.0
1629706749000,0.0
1629706779000,0.0005980861244019139
1629706809000,0.0
1629706839000,0.0
1629706869000,0.0
1629706899000,0.0005931198102016608
1629706929000,0.0
1629706959000,0.0005959475566150177
1629706989000,0.0
1629707019000,0.0
1629707049000,0.0006230529595015578
1629707079000,0.0
1629707109000,0.0005959475566150177
1629707139000,0.0
1629707169000,0.0005988023952095807
1629707199000,0.0
1629707229000,0.0006049606775559589
1629707259000,0.0
1629707289000,0.0
1629707319000,0.0006105006105006105
1629707349000,0.0
1629707379000,0.0
1629707409000,0.0006079027355623102
1629707439000,0.0
1629707469000,0.0006165228113440197
1629707499000,0.0
1629707529000,0.0
1629707559000,0.0
1629707589000,0.0
1629707619000,0.0
1629707649000,0.0
1629707679000,0.0
1629707709000,0.0012254901960784314
1629707739000,0.0
1629707769000,0.0
1629707799000,0.0
1629707829000,0.0
1629707859000,0.0006064281382656155
1629707889000,0.0
1629707919000,0.0
1629707949000,0.0
1629707979000,0.0005934718100890207
1629708009000,0.0
1629708039000,0.0
1629708069000,0.0006157635467980296
1629708099000,0.0005927682276229994
1629708129000,0.0
1629708159000,0.0006064281382656155
1629708189000,0.0
1629708219000,0.0
1629708249000,0.001212856276531231
1629708279000,0.0005959475566150177
1629708309000,0.0
1629708339000,0.0
1629708369000,0.0
1629708399000,0.0006020469596628537
1629708429000,0.0
1629708459000,0.0006097560975609756
1629708489000,0.0
1629708519000,0.0
1629708549000,0.0
1629708579000,0.0
1629708609000,0.0
1629708639000,0.0
1629708669000,0.0006053268765133173
1629708699000,0.0005948839976204639
1629708729000,0.0
1629708759000,0.0
1629708789000,0.0006064281382656155
1629708819000,0.0005868544600938967
1629708849000,0.0
1629708879000,0.0005998800239952009
1629708909000,0.0
1629708939000,0.0
1629708969000,0.0006101281269066504
1629708999000,0.0
1629709029000,0.0
1629709059000,0.0
1629709089000,0.0
1629709119000,0.0
1629709149000,0.0
1629709179000,0.0
1629709209000,0.0
1629709239000,0.0006006006006006006
1629709269000,0.0
1629709299000,0.0005995203836930455
1629709329000,0.0
1629709359000,0.0
1629709389000,0.0
1629709419000,0.0
1629709449000,0.0006218905472636817
1629709479000,0.0
1629709509000,0.0
1629709539000,0.0
1629709569000,0.0
1629709599000,0.0
1629709629000,0.0012187690432663009
1629709659000,0.0
1629709689000,0.0
1629709719000,0.0
1629709749000,0.0
1629709779000,0.0
1629709809000,0.0
1629709839000,0.0
1629709869000,0.0
1629709899000,0.0006138735420503376
1629709929000,0.0
1629709959000,0.0
1629709989000,0.0
1629710019000,0.0
1629710049000,0.001212856276531231
1629710079000,0.0
1629710109000,0.0006191950464396285
1629710139000,0.0006024096385542169
1629710169000,0.0
1629710199000,0.0
1629710229000,0.0
1629710259000,0.0
1629710289000,0.0
1629710319000,0.0
1629710349000,0.0
1629710379000,0.0
1629710409000,0.0
1629710439000,0.0
1629710469000,0.0005984440454817473
1629710499000,0.0
1629710529000,0.0
1629710559000,0.0
1629710589000,0.0
1629710619000,0.0
1629710649000,0.0
1629710679000,0.0006053268765133173
1629710709000,0.0
1629710739000,0.0
1629710769000,0.0
1629710799000,0.0
1629710829000,0.0
1629710859000,0.0006131207847946045
1629710889000,0.0
1629710919000,0.0
1629710949000,0.0
1629710979000,0.0
1629711009000,0.0
1629711039000,0.0006180469715698393
1629711069000,0.0
1629711099000,0.0
1629711129000,0.0
1629711159000,0.0
1629711189000,0.0
1629711219000,0.0006195786864931846
1629711249000,0.0
1629711279000,0.0006142506142506142
1629711309000,0.0006116207951070336
1629711339000,0.0
1629711369000,0.0006038647342995169
1629711399000,0.0
1629711429000,0.0
1629711459000,0.0
1629711489000,0.0
1629711519000,0.0
1629711549000,0.0005892751915144372
1629711579000,0.0006049606775559589
1629711609000,0.0
1629711639000,0.0
1629711669000,0.0
1629711699000,0.0005952380952380952
1629711729000,0.0
1629711759000,0.0006090133982947625
1629711789000,0.0006009615384615385
1629711819000,0.0005995203836930455
1629711849000,0.0
1629711879000,0.0006038647342995169
1629711909000,0.0006116207951070336
1629711939000,0.0006082725060827251
1629711969000,0.0
1629711999000,0.0006090133982947625
1629712029000,0.0
1629712059000,0.0
1629712089000,0.0
1629712119000,0.0
1629712149000,0.0
1629712209000,0.0
1629712179000,0.0
1629712239000,0.0
1629712269000,0.0
1629712299000,0.0
1629712329000,0.0
1629712359000,0.0006013229104028864
1629712389000,0.0
1629712419000,0.0
1629712449000,0.0006024096385542169
1629712479000,0.0
1629712509000,0.0006138735420503376
1629712539000,0.0
1629712569000,0.0
1629712599000,0.0
1629712629000,0.0006002400960384152
1629712659000,0.0
1629712689000,0.0
1629712719000,0.0
1629712749000,0.0
1629712779000,0.0
1629712809000,0.0
1629712839000,0.0
1629712869000,0.0
1629712899000,0.0
1629712929000,0.0
1629712959000,0.0
1629712989000,0.0
1629713019000,0.0006031363088057902
1629713049000,0.0
1629713079000,0.0
1629713109000,0.0006042296072507553
1629713139000,0.0
1629713169000,0.0
1629713199000,0.0
1629713229000,0.0
1629713259000,0.0006086427267194157
1629713289000,0.0006002400960384152
1629713319000,0.0
1629713349000,0.0
1629713379000,0.0
1629713409000,0.0
1629713439000,0.0006060606060606062
1629713469000,0.0
1629713499000,0.0006060606060606062
1629713529000,0.0
1629713559000,0.0
1629713589000,0.0
1629713619000,0.0
1629713649000,0.0006038647342995169
1629713679000,0.0005959475566150177
1629713709000,0.0
1629713739000,0.0005889281507656067
1629713769000,0.0006134969325153375
1629713799000,0.0
1629713829000,0.0
1629713859000,0.0
1629713889000,0.0
1629713919000,0.0005959475566150177
1629713949000,0.0
1629713979000,0.0
1629714009000,0.0
1629714039000,0.0
1629714069000,0.0
1629714099000,0.0006191950464396285
1629714129000,0.0
1629714159000,0.0006086427267194157
1629714189000,0.0005917159763313611
1629714219000,0.0
1629714249000,0.0
1629714279000,0.0
1629714309000,0.0
1629714339000,0.0006119951040391675
1629714369000,0.0
1629714399000,0.0
1629714429000,0.0
1629714459000,0.0005878894767783657
1629714489000,0.0
1629714519000,0.0005980861244019139
1629714549000,0.0005980861244019139
1629714579000,0.0006013229104028864
1629714609000,0.0006027727546714887
1629714639000,0.0
1629714669000,0.0
1629714699000,0.0006188118811881187
1629714729000,0.0
1629714759000,0.0
1629714789000,0.0
1629714819000,0.0006064281382656155
1629714849000,0.0005973715651135006
1629714879000,0.0
1629714909000,0.0
1629714939000,0.0
1629714969000,0.0011911852293031567
1629714999000,0.0
1629715029000,0.0
1629715059000,0.0
1629715089000,0.0
1629715119000,0.0
1629715149000,0.0
1629715179000,0.0
1629715209000,0.0
1629715239000,0.0
1629715269000,0.0012292562999385369
1629715299000,0.0006038647342995169
1629715329000,0.0006049606775559589
1629715359000,0.0
1629715389000,0.0
1629715419000,0.0
1629715449000,0.0006138735420503376
1629715479000,0.0
1629715509000,0.0
1629715539000,0.0
1629715569000,0.0
1629715599000,0.0006038647342995169
1629715629000,0.0
1629715659000,0.0
1629715689000,0.0
1629715719000,0.0005980861244019139
1629715749000,0.0
1629715779000,0.0
1629715809000,0.0
1629715839000,0.0005991611743559018
1629715869000,0.0
1629715899000,0.0
1629715929000,0.0006045949214026603
1629715959000,0.0
1629715989000,0.0
1629716019000,0.0
1629716049000,0.0006203473945409428
1629716079000,0.0
1629716109000,0.0
1629716139000,0.0006027727546714887
1629716169000,0.0
1629716199000,0.0006176652254478072
1629716229000,0.0
1629716259000,0.0
1629716289000,0.0
1629716319000,0.0
1629716349000,0.0006215040397762585
1629716379000,0.0
1629716409000,0.0006142506142506142
1629716439000,0.0
1629716469000,0.0
1629716499000,0.0
1629716529000,0.0
1629716559000,0.0
1629716589000,0.0
1629716619000,0.0006142506142506142
1629716649000,0.0
1629716679000,0.0
1629716709000,0.0
1629716739000,0.0
1629716769000,0.0006075334143377885
1629716799000,0.0006150061500615006
1629716829000,0.0
1629716859000,0.0
1629716889000,0.0
1629716919000,0.0
1629716949000,0.0
1629716979000,0.0
1629717009000,0.0006097560975609756
1629717039000,0.0006027727546714887
1629717069000,0.0006116207951070336
1629717099000,0.0
1629717129000,0.0
1629717159000,0.0
1629717189000,0.0
1629717219000,0.0
1629717249000,0.0
1629717279000,0.0
1629717309000,0.0
1629717339000,0.0
1629717369000,0.0
1629717399000,0.0
1629717429000,0.0
1629717459000,0.0
1629717489000,0.0
1629717519000,0.0
1629717549000,0.0012106537530266347
1629717579000,0.0
1629717609000,0.0005952380952380952
1629717639000,0.0
1629717669000,0.0
1629717699000,0.0
1629717729000,0.0006123698714023269
1629717759000,0.001201923076923077
1629717789000,0.0
1629717819000,0.0
1629717849000,0.0
1629717879000,0.0
1629717909000,0.0
1629717939000,0.0
1629717969000,0.0006082725060827251
1629717999000,0.0
1629718029000,0.0005973715651135006
1629718059000,0.0006045949214026603
1629718089000,0.0
1629718119000,0.0
1629718149000,0.0
1629718179000,0.0006165228113440197
1629718209000,0.0006138735420503376
1629718239000,0.0006086427267194157
1629718269000,0.0
1629718299000,0.0
1629718329000,0.0
1629718359000,0.0
1629718389000,0.0
1629718419000,0.0
1629718449000,0.0
1629718479000,0.0
1629718509000,0.0
1629718539000,0.0006116207951070336
1629718569000,0.0
1629718599000,0.0
1629718629000,0.0
1629718659000,0.0
1629718689000,0.0006009615384615385
1629718719000,0.0
1629718749000,0.0
1629718779000,0.0
1629718809000,0.0
1629718839000,0.0
1629718869000,0.0
1629718899000,0.0
1629718929000,0.0
1629718959000,0.0
1629718989000,0.0
1629719019000,0.0
1629719049000,0.0006064281382656155
1629719079000,0.0006049606775559589
1629719109000,0.0
1629719139000,0.0
1629719169000,0.0006226650062266501
1629719199000,0.0006020469596628537
1629719229000,0.0006101281269066504
1629719259000,0.0006079027355623102
1629719289000,0.0
1629719319000,0.0005931198102016608
1629719349000,0.0
1629719379000,0.0
1629719409000,0.0
1629719439000,0.0005991611743559018
1629719469000,0.0006119951040391675
1629719499000,0.0
1629719529000,0.0
1629719559000,0.0
1629719589000,0.0006195786864931846
1629719619000,0.0
1629719649000,0.0
1629719679000,0.0006116207951070336
1629719709000,0.0006108735491753207
1629719739000,0.0005998800239952009
1629719769000,0.0
1629719799000,0.0
1629719829000,0.0005973715651135006
1629719859000,0.0005998800239952009
1629719889000,0.0005955926146515784
1629719919000,0.0006127450980392157
1629719949000,0.0006020469596628537
1629719979000,0.0006031363088057902
1629720009000,0.0
1629720039000,0.0
1629720069000,0.0
1629720099000,0.0
1629720129000,0.0
1629720159000,0.0
1629720189000,0.0
1629720219000,0.0
1629720249000,0.0
1629720279000,0.0006116207951070336
1629720309000,0.0
1629720339000,0.0
1629720369000,0.0
1629720399000,0.0006038647342995169
1629720429000,0.0
1629720459000,0.0
1629720489000,0.0006079027355623102
1629720519000,0.0
1629720549000,0.0
1629720579000,0.0005973715651135006
1629720609000,0.0
1629720639000,0.0
1629720669000,0.0
1629720699000,0.0
1629720729000,0.0
1629720759000,0.0
1629720789000,0.0
1629720819000,0.0
1629720849000,0.0
1629720879000,0.0
1629720909000,0.0006142506142506142
1629720939000,0.0
1629720969000,0.0
1629720999000,0.0
1629721029000,0.0
1629721059000,0.0
1629721089000,0.0
1629721119000,0.0
1629721149000,0.0
1629721179000,0.0006086427267194157
1629721209000,0.0006049606775559589
1629721239000,0.0006009615384615385
1629721269000,0.0
1629721299000,0.0
1629721329000,0.0006218905472636817
1629721359000,0.0
1629721389000,0.0005998800239952009
1629721419000,0.0
1629721449000,0.0
1629721479000,0.0
1629721509000,0.0
1629721539000,0.0
1629721569000,0.0
1629721599000,0.0
1629721629000,0.0005991611743559018
1629721659000,0.0005955926146515784
1629721689000,0.0
1629721719000,0.0
1629721749000,0.0
1629721779000,0.0
1629721809000,0.0
1629721839000,0.0006075334143377885
1629721869000,0.0006097560975609756
1629721899000,0.0
1629721929000,0.0
1629721959000,0.0006020469596628537
1629721989000,0.0
1629722019000,0.0
1629722049000,0.0
1629722079000,0.0
1629722109000,0.0
1629722139000,0.0
1629722169000,0.0
1629722199000,0.0
1629722229000,0.0005984440454817473
1629722259000,0.0006075334143377885
1629722289000,0.0006079027355623102
1629722319000,0.0
1629722349000,0.0
1629722379000,0.0
1629722409000,0.0006027727546714887
1629722439000,0.0006138735420503376
1629722469000,0.0
1629722499000,0.0006031363088057902
1629722529000,0.0006105006105006105
1629722559000,0.0006049606775559589
1629722589000,0.0
1629722619000,0.0
1629722649000,0.0
1629722679000,0.0
1629722709000,0.0
1629722739000,0.0
1629722769000,0.0006146281499692684
1629722799000,0.0006131207847946045
1629722829000,0.0
1629722859000,0.0
1629722889000,0.0
1629722919000,0.0
1629722949000,0.0
1629722979000,0.0012070006035003018
1629723009000,0.0
1629723039000,0.0
1629723069000,0.0
1629723099000,0.0
1629723129000,0.0
1629723159000,0.0006024096385542169
1629723189000,0.0
1629723219000,0.0
1629723249000,0.0005980861244019139
1629723279000,0.0005988023952095807
1629723309000,0.0006060606060606062
1629723339000,0.0
1629723369000,0.0006172839506172839
1629723399000,0.0006042296072507553
1629723429000,0.0
1629723459000,0.0
1629723489000,0.0
1629723519000,0.0
1629723549000,0.0005941770647653001
1629723579000,0.0006131207847946045
1629723609000,0.0
1629723639000,0.0
1629723669000,0.0
1629723699000,0.0006207324643078832
1629723729000,0.0
1629723759000,0.0006038647342995169
1629723789000,0.0
1629723819000,0.0
1629723849000,0.0012195121951219512
1629723879000,0.0
1629723909000,0.0
1629723939000,0.0
1629723969000,0.0006134969325153375
1629723999000,0.0
1629724029000,0.0
1629724059000,0.0
1629724089000,0.0
1629724119000,0.0006093845216331506
1629724149000,0.0
1629724179000,0.0
1629724209000,0.0
1629724239000,0.0
1629724269000,0.0006172839506172839
1629724299000,0.0006006006006006006
1629724329000,0.0
1629724359000,0.0
1629724389000,0.0005988023952095807
1629724419000,0.0
1629724449000,0.0
1629724479000,0.0
1629724509000,0.0
1629724539000,0.0
1629724569000,0.0
1629724599000,0.0
1629724629000,0.0
1629724659000,0.0
1629724689000,0.0006079027355623102
1629724719000,0.0
1629724749000,0.0
1629724779000,0.0
1629724809000,0.0
1629724839000,0.0006064281382656155
1629724869000,0.0006031363088057902
1629724899000,0.0
1629724929000,0.0
1629724959000,0.0
1629724989000,0.0
1629725019000,0.0
1629725049000,0.0
1629725079000,0.0
1629725109000,0.0
1629725139000,0.0
1629725169000,0.0005966587112171838
1629725199000,0.0
1629725229000,0.0
1629725259000,0.0006027727546714887
1629725289000,0.0005952380952380952
1629725319000,0.0
1629725349000,0.0
1629725379000,0.0
1629725409000,0.0
1629725439000,0.0
1629725469000,0.0
1629725499000,0.0005917159763313611
1629725529000,0.0006067961165048543
1629725559000,0.0
1629725589000,0.0
1629725619000,0.0005920663114268798
1629725649000,0.0006045949214026603
1629725679000,0.0
1629725709000,0.0006006006006006006
1629725739000,0.0
1629725769000,0.0
1629725799000,0.0
1629725829000,0.0
1629725859000,0.0006184291898577612
1629725889000,0.0
1629725919000,0.0
1629725949000,0.0
1629725979000,0.0
1629726009000,0.0
1629726039000,0.0
1629726069000,0.0005931198102016608
1629726099000,0.0006086427267194157
1629726129000,0.0
1629726159000,0.0
1629726189000,0.0006150061500615006
1629726219000,0.0
1629726249000,0.0
1629726279000,0.0
1629726309000,0.0
1629726339000,0.0
1629726369000,0.0
1629726399000,0.0
1629726429000,0.0005927682276229994
1629726459000,0.0
1629726489000,0.0
1629726519000,0.0
1629726549000,0.0
1629726579000,0.0006161429451632778
1629726609000,0.0
1629726639000,0.0
1629726669000,0.0
1629726699000,0.0005878894767783657
1629726729000,0.0
1629726759000,0.0006075334143377885
1629726789000,0.0
1629726819000,0.0012232415902140672
1629726849000,0.0
1629726879000,0.0006016847172081829
1629726909000,0.0005948839976204639
1629726939000,0.0
1629726969000,0.0
1629726999000,0.0006123698714023269
1629727029000,0.0
1629727059000,0.0
1629727089000,0.0
1629727119000,0.0
1629727149000,0.0
1629727179000,0.001212856276531231
1629727209000,0.0
1629727239000,0.0
1629727269000,0.0
1629727299000,0.0
1629727329000,0.0006090133982947625
1629727359000,0.0
1629727389000,0.0
1629727419000,0.0006064281382656155
1629727449000,0.0
1629727479000,0.0005980861244019139
1629727509000,0.0
1629727539000,0.0006097560975609756
1629727569000,0.0
1629727599000,0.0006009615384615385
1629727629000,0.0006082725060827251
1629727659000,0.0005991611743559018
1629727689000,0.0
1629727719000,0.0005892751915144372
1629727749000,0.0
1629727779000,0.0006067961165048543
1629727809000,0.0
1629727839000,0.0006038647342995169
1629727869000,0.0006060606060606062
1629727899000,0.0005927682276229994
1629727929000,0.0006009615384615385
1629727959000,0.0006123698714023269
1629727989000,0.0006035003017501509
1629728019000,0.0006053268765133173
1629728049000,0.0
1629728079000,0.0005998800239952009
1629728109000,0.0
1629728139000,0.0
1629728169000,0.0006211180124223603
1629728199000,0.0
1629728229000,0.0006049606775559589
1629728259000,0.0
1629728289000,0.0
1629728319000,0.0006064281382656155
1629728349000,0.0
1629728379000,0.0006053268765133173
1629728409000,0.0
1629728439000,0.0
1629728469000,0.0
1629728499000,0.0
1629728529000,0.0005934718100890207
1629728559000,0.0005970149253731342
1629728589000,0.0
1629728619000,0.0
1629728649000,0.0005980861244019139
1629728679000,0.0
1629728709000,0.0006138735420503376
1629728739000,0.0
1629728769000,0.0
1629728799000,0.0
1629728829000,0.0005920663114268798
1629728859000,0.0006093845216331506
1629728889000,0.0
1629728919000,0.0
1629728949000,0.0006097560975609756
1629728979000,0.0006108735491753207
1629729009000,0.0
1629729039000,0.0006116207951070336
1629729069000,0.0
1629729099000,0.0006013229104028864
1629729129000,0.0
1629729159000,0.0006053268765133173
1629729189000,0.0005861664712778429
1629729219000,0.0
1629729249000,0.0006024096385542169
1629729279000,0.0
1629729309000,0.0006016847172081829
1629729339000,0.0006064281382656155
1629729369000,0.0006075334143377885
1629729399000,0.0
1629729429000,0.0
1629729459000,0.0
1629729489000,0.0006035003017501509
1629729519000,0.0
1629729549000,0.0006180469715698393
1629729579000,0.0
1629729609000,0.0
1629729639000,0.0
1629729669000,0.0006180469715698393
1629729699000,0.0
1629729729000,0.0
1629729759000,0.0006105006105006105
1629729789000,0.0006053268765133173
1629729819000,0.0
1629729849000,0.0
1629729879000,0.0
1629729909000,0.0005924170616113746
1629729939000,0.0
1629729969000,0.0
1629729999000,0.0
1629730029000,0.0006127450980392157
1629730059000,0.0
1629730089000,0.0
1629730119000,0.0
1629730149000,0.0
1629730179000,0.0012399256044637321
1629730209000,0.0
1629730239000,0.0005966587112171838
1629730269000,0.0
1629730299000,0.0006112469437652813
1629730329000,0.0
1629730359000,0.0
1629730389000,0.0
1629730419000,0.0
1629730449000,0.0
1629730479000,0.0006116207951070336
1629730509000,0.0
1629730539000,0.0
1629730569000,0.0
1629730599000,0.0
1629730629000,0.0
1629730659000,0.0
1629730689000,0.0006064281382656155
1629730719000,0.0
1629730749000,0.0
1629730779000,0.0
1629730809000,0.0
1629730839000,0.0
1629730869000,0.0
1629730899000,0.0005896226415094339
1629730929000,0.0006071645415907711
1629730959000,0.0
1629730989000,0.0
1629731019000,0.0
1629731049000,0.0006024096385542169
1629731079000,0.0
1629731109000,0.0006038647342995169
1629731139000,0.0005970149253731342
1629731169000,0.0
1629731199000,0.0006082725060827251
1629731229000,0.0006191950464396285
1629731259000,0.0005948839976204639
1629731289000,0.0005995203836930455
1629731319000,0.0
1629731349000,0.0
1629731379000,0.0
1629731409000,0.0
1629731439000,0.0
1629731469000,0.0
1629731499000,0.0006006006006006006
1629731529000,0.0
1629731559000,0.0
1629731589000,0.0
1629731619000,0.0
1629731649000,0.0
1629731679000,0.0
1629731709000,0.0006056935190793457
1629731739000,0.0006150061500615006
1629731769000,0.0
1629731799000,0.0
1629731829000,0.0
1629731859000,0.0
1629731889000,0.0
1629731919000,0.0
1629731949000,0.0
1629731979000,0.0006031363088057902
1629732009000,0.0
1629732039000,0.0005861664712778429
1629732069000,0.0
1629732099000,0.0
1629732129000,0.0
1629732159000,0.0
1629732189000,0.0
1629732219000,0.0
1629732249000,0.0
1629732279000,0.0005941770647653001
1629732309000,0.0
1629732339000,0.0
1629732369000,0.0
1629732399000,0.0
1629732429000,0.0
1629732459000,0.0005934718100890207
1629732489000,0.001215066828675577
1629732519000,0.0005970149253731342
1629732549000,0.0
1629732579000,0.0006172839506172839
1629732609000,0.0
1629732639000,0.0
1629732669000,0.0
1629732699000,0.0005899705014749262
1629732729000,0.0005910165484633571
1629732759000,0.0
1629732789000,0.0
1629732819000,0.0
1629732849000,0.0
1629732879000,0.0
1629732909000,0.0006138735420503376
1629732939000,0.0
1629732969000,0.0
1629732999000,0.0
1629733029000,0.0
1629733059000,0.0
1629733089000,0.0
1629733119000,0.0
1629733149000,0.0006142506142506142
1629733179000,0.0
1629733209000,0.0
1629733239000,0.0
1629733269000,0.0
1629733299000,0.0
1629733329000,0.0006045949214026603
1629733359000,0.0
1629733389000,0.0
1629733419000,0.0
1629733449000,0.0
1629733479000,0.0
1629733509000,0.0
1629733539000,0.0
1629733569000,0.0005963029218843173
1629733599000,0.0
1629733629000,0.0
1629733659000,0.0
1629733689000,0.0
1629733719000,0.0
1629733749000,0.0
1629733779000,0.0
1629733809000,0.0
1629733839000,0.0
1629733869000,0.0
1629733899000,0.0
1629733929000,0.0006169031462060457
1629733959000,0.0
1629733989000,0.0006169031462060457
1629734019000,0.0
1629734049000,0.0006071645415907711
1629734079000,0.0
1629734109000,0.0
1629734139000,0.0
1629734169000,0.0
1629734199000,0.0
1629734229000,0.0006002400960384152
1629734259000,0.0006090133982947625
1629734289000,0.0
1629734319000,0.0
1629734349000,0.0
1629734379000,0.0
1629734409000,0.0006142506142506142
1629734439000,0.0
1629734469000,0.0
1629734499000,0.0
1629734529000,0.0006060606060606062
1629734559000,0.0006002400960384152
1629734589000,0.0
1629734619000,0.0
1629734649000,0.0006157635467980296
1629734679000,0.0
1629734709000,0.0
1629734739000,0.0005966587112171838
1629734769000,0.0
1629734799000,0.0
1629734799000,0.0
1629734829000,0.0
1629734859000,0.0005920663114268798
1629734889000,0.0
1629734919000,0.0
1629734949000,0.0
1629734979000,0.0
1629735009000,0.0
1629735039000,0.0
1629735069000,0.0
1629735099000,0.0
1629735129000,0.0
1629735159000,0.0006038647342995169
1629735189000,0.0
1629735219000,0.0
1629735249000,0.0
1629735279000,0.0
1629735309000,0.0
1629735339000,0.0
1629735369000,0.0
1629735399000,0.0
1629735429000,0.0006161429451632778
1629735459000,0.0006045949214026603
1629735489000,0.0006053268765133173
1629735519000,0.0006108735491753207
1629735549000,0.0
1629735579000,0.0
1629735609000,0.0006169031462060457
1629735639000,0.0
1629735669000,0.0
1629735699000,0.0
1629735729000,0.0006090133982947625
1629735759000,0.0006060606060606062
1629735789000,0.0
1629735819000,0.0005991611743559018
1629735849000,0.0
1629735879000,0.0
1629735909000,0.0005959475566150177
1629735939000,0.0
1629735969000,0.0
1629735999000,0.0
1629736029000,0.0
1629736059000,0.0005948839976204639
1629736089000,0.0006075334143377885
1629736119000,0.0
1629736149000,0.0
1629736179000,0.0005980861244019139
1629736209000,0.0
1629736239000,0.0
1629736269000,0.0005991611743559018
1629736299000,0.0
1629736329000,0.0
1629736359000,0.0
1629736389000,0.0
1629736419000,0.0
1629736449000,0.0006150061500615006
1629736479000,0.0
1629736509000,0.0005948839976204639
1629736539000,0.0
1629736569000,0.0
1629736599000,0.0006064281382656155
1629736629000,0.0006020469596628537
1629736659000,0.0
1629736689000,0.0
1629736719000,0.0
1629736749000,0.0
1629736779000,0.0006075334143377885
1629736809000,0.0
1629736839000,0.0006157635467980296
1629736869000,0.0
1629736899000,0.0
1629736929000,0.0
1629736959000,0.0
1629736989000,0.0005991611743559018
1629737019000,0.0006013229104028864
1629737049000,0.0006038647342995169
1629737079000,0.0006071645415907711
1629737109000,0.0006002400960384152
1629737139000,0.0
1629737169000,0.0006020469596628537
1629737199000,0.0
1629737229000,0.0
1629737259000,0.0006169031462060457
1629737289000,0.0
1629737319000,0.0
1629737349000,0.0
1629737379000,0.0
1629737409000,0.0
1629737439000,0.0
1629737469000,0.00121580547112462
1629737499000,0.0
1629737529000,0.0006071645415907711
1629737559000,0.0
1629737589000,0.0006006006006006006
1629737619000,0.0
1629737649000,0.0006138735420503376
1629737679000,0.0006105006105006105
1629737709000,0.0006086427267194157
1629737739000,0.0
1629737769000,0.0
1629737799000,0.0
1629737829000,0.0
1629737859000,0.0
1629737889000,0.0006067961165048543
1629737919000,0.0
1629737949000,0.0
1629737979000,0.0
1629738009000,0.0
1629738039000,0.0005861664712778429
1629738069000,0.0006027727546714887
1629738099000,0.0006027727546714887
1629738129000,0.0005885815185403178
1629738159000,0.0005977286312014345
1629738189000,0.0
1629738219000,0.0
1629738249000,0.0005896226415094339
1629738279000,0.0006101281269066504
1629738309000,0.0
1629738339000,0.0006067961165048543
1629738369000,0.0
1629738399000,0.0
1629738429000,0.0005959475566150177
1629738459000,0.0006161429451632778
1629738489000,0.0
1629738519000,0.0
1629738549000,0.0
1629738579000,0.0
1629738609000,0.0006045949214026603
1629738639000,0.0
1629738669000,0.0
1629738699000,0.0006116207951070336
1629738729000,0.0006119951040391675
1629738759000,0.0
1629738789000,0.0006071645415907711
1629738819000,0.0
1629738849000,0.0
1629738879000,0.0
1629738909000,0.0
1629738939000,0.0
1629738969000,0.0
1629738999000,0.0
1629739029000,0.0
1629739059000,0.0
1629739089000,0.0
1629739119000,0.0005927682276229994
1629739149000,0.0
1629739179000,0.0
1629739209000,0.0
1629739239000,0.0
1629739269000,0.0
1629739299000,0.0
1629739329000,0.0
1629739359000,0.0
1629739389000,0.0
1629739419000,0.0
1629739449000,0.0
1629739479000,0.0
1629739509000,0.0
1629739539000,0.0
1629739569000,0.0006056935190793457
1629739599000,0.0
1629739629000,0.0
1629739659000,0.0
1629739689000,0.0
1629739719000,0.0006038647342995169
1629739749000,0.0006176652254478072
1629739779000,0.0
1629739809000,0.0006090133982947625
1629739839000,0.0
1629739869000,0.0
1629739899000,0.0006090133982947625
1629739929000,0.0
1629739959000,0.0
1629739989000,0.0
1629740019000,0.0
1629740049000,0.0006191950464396285
1629740079000,0.0
1629740109000,0.0
1629740139000,0.0
1629740169000,0.0
1629740199000,0.0006090133982947625
1629740229000,0.0
1629740259000,0.0
1629740289000,0.000588235294117647
1629740319000,0.0006035003017501509
1629740349000,0.0006086427267194157
1629740379000,0.0006127450980392157
1629740409000,0.0005973715651135006
1629740439000,0.0
1629740469000,0.0006112469437652813
1629740499000,0.0
1629740529000,0.0
1629740559000,0.0
1629740589000,0.0
1629740619000,0.0
1629740649000,0.0
1629740679000,0.0
1629740709000,0.0
1629740739000,0.0
1629740769000,0.0005984440454817473
1629740799000,0.0
1629740829000,0.0006097560975609756
1629740859000,0.0006090133982947625
1629740889000,0.0
1629740919000,0.0006082725060827251
1629740949000,0.0
1629740979000,0.0
1629741009000,0.0
1629741039000,0.0
1629741069000,0.0
1629741099000,0.0
1629741129000,0.0
1629741159000,0.0
1629741189000,0.0
1629741219000,0.0
1629741249000,0.0
1629741279000,0.0
1629741309000,0.0
1629741339000,0.0006006006006006006
1629741369000,0.0
1629741399000,0.0
1629741429000,0.0
1629741459000,0.0
1629741489000,0.0
1629741519000,0.0006086427267194157
1629741549000,0.0
1629741579000,0.0006013229104028864
1629741609000,0.0
1629741639000,0.0
1629741669000,0.0
1629741699000,0.0
1629741729000,0.0006056935190793457
1629741759000,0.0
1629741789000,0.0006112469437652813
1629741819000,0.0
1629741849000,0.0
1629741879000,0.0
1629741909000,0.0
1629741939000,0.0
1629741969000,0.0
1629741999000,0.0006108735491753207
1629742029000,0.0012277470841006752
1629742059000,0.0
1629742089000,0.0
1629742119000,0.0
1629742149000,0.0006079027355623102
1629742179000,0.0
1629742209000,0.0006027727546714887
1629742239000,0.0
1629742269000,0.0
1629742299000,0.0
1629742329000,0.0
1629742359000,0.0
1629742389000,0.0
1629742419000,0.0
1629742449000,0.0005984440454817473
1629742479000,0.0
1629742509000,0.0006016847172081829
1629742539000,0.0
1629742569000,0.0
1629742599000,0.0
1629742629000,0.0
1629742659000,0.0
1629742689000,0.0
1629742719000,0.0
1629742749000,0.0
1629742779000,0.0
1629742809000,0.0006045949214026603
1629742839000,0.0006157635467980296
1629742869000,0.0006035003017501509
1629742899000,0.0006119951040391675
1629742929000,0.0
1629742959000,0.0
1629742989000,0.0
1629743019000,0.0
1629743049000,0.0
1629743079000,0.0
1629743109000,0.0
1629743139000,0.0
1629743169000,0.0
1629743199000,0.0005959475566150177
1629743229000,0.0
1629743259000,0.0005955926146515784
1629743289000,0.0
1629743319000,0.0006093845216331506
1629743349000,0.0
1629743379000,0.0
1629743409000,0.0006038647342995169
1629743439000,0.0012084592145015106
1629743469000,0.0
1629743499000,0.0006150061500615006
1629743529000,0.0006157635467980296
1629743559000,0.0
1629743589000,0.0
1629743619000,0.0
1629743649000,0.0006184291898577612
1629743679000,0.0005991611743559018
1629743709000,0.0
1629743739000,0.0
1629743769000,0.0
1629743799000,0.0006093845216331506
1629743829000,0.0
1629743859000,0.0
1629743889000,0.0
1629743919000,0.0005913660555884093
1629743949000,0.0
1629743979000,0.0
1629744009000,0.0
1629744039000,0.0
1629744069000,0.0
1629744099000,0.0
1629744129000,0.0006153846153846153
1629744159000,0.0005847953216374268
1629744189000,0.0
1629744219000,0.0006093845216331506
1629744249000,0.0
1629744279000,0.0
1629744309000,0.0
1629744339000,0.0
1629744369000,0.0006053268765133173
1629744399000,0.0
1629744429000,0.0005998800239952009
1629744459000,0.0
1629744489000,0.0006101281269066504
1629744519000,0.0
1629744549000,0.0
1629744579000,0.0006016847172081829
1629744609000,0.0
1629744639000,0.0
1629744669000,0.0
1629744699000,0.0006172839506172839
1629744729000,0.0006045949214026603
1629744759000,0.0
1629744789000,0.0
1629744819000,0.0
1629744849000,0.0
1629744879000,0.0
1629744909000,0.0
1629744939000,0.0
1629744969000,0.0
1629744999000,0.0
1629745029000,0.0005984440454817473
1629745059000,0.0006105006105006105
1629745089000,0.0
1629745119000,0.0006127450980392157
1629745149000,0.0
1629745179000,0.0
1629745209000,0.0
1629745239000,0.0
1629745269000,0.0006165228113440197
1629745299000,0.0006153846153846153
1629745329000,0.0006079027355623102
1629745359000,0.0
1629745389000,0.0
1629745419000,0.0
1629745449000,0.0005973715651135006
1629745479000,0.0
1629745509000,0.0
1629745539000,0.0
1629745569000,0.0
1629745599000,0.0
1629745629000,0.0
1629745659000,0.0
1629745689000,0.0
1629745719000,0.0
1629745749000,0.0
1629745779000,0.0006127450980392157
1629745809000,0.0
1629745839000,0.0
1629745869000,0.0
1629745899000,0.0
1629745929000,0.0
1629745959000,0.0
1629745989000,0.0
1629746019000,0.0
1629746049000,0.0
1629746079000,0.0
1629746109000,0.0006020469596628537
1629746139000,0.0
1629746169000,0.0
1629746199000,0.0005980861244019139
1629746229000,0.0
1629746259000,0.0012232415902140672
1629746289000,0.0
1629746319000,0.0
1629746349000,0.0
1629746379000,0.0
1629746409000,0.0
1629746439000,0.0006082725060827251
1629746469000,0.0
1629746499000,0.0
1629746529000,0.0
1629746559000,0.0
1629746589000,0.0
1629746619000,0.0
1629746649000,0.0
1629746679000,0.0
1629746709000,0.0
1629746739000,0.0
1629746769000,0.0
1629746799000,0.0
1629746829000,0.0006079027355623102
1629746859000,0.0
1629746889000,0.0
1629746919000,0.0
1629746949000,0.0
1629746979000,0.0
1629747009000,0.0
1629747039000,0.0
1629747069000,0.0011820330969267141
1629747099000,0.0
1629747129000,0.0
1629747159000,0.0
1629747189000,0.0
1629747219000,0.0
1629747249000,0.0006116207951070336
1629747279000,0.0
1629747309000,0.0006116207951070336
1629747339000,0.0
1629747369000,0.0
1629747399000,0.0
1629747429000,0.0
1629747459000,0.0
1629747489000,0.0006101281269066504
1629747519000,0.0005980861244019139
1629747549000,0.0
1629747579000,0.0
1629747609000,0.0
1629747639000,0.0
1629747669000,0.0006027727546714887
1629747699000,0.0006045949214026603
1629747729000,0.0
1629747759000,0.0
1629747789000,0.0
1629747819000,0.0
1629747849000,0.0
1629747879000,0.0006064281382656155
1629747909000,0.0
1629747939000,0.0
1629747969000,0.0
1629747999000,0.0
1629748029000,0.0006199628022318662
1629748059000,0.0005963029218843173
1629748089000,0.0
1629748119000,0.0
1629748149000,0.0
1629748179000,0.0006093845216331506
1629748209000,0.0
1629748239000,0.0006067961165048543
1629748269000,0.0006157635467980296
1629748299000,0.0006006006006006006
1629748329000,0.0
1629748359000,0.0
1629748389000,0.0
1629748419000,0.0005973715651135006
1629748449000,0.0
1629748479000,0.0
1629748509000,0.0
1629748539000,0.0
1629748569000,0.0
1629748599000,0.0005984440454817473
1629748629000,0.0
1629748659000,0.0006123698714023269
1629748689000,0.0
1629748719000,0.0006134969325153375
1629748749000,0.0
1629748779000,0.0
1629748809000,0.0
1629748839000,0.0
1629748869000,0.0
1629748899000,0.0
1629748929000,0.0005973715651135006
1629748959000,0.0
1629748989000,0.0006064281382656155
1629749019000,0.0
1629749049000,0.0005952380952380952
1629749079000,0.0
1629749109000,0.0
1629749139000,0.0
1629749169000,0.0
1629749199000,0.0006056935190793457
1629749229000,0.0
1629749259000,0.0006024096385542169
1629749289000,0.0
1629749319000,0.0
1629749349000,0.0
1629749379000,0.0
1629749409000,0.0
1629749439000,0.0006056935190793457
1629749469000,0.0
1629749499000,0.0
1629749529000,0.0006056935190793457
1629749559000,0.0005934718100890207
1629749589000,0.0
1629749619000,0.0
1629749649000,0.0
1629749679000,0.0
1629749709000,0.0
1629749739000,0.0
1629749769000,0.0
1629749799000,0.0005998800239952009
1629749829000,0.0
1629749859000,0.0
1629749889000,0.0
1629749919000,0.0
1629749949000,0.0
1629749979000,0.0
1629750009000,0.0
1629750039000,0.0
1629750069000,0.0
1629750099000,0.0
1629750129000,0.0
1629750159000,0.0
1629750189000,0.0006082725060827251
1629750219000,0.0
1629750249000,0.0
1629750279000,0.0
1629750309000,0.0006020469596628537
1629750339000,0.0
1629750369000,0.0
1629750399000,0.0
1629750429000,0.0
1629750459000,0.0
1629750489000,0.0
1629750519000,0.0
1629750549000,0.0
1629750579000,0.0
1629750609000,0.0006067961165048543
1629750639000,0.0006020469596628537
1629750669000,0.0
1629750699000,0.0
1629750729000,0.0005952380952380952
1629750759000,0.0006045949214026603
1629750789000,0.0
1629750819000,0.0011983223487118035
1629750849000,0.0
1629750879000,0.0006053268765133173
1629750909000,0.0
1629750939000,0.0006165228113440197
1629750969000,0.0
1629750999000,0.0006053268765133173
1629751029000,0.0
1629751059000,0.0
1629751089000,0.0
1629751119000,0.0
1629751149000,0.0
1629751179000,0.0
1629751209000,0.0005938242280285036
1629751239000,0.0
1629751269000,0.0
1629751299000,0.0005924170616113746
1629751329000,0.0
1629751359000,0.0006101281269066504
1629751389000,0.0
1629751419000,0.0005945303210463732
1629751449000,0.0
1629751479000,0.0
1629751509000,0.0
1629751539000,0.0
1629751569000,0.0
1629751599000,0.0
1629751629000,0.0
1629751659000,0.0
1629751689000,0.0
1629751719000,0.0
1629751749000,0.0005984440454817473
1629751779000,0.0006146281499692684
1629751809000,0.0006199628022318662
1629751839000,0.0005973715651135006
1629751869000,0.0
1629751899000,0.0
1629751929000,0.0
1629751959000,0.0
1629751989000,0.0
1629752019000,0.0
1629752049000,0.0
1629752079000,0.0
1629752109000,0.0
1629752139000,0.0
1629752169000,0.0
1629752199000,0.0006056935190793457
1629752229000,0.0
1629752259000,0.0
1629752289000,0.0
1629752319000,0.0
1629752349000,0.0
1629752379000,0.0
1629752409000,0.0
1629752439000,0.0
1629752469000,0.0
1629752499000,0.0012217470983506415
1629752529000,0.0
1629752559000,0.0
1629752589000,0.0
1629752619000,0.0006035003017501509
1629752649000,0.0
1629752679000,0.0
1629752709000,0.0
1629752739000,0.0
1629752769000,0.0006146281499692684
1629752799000,0.0
1629752829000,0.0
1629752859000,0.0006016847172081829
1629752889000,0.0
1629752919000,0.0
1629752949000,0.0006075334143377885
1629752979000,0.0006027727546714887
1629753009000,0.0
1629753039000,0.0
1629753069000,0.0
1629753099000,0.0
1629753129000,0.0
1629753159000,0.0
1629753189000,0.0
1629753219000,0.0
1629753249000,0.0
1629753279000,0.0
1629753309000,0.0
1629753339000,0.0
1629753369000,0.0006101281269066504
1629753399000,0.0006045949214026603
1629753429000,0.0
1629753459000,0.0
1629753489000,0.0
1629753519000,0.0006027727546714887
1629753549000,0.0
1629753579000,0.0006105006105006105
1629753609000,0.0006049606775559589
1629753639000,0.0
1629753669000,0.0006053268765133173
1629753699000,0.0
1629753729000,0.0
1629753759000,0.0005984440454817473
1629753789000,0.0
1629753819000,0.0
1629753849000,0.0006013229104028864
1629753879000,0.0006165228113440197
1629753909000,0.0006153846153846153
1629753939000,0.0
1629753969000,0.0
1629753999000,0.0006024096385542169
1629754029000,0.0
1629754059000,0.0
1629754089000,0.0
1629754119000,0.0006101281269066504
1629754149000,0.0
1629754179000,0.0
1629754209000,0.0006112469437652813
1629754239000,0.0
1629754269000,0.0
1629754299000,0.0
1629754329000,0.0
1629754359000,0.0
1629754389000,0.0
1629754419000,0.0005896226415094339
1629754449000,0.0
1629754479000,0.0
1629754509000,0.0006053268765133173
1629754539000,0.0
1629754569000,0.0
1629754599000,0.0
1629754629000,0.0005899705014749262
1629754659000,0.0
1629754689000,0.000585480093676815
1629754719000,0.0
1629754749000,0.0006071645415907711
1629754779000,0.0
1629754809000,0.0
1629754839000,0.0
1629754869000,0.0
1629754899000,0.0
1629754929000,0.0006086427267194157
1629754959000,0.0
1629754989000,0.0
1629755019000,0.0006112469437652813
1629755049000,0.0
1629755079000,0.0
1629755109000,0.0
1629755139000,0.0
1629755169000,0.0005834305717619603
1629755199000,0.0005977286312014345
1629755229000,0.0006116207951070336
1629755259000,0.0006056935190793457
1629755289000,0.0
1629755319000,0.0
1629755349000,0.0
1629755379000,0.0006053268765133173
1629755409000,0.0
1629755439000,0.0
1629755469000,0.0005991611743559018
1629755499000,0.0006042296072507553
1629755529000,0.0
1629755559000,0.0
1629755589000,0.0006009615384615385
1629755619000,0.0
1629755649000,0.0
1629755679000,0.0
1629755709000,0.0
1629755739000,0.0
1629755769000,0.0006161429451632778
1629755799000,0.0
1629755829000,0.0006234413965087283
1629755859000,0.0005984440454817473
1629755889000,0.0
1629755919000,0.0
1629755949000,0.0
1629755979000,0.0006056935190793457
1629756009000,0.0006056935190793457
1629756039000,0.0006027727546714887
1629756069000,0.0006024096385542169
1629756099000,0.0
1629756129000,0.0006119951040391675
1629756159000,0.0
1629756189000,0.0
1629756219000,0.0005934718100890207
1629756249000,0.0
1629756279000,0.0
1629756309000,0.0006049606775559589
1629756339000,0.0
1629756369000,0.0006035003017501509
1629756399000,0.0
1629756429000,0.0
1629756459000,0.0
1629756489000,0.0006101281269066504
1629756519000,0.0005927682276229994
1629756549000,0.0
1629756579000,0.0
1629756609000,0.0
1629756639000,0.0
1629756669000,0.0
1629756699000,0.0
1629756729000,0.0
1629756759000,0.0
1629756789000,0.0006123698714023269
1629756819000,0.0005945303210463732
1629756849000,0.0
1629756879000,0.0
1629756909000,0.0
1629756939000,0.0
1629756969000,0.0
1629756999000,0.0
1629757029000,0.0006153846153846153
1629757059000,0.0
1629757089000,0.0
1629757119000,0.0006049606775559589
1629757149000,0.0
1629757179000,0.0
1629757209000,0.0
1629757239000,0.0
1629757269000,0.0
1629757299000,0.0005948839976204639
1629757329000,0.0
1629757359000,0.0
1629757389000,0.0
1629757419000,0.0006071645415907711
1629757449000,0.0
1629757479000,0.0
1629757509000,0.0
1629757539000,0.0
1629757569000,0.0
1629757599000,0.0
1629757629000,0.0
1629757659000,0.0006049606775559589
1629757689000,0.0006082725060827251
1629757719000,0.0
1629757749000,0.0
1629757779000,0.0006016847172081829
1629757809000,0.0
1629757839000,0.0
1629757869000,0.0
1629757899000,0.0
1629757929000,0.0006020469596628537
1629757959000,0.0
1629757989000,0.0006101281269066504
1629758019000,0.0
1629758049000,0.0006165228113440197
1629758079000,0.0006060606060606062
1629758109000,0.0005834305717619603
1629758139000,0.0
1629758169000,0.0
1629758199000,0.0
1629758229000,0.0006002400960384152
1629758259000,0.0
1629758289000,0.0006016847172081829
1629758319000,0.0005934718100890207
1629758349000,0.0005934718100890207
1629758379000,0.0
1629758409000,0.0
1629758439000,0.0006031363088057902
1629758469000,0.0
1629758499000,0.0
1629758529000,0.0
1629758559000,0.0
1629758589000,0.0
1629758619000,0.0
1629758649000,0.0
1629758679000,0.0
1629758709000,0.0
1629758739000,0.0
1629758769000,0.0
1629758799000,0.0
1629758829000,0.0006082725060827251
1629758859000,0.0006013229104028864
1629758889000,0.0006067961165048543
1629758919000,0.0006024096385542169
1629758949000,0.0
1629758979000,0.0
1629759009000,0.0
1629759039000,0.0
1629759069000,0.0
1629759099000,0.0006086427267194157
1629759129000,0.0
1629759159000,0.0
1629759189000,0.0005980861244019139
1629759219000,0.0005980861244019139
1629759249000,0.0
1629759279000,0.0
1629759309000,0.0
1629759339000,0.0
1629759369000,0.0006191950464396285
1629759399000,0.0005966587112171838
1629759429000,0.0006142506142506142
1629759459000,0.0
1629759489000,0.0006093845216331506
1629759519000,0.0
1629759549000,0.0006016847172081829
1629759579000,0.0
1629759609000,0.0006042296072507553
1629759639000,0.0
1629759669000,0.0005966587112171838
1629759699000,0.0
1629759729000,0.0006108735491753207
1629759759000,0.0
1629759789000,0.0006097560975609756
1629759819000,0.0
1629759849000,0.0
1629759879000,0.0
1629759909000,0.0
1629759939000,0.0
1629759969000,0.0
1629759999000,0.0
1629760029000,0.0006079027355623102
1629760059000,0.0005892751915144372
1629760089000,0.0
1629760119000,0.0
1629760149000,0.0005963029218843173
1629760179000,0.0
1629760209000,0.0
1629760239000,0.0006064281382656155
1629760269000,0.0
1629760299000,0.0
1629760329000,0.0006131207847946045
1629760359000,0.0
1629760389000,0.0006153846153846153
1629760419000,0.0
1629760449000,0.0
1629760479000,0.0005998800239952009
1629760509000,0.0
1629760539000,0.0
1629760569000,0.0005955926146515784
1629760599000,0.0
1629760629000,0.0
1629760659000,0.0
1629760689000,0.0
1629760719000,0.0
1629760749000,0.0
1629760779000,0.0006060606060606062
1629760809000,0.0
1629760839000,0.0
1629760869000,0.0
1629760899000,0.0
1629760929000,0.0
1629760959000,0.0006049606775559589
1629760989000,0.0
1629761019000,0.0
1629761049000,0.0
1629761079000,0.0
1629761109000,0.0
1629761139000,0.0
1629761169000,0.0
1629761199000,0.0
1629761229000,0.0005977286312014345
1629761259000,0.0
1629761289000,0.0
1629761319000,0.0
1629761349000,0.0006116207951070336
1629761379000,0.0
1629761409000,0.0
1629761439000,0.0006056935190793457
1629761469000,0.0
1629761499000,0.0
1629761529000,0.0006045949214026603
1629761559000,0.0
1629761589000,0.0
1629761619000,0.0
1629761649000,0.0
1629761679000,0.0
1629761709000,0.0
1629761739000,0.0006071645415907711
1629761769000,0.0
1629761799000,0.0
1629761829000,0.001221001221001221
1629761859000,0.0006013229104028864
1629761889000,0.0006045949214026603
1629761919000,0.0
1629761949000,0.0005952380952380952
1629761979000,0.0006146281499692684
1629762009000,0.0
1629762039000,0.0
1629762069000,0.0
1629762099000,0.0
1629762129000,0.0
1629762159000,0.0
1629762189000,0.0
1629762219000,0.0006042296072507553
1629762249000,0.0
1629762279000,0.0
1629762309000,0.0
1629762339000,0.0
1629762369000,0.0
1629762399000,0.0
1629762429000,0.0
1629762459000,0.0006116207951070336
1629762489000,0.0
1629762519000,0.0
1629762549000,0.0
1629762579000,0.0006146281499692684
1629762609000,0.0
1629762639000,0.0
1629762669000,0.0
1629762699000,0.0
1629762729000,0.0
1629762759000,0.0006009615384615385
1629762789000,0.0
1629762819000,0.0
1629762849000,0.0005913660555884093
1629762879000,0.0
1629762909000,0.0
1629762939000,0.0
1629762969000,0.0
1629762999000,0.0006108735491753207
1629763029000,0.0
1629763059000,0.0
1629763089000,0.0006134969325153375
1629763119000,0.0
1629763149000,0.0
1629763179000,0.0006006006006006006
1629763209000,0.0
1629763239000,0.0006153846153846153
1629763269000,0.0
1629763299000,0.0
1629763329000,0.0006006006006006006
1629763359000,0.0
1629763389000,0.0
1629763419000,0.0
1629763449000,0.0006176652254478072
1629763479000,0.0
1629763509000,0.0011947431302270011
1629763539000,0.0
1629763569000,0.0006116207951070336
1629763599000,0.0
1629763629000,0.0006009615384615385
1629763659000,0.0
1629763689000,0.0006049606775559589
1629763719000,0.0006082725060827251
1629763749000,0.0011968880909634947
1629763779000,0.0
1629763809000,0.0
1629763839000,0.0
1629763869000,0.0005970149253731342
1629763899000,0.0
1629763929000,0.0
1629763959000,0.0
1629763989000,0.0
1629764019000,0.0
1629764049000,0.0
1629764079000,0.0
1629764109000,0.0005948839976204639
1629764139000,0.0006067961165048543
1629764169000,0.0
1629764199000,0.0006060606060606062
1629764229000,0.0
1629764259000,0.0
1629764289000,0.0
1629764319000,0.0
1629764349000,0.0
1629764379000,0.0
1629764409000,0.0006097560975609756
1629764439000,0.0006075334143377885
1629764469000,0.0
1629764499000,0.0
1629764529000,0.0
1629764559000,0.0006056935190793457
1629764589000,0.0
1629764619000,0.0006016847172081829
1629764649000,0.0
1629764679000,0.0
1629764709000,0.0
1629764739000,0.0006142506142506142
1629764769000,0.0
1629764799000,0.0
1629764829000,0.0
1629764859000,0.0
1629764889000,0.0
1629764919000,0.0
1629764949000,0.0
1629764979000,0.0
1629765009000,0.0
1629765039000,0.0
1629765069000,0.0
1629765099000,0.0
1629765129000,0.0
1629765159000,0.0006045949214026603
1629765189000,0.0006024096385542169
1629765219000,0.0012217470983506415
1629765249000,0.0
1629765279000,0.0005973715651135006
1629765309000,0.0006138735420503376
1629765339000,0.0
1629765369000,0.0
1629765399000,0.0
1629765429000,0.0
1629765459000,0.0
1629765489000,0.0005959475566150177
1629765519000,0.0006131207847946045
1629765549000,0.0
1629765579000,0.0006038647342995169
1629765609000,0.0
1629765639000,0.0006024096385542169
1629765669000,0.0
1629765699000,0.0006176652254478072
1629765729000,0.0006082725060827251
1629765759000,0.0
1629765789000,0.0
1629765819000,0.0
1629765849000,0.0
1629765879000,0.0
1629765909000,0.0
1629765939000,0.0
1629765969000,0.0
1629765999000,0.0
1629766029000,0.0
1629766059000,0.0
1629766089000,0.0006090133982947625
1629766119000,0.0006009615384615385
1629766149000,0.0
1629766179000,0.0006038647342995169
1629766209000,0.0
1629766239000,0.0
1629766269000,0.0
1629766299000,0.0
1629766329000,0.0
1629766359000,0.0005984440454817473
1629766389000,0.0
1629766419000,0.0006006006006006006
1629766449000,0.0005945303210463732
1629766479000,0.0006045949214026603
1629766509000,0.0
1629766539000,0.0
1629766569000,0.0
1629766599000,0.0
1629766629000,0.0
1629766659000,0.0
1629766689000,0.0006123698714023269
1629766719000,0.0
1629766749000,0.0
1629766779000,0.0
1629766809000,0.0
1629766839000,0.0
1629766869000,0.0
1629766899000,0.0
1629766929000,0.0006042296072507553
1629766959000,0.0006161429451632778
1629766989000,0.0006027727546714887
1629767019000,0.0
1629767049000,0.001195457262402869
1629767079000,0.0
1629767109000,0.0006031363088057902
1629767139000,0.0
1629767169000,0.0
1629767199000,0.0
1629767229000,0.0
1629767259000,0.0006024096385542169
1629767289000,0.0006134969325153375
1629767319000,0.0
1629767349000,0.0006079027355623102
1629767379000,0.0005952380952380952
1629767409000,0.0
1629767439000,0.0005927682276229994
1629767469000,0.0
1629767499000,0.0
1629767529000,0.0
1629767559000,0.0012070006035003018
1629767589000,0.0
1629767619000,0.0
1629767649000,0.0006049606775559589
1629767679000,0.0
1629767709000,0.0
1629767739000,0.0005988023952095807
1629767769000,0.0
1629767799000,0.0
1629767829000,0.0
1629767859000,0.0006002400960384152
1629767889000,0.0005966587112171838
1629767919000,0.0005945303210463732
1629767949000,0.0006038647342995169
1629767979000,0.0
1629768009000,0.0
1629768039000,0.0
1629768069000,0.0
1629768099000,0.0
1629768129000,0.0
1629768159000,0.0
1629768189000,0.0
1629768219000,0.0
1629768249000,0.0006188118811881187
1629768279000,0.0
1629768309000,0.0006150061500615006
1629768339000,0.0
1629768369000,0.0
1629768399000,0.0
1629768429000,0.0
1629768459000,0.0
1629768489000,0.0
1629768519000,0.0006042296072507553
1629768549000,0.0
1629768579000,0.0006064281382656155
1629768609000,0.0
1629768639000,0.0
1629768669000,0.0
1629768699000,0.0006134969325153375
1629768729000,0.0
1629768759000,0.0006053268765133173
1629768789000,0.0
1629768819000,0.0006165228113440197
1629768849000,0.0006049606775559589
1629768879000,0.0
1629768909000,0.0
1629768939000,0.0006067961165048543
1629768969000,0.0
1629768999000,0.0011997600479904018
1629769029000,0.0
1629769059000,0.0
1629769089000,0.0
1629769119000,0.0
1629769149000,0.0006090133982947625
1629769179000,0.0
1629769209000,0.0
1629769239000,0.0
1629769269000,0.0
1629769299000,0.0
1629769329000,0.0
1629769359000,0.000588235294117647
1629769389000,0.0
1629769419000,0.0
1629769449000,0.0
1629769479000,0.0
1629769509000,0.0
1629769539000,0.0006027727546714887
1629769569000,0.0
1629769599000,0.0
1629769629000,0.0
1629769659000,0.0
1629769689000,0.0
1629769719000,0.0
1629769749000,0.0006053268765133173
1629769779000,0.0006060606060606062
1629769809000,0.0
1629769839000,0.0
1629769869000,0.0
1629769899000,0.0
1629769929000,0.0006203473945409428
1629769959000,0.0006142506142506142
1629769989000,0.0
1629770019000,0.0
1629770049000,0.0
1629770079000,0.0
1629770109000,0.0006071645415907711
1629770139000,0.0
1629770169000,0.0
1629770199000,0.0
1629770229000,0.0006086427267194157
1629770259000,0.0006013229104028864
1629770289000,0.0
1629770319000,0.0
1629770349000,0.0
1629770379000,0.0
1629770409000,0.0
1629770439000,0.0
1629770469000,0.0
1629770499000,0.0006056935190793457
1629770529000,0.0
1629770559000,0.0006002400960384152
1629770589000,0.0
1629770619000,0.0
1629770649000,0.0
1629770679000,0.0
1629770709000,0.0
1629770739000,0.0
1629770769000,0.0006035003017501509
1629770799000,0.0
1629770829000,0.0
1629770859000,0.0006184291898577612
1629770889000,0.0
1629770919000,0.0
1629770949000,0.0
1629770979000,0.0
1629771009000,0.0
1629771039000,0.0
1629771069000,0.0
1629771099000,0.0
1629771129000,0.0
1629771159000,0.0
1629771189000,0.0
1629771219000,0.0
1629771249000,0.0
1629771279000,0.0006064281382656155
1629771309000,0.0005952380952380952
1629771339000,0.0
1629771369000,0.0
1629771399000,0.0
1629771429000,0.0
1629771459000,0.0005847953216374268
1629771489000,0.0
1629771519000,0.0006064281382656155
1629771549000,0.0
1629771579000,0.0006127450980392157
1629771609000,0.0
1629771639000,0.0
1629771669000,0.0
1629771699000,0.0005955926146515784
1629771729000,0.0005973715651135006
1629771759000,0.0
1629771789000,0.0
1629771819000,0.0006064281382656155
1629771849000,0.0
1629771879000,0.0
1629771909000,0.0005998800239952009
1629771939000,0.0
1629771969000,0.0
1629771999000,0.0
1629772029000,0.0
1629772059000,0.0005959475566150177
1629772089000,0.0
1629772119000,0.0
1629772149000,0.0
1629772179000,0.0
1629772209000,0.0
1629772239000,0.0
1629772269000,0.0
1629772299000,0.0
1629772329000,0.0006067961165048543
1629772359000,0.0005998800239952009
1629772389000,0.0006134969325153375
1629772419000,0.0
1629772449000,0.0
1629772479000,0.0006188118811881187
1629772509000,0.0005995203836930455
1629772539000,0.0
1629772569000,0.0
1629772599000,0.0
1629772629000,0.0
1629772659000,0.0
1629772689000,0.0
1629772719000,0.0
1629772749000,0.0005970149253731342
1629772779000,0.0
1629772809000,0.0
1629772839000,0.0006013229104028864
1629772869000,0.0012232415902140672
1629772899000,0.0
1629772929000,0.0
1629772959000,0.0005959475566150177
1629772989000,0.0006079027355623102
1629773019000,0.0
1629773049000,0.0
1629773079000,0.0
1629773109000,0.0011997600479904018
1629773139000,0.0
1629773169000,0.0
1629773199000,0.0
1629773229000,0.0
1629773259000,0.0
1629773289000,0.0
1629773319000,0.0006138735420503376
1629773349000,0.0006042296072507553
1629773379000,0.0
1629773409000,0.0
1629773439000,0.0
1629773469000,0.0
1629773499000,0.0005998800239952009
1629773529000,0.0
1629773559000,0.0
1629773589000,0.0
1629773619000,0.0
1629773649000,0.0
1629773679000,0.0
1629773709000,0.0005970149253731342
1629773739000,0.0
1629773769000,0.0
1629773799000,0.0
1629773829000,0.0
1629773859000,0.0005931198102016608
1629773889000,0.0
1629773919000,0.0006024096385542169
1629773949000,0.0
1629773979000,0.0006123698714023269
1629774009000,0.0
1629774039000,0.0
1629774069000,0.0
1629774099000,0.0
1629774129000,0.0
1629774159000,0.0
1629774189000,0.0
1629774219000,0.0
1629774249000,0.0
1629774279000,0.0
1629774309000,0.0
1629774339000,0.0
1629774369000,0.0
1629774399000,0.0006009615384615385
1629774429000,0.0
1629774459000,0.0
1629774489000,0.0006060606060606062
1629774519000,0.0
1629774549000,0.0
1629774579000,0.0
1629774609000,0.0005927682276229994
1629774639000,0.0
1629774669000,0.0006108735491753207
1629774699000,0.0006002400960384152
1629774729000,0.0
1629774759000,0.0
1629774789000,0.0
1629774819000,0.0005977286312014345
1629774849000,0.0006079027355623102
1629774879000,0.0
1629774909000,0.0
1629774939000,0.0
1629774969000,0.0
1629774999000,0.0006038647342995169
1629775029000,0.0
1629775059000,0.0006079027355623102
1629775089000,0.0006038647342995169
1629775119000,0.0
1629775149000,0.0
1629775179000,0.0
1629775209000,0.0006093845216331506
1629775239000,0.0
1629775269000,0.0006056935190793457
1629775299000,0.0
1629775329000,0.0
1629775359000,0.0
1629775389000,0.0
1629775419000,0.0
1629775449000,0.0006075334143377885
1629775479000,0.0
1629775509000,0.0
1629775539000,0.0006006006006006006
1629775569000,0.0
1629775599000,0.0
1629775629000,0.0006108735491753207
1629775659000,0.0
1629775659000,0.0
1629775659000,0.0
1629775689000,0.0006067961165048543
1629775719000,0.0
1629775749000,0.0
1629775779000,0.0
1629775809000,0.0
1629775839000,0.0
1629775869000,0.0006127450980392157
1629775899000,0.0006157635467980296
1629775929000,0.0
1629775959000,0.0
1629775989000,0.0005980861244019139
1629776019000,0.0
1629776049000,0.0005977286312014345
1629776079000,0.0
1629776109000,0.0
1629776139000,0.0
1629776169000,0.0
1629776199000,0.0
1629776229000,0.0
1629776259000,0.0006071645415907711
1629776289000,0.0
1629776319000,0.0006138735420503376
1629776349000,0.0006024096385542169
1629776379000,0.0005980861244019139
1629776409000,0.0
1629776439000,0.0
1629776469000,0.0
1629776499000,0.0
1629776529000,0.0
1629776559000,0.0
1629776589000,0.0006119951040391675
1629776619000,0.0
1629776649000,0.0
1629776679000,0.0
1629776709000,0.0006105006105006105
1629776739000,0.0
1629776769000,0.0
1629776799000,0.0
1629776829000,0.0006195786864931846
1629776859000,0.0006067961165048543
1629776889000,0.0
1629776919000,0.0006165228113440197
1629776949000,0.0006027727546714887
1629776979000,0.0
1629777009000,0.0
1629777039000,0.0
1629777069000,0.0
1629777099000,0.0005948839976204639
1629777129000,0.0005924170616113746
1629777159000,0.0006075334143377885
1629777189000,0.0
1629777219000,0.0006006006006006006
1629777249000,0.0
1629777279000,0.0
1629777309000,0.0
1629777339000,0.0006049606775559589
1629777369000,0.0006024096385542169
1629777399000,0.0
1629777429000,0.0
1629777459000,0.0006013229104028864
1629777489000,0.0
1629777519000,0.0005889281507656067
1629777549000,0.0
1629777579000,0.0
1629777609000,0.0
1629777639000,0.0
1629777669000,0.0006161429451632778
1629777699000,0.0
1629777729000,0.0
1629777759000,0.0
1629777789000,0.0
1629777819000,0.0
1629777849000,0.0006101281269066504
1629777879000,0.0
1629777909000,0.0
1629777939000,0.0
1629777969000,0.0
1629777999000,0.0
1629778029000,0.0
1629778059000,0.0
1629778089000,0.0
1629778119000,0.0
1629778149000,0.0
1629778179000,0.0005988023952095807
1629778209000,0.0
1629778239000,0.0
1629778269000,0.0006101281269066504
1629778299000,0.0
1629778329000,0.0
1629778359000,0.0
1629778389000,0.0
1629778419000,0.0
1629778449000,0.0006101281269066504
1629778479000,0.0006038647342995169
1629778509000,0.0005998800239952009
1629778539000,0.0
1629778569000,0.0006101281269066504
1629778599000,0.0
1629778629000,0.0
1629778659000,0.0006031363088057902
1629778689000,0.0006024096385542169
1629778719000,0.0
1629778749000,0.0
1629778779000,0.0005995203836930455
1629778809000,0.0
1629778839000,0.0006142506142506142
1629778869000,0.0
1629778899000,0.0
1629778929000,0.0005991611743559018
1629778959000,0.0006031363088057902
1629778989000,0.0
1629779019000,0.0
1629779049000,0.0006188118811881187
1629779079000,0.0
1629779109000,0.0
1629779139000,0.0
1629779169000,0.0
1629779199000,0.0
1629779229000,0.0
1629779259000,0.0
1629779289000,0.0006016847172081829
1629779319000,0.0
1629779349000,0.0
1629779379000,0.0006060606060606062
1629779409000,0.0
1629779439000,0.0
1629779469000,0.0005977286312014345
1629779499000,0.0005970149253731342
1629779529000,0.0
1629779559000,0.0005998800239952009
1629779589000,0.0005980861244019139
1629779619000,0.0
1629779649000,0.0
1629779679000,0.0
1629779709000,0.0
1629779739000,0.0005865102639296188
1629779769000,0.0
1629779799000,0.0006056935190793457
1629779829000,0.0006016847172081829
1629779859000,0.0
1629779889000,0.0006150061500615006
1629779919000,0.0006045949214026603
1629779949000,0.0
1629779979000,0.0
1629780009000,0.0
1629780039000,0.0
1629780069000,0.0
1629780099000,0.0006119951040391675
1629780129000,0.0
1629780159000,0.0
1629780189000,0.0006134969325153375
1629780219000,0.0
1629780249000,0.0006153846153846153
1629780279000,0.0
1629780309000,0.0006157635467980296
1629780339000,0.0
1629780369000,0.0006215040397762585
1629780399000,0.0005924170616113746
1629780429000,0.0006116207951070336
1629780459000,0.0005917159763313611
1629780489000,0.0
1629780519000,0.0
1629780549000,0.0
1629780579000,0.0
1629780609000,0.0
1629780639000,0.0005959475566150177
1629780669000,0.0
1629780699000,0.0
1629780729000,0.0
1629780759000,0.0
1629780789000,0.0005910165484633571
1629780819000,0.0
1629780849000,0.0
1629780879000,0.0
1629780909000,0.0
1629780939000,0.0
1629780969000,0.0
1629780999000,0.0
1629781029000,0.0
1629781059000,0.0
1629781089000,0.0
1629781119000,0.0
1629781149000,0.0005980861244019139
1629781179000,0.0
1629781209000,0.0
1629781239000,0.0005970149253731342
1629781269000,0.0
1629781299000,0.0
1629781329000,0.0
1629781359000,0.0
1629781389000,0.0006119951040391675
1629781419000,0.0
1629781449000,0.0
1629781479000,0.0011897679952409279
1629781509000,0.0
1629781539000,0.0
1629781569000,0.0
1629781599000,0.0
1629781629000,0.0
1629781659000,0.0
1629781689000,0.0
1629781719000,0.0
1629781749000,0.0
1629781779000,0.0
1629781809000,0.0
1629781839000,0.0
1629781869000,0.0
1629781899000,0.0
1629781929000,0.0
1629781959000,0.0
1629781989000,0.0
1629782019000,0.0006090133982947625
1629782049000,0.0
1629782079000,0.0
1629782109000,0.0
1629782139000,0.0006101281269066504
1629782169000,0.0
1629782199000,0.0
1629782229000,0.0
1629782259000,0.0
1629782289000,0.0
1629782319000,0.0
1629782349000,0.0
1629782379000,0.0
1629782409000,0.0
1629782439000,0.0
1629782469000,0.0006176652254478072
1629782499000,0.0005984440454817473
1629782529000,0.0
1629782559000,0.0
1629782589000,0.0
1629782619000,0.0
1629782649000,0.0
1629782679000,0.0
1629782709000,0.0
1629782739000,0.0
1629782769000,0.0006024096385542169
1629782799000,0.0
1629782829000,0.0
1629782859000,0.0
1629782889000,0.0
1629782919000,0.0
1629782949000,0.0005995203836930455
1629782979000,0.0
1629783009000,0.0006075334143377885
1629783039000,0.0
1629783069000,0.0
1629783099000,0.0006134969325153375
1629783129000,0.0006138735420503376
1629783159000,0.0
1629783189000,0.0
1629783219000,0.0
1629783249000,0.0006157635467980296
1629783279000,0.0
1629783309000,0.0
1629783339000,0.0
1629783369000,0.0
1629783399000,0.0006101281269066504
1629783429000,0.0
1629783459000,0.0
1629783489000,0.0
1629783519000,0.0
1629783549000,0.0
1629783579000,0.0
1629783609000,0.0006038647342995169
1629783639000,0.0
1629783669000,0.0
1629783699000,0.0
1629783729000,0.0006027727546714887
1629783759000,0.0
1629783789000,0.0005948839976204639
1629783819000,0.0
1629783849000,0.0006049606775559589
1629783879000,0.0
1629783909000,0.0
1629783939000,0.0
1629783969000,0.0006123698714023269
1629783999000,0.0
1629784029000,0.0
1629784059000,0.0
1629784089000,0.0006119951040391675
1629784119000,0.0
1629784149000,0.0005988023952095807
1629784179000,0.0
1629784209000,0.0
1629784239000,0.0005995203836930455
1629784269000,0.0006215040397762585
1629784299000,0.0005970149253731342
1629784329000,0.0
1629784359000,0.0006006006006006006
1629784389000,0.0006045949214026603
1629784419000,0.0
1629784449000,0.0
1629784479000,0.0
1629784509000,0.0
1629784539000,0.0012165450121654502
1629784569000,0.0
1629784599000,0.0
1629784629000,0.0
1629784659000,0.0
1629784689000,0.0
1629784719000,0.0006009615384615385
1629784749000,0.0006165228113440197
1629784779000,0.0012070006035003018
1629784809000,0.0006172839506172839
1629784839000,0.0
1629784869000,0.0
1629784899000,0.0
1629784929000,0.0
1629784959000,0.0
1629784989000,0.0005988023952095807
1629785019000,0.0
1629785049000,0.0
1629785079000,0.0006006006006006006
1629785109000,0.0
1629785139000,0.0
1629785169000,0.0
1629785199000,0.0
1629785229000,0.0
1629785259000,0.0
1629785289000,0.0006134969325153375
1629785319000,0.0
1629785349000,0.0006027727546714887
1629785379000,0.0
1629785409000,0.0
1629785439000,0.0005966587112171838
1629785469000,0.0
1629785499000,0.0006142506142506142
1629785529000,0.0006234413965087283
1629785559000,0.0
1629785589000,0.0
1629785619000,0.0
1629785649000,0.0006146281499692684
1629785679000,0.0
1629785709000,0.0006049606775559589
1629785739000,0.0
1629785769000,0.0
1629785799000,0.0006191950464396285
1629785829000,0.0
1629785859000,0.0
1629785889000,0.0
1629785919000,0.0
1629785949000,0.0006119951040391675
1629785979000,0.0005970149253731342
1629786009000,0.0
1629786039000,0.0
1629786069000,0.0
1629786099000,0.0
1629786129000,0.0
1629786159000,0.0
1629786189000,0.0
1629786219000,0.0
1629786249000,0.0005977286312014345
1629786279000,0.0
1629786309000,0.0
1629786339000,0.0
1629786369000,0.0006157635467980296
1629786399000,0.0
1629786429000,0.0
1629786459000,0.0
1629786489000,0.0
1629786519000,0.0
1629786549000,0.0006093845216331506
1629786579000,0.0
1629786609000,0.0006157635467980296
1629786639000,0.0005995203836930455
1629786669000,0.0006027727546714887
1629786699000,0.0
1629786729000,0.0
1629786759000,0.0006093845216331506
1629786789000,0.0
1629786819000,0.0
1629786849000,0.0
1629786879000,0.0
1629786909000,0.0
1629786939000,0.0
1629786969000,0.0006108735491753207
1629786999000,0.0006082725060827251
1629787029000,0.0
1629787059000,0.0
1629787089000,0.0
1629787119000,0.0006071645415907711
1629787149000,0.0
1629787179000,0.0006067961165048543
1629787209000,0.0
1629787239000,0.0006009615384615385
1629787269000,0.0
1629787299000,0.0
1629787329000,0.0
1629787359000,0.0006020469596628537
1629787389000,0.0006082725060827251
1629787419000,0.0006082725060827251
1629787449000,0.0
1629787479000,0.0006082725060827251
1629787509000,0.0006184291898577612
1629787539000,0.0
1629787569000,0.0006093845216331506
1629787599000,0.0
1629787629000,0.0
1629787659000,0.0
1629787689000,0.0
1629787719000,0.0005984440454817473
1629787749000,0.0
1629787779000,0.0
1629787809000,0.0
1629787839000,0.0
1629787869000,0.0
1629787899000,0.0
1629787929000,0.0
1629787959000,0.0006176652254478072
1629787989000,0.0
1629788019000,0.0
1629788049000,0.0
1629788079000,0.0006035003017501509
1629788109000,0.0
1629788139000,0.0011883541295306002
1629788169000,0.0
1629788199000,0.0
1629788229000,0.0
1629788259000,0.0
1629788289000,0.0006027727546714887
1629788259000,0.0
1629788289000,0.0006027727546714887
1629788259000,0.0
1629788289000,0.0006027727546714887
1629788259000,0.0
1629788289000,0.0006027727546714887
1629788319000,0.0
1629788259000,0.0
1629788319000,0.0
1629788289000,0.0006027727546714887
1629788319000,0.0
1629788259000,0.0
1629788349000,0.0006119951040391675
1629788319000,0.0
1629788259000,0.0
1629788379000,0.0
1629788409000,0.0
1629788439000,0.0
1629788469000,0.0
1629788499000,0.0006045949214026603
1629788529000,0.0006116207951070336
1629788559000,0.0
1629788589000,0.0
1629788619000,0.0
1629788649000,0.0
1629788679000,0.0
1629788709000,0.0006188118811881187
1629788739000,0.0
1629788769000,0.0
1629788799000,0.0006031363088057902
1629788829000,0.0005955926146515784
1629788859000,0.0
1629788889000,0.0006142506142506142
1629788919000,0.0
1629788949000,0.0
1629788979000,0.0
1629789009000,0.0
1629789039000,0.0
1629789069000,0.0
1629789099000,0.0
1629789129000,0.0
1629789159000,0.0
1629789189000,0.0
1629789219000,0.0
1629789249000,0.0
1629789279000,0.0
1629789309000,0.0005865102639296188
1629789339000,0.0
1629789369000,0.0
1629789399000,0.0006116207951070336
1629789429000,0.0
1629789459000,0.0
1629789489000,0.0
1629789519000,0.0
1629789549000,0.0
1629789579000,0.0
1629789609000,0.0
1629789639000,0.0006049606775559589
1629789669000,0.0
1629789699000,0.0005998800239952009
1629789729000,0.0
1629789759000,0.0
1629789789000,0.0
1629789819000,0.0006024096385542169
1629789849000,0.0
1629789879000,0.0
1629789909000,0.0006006006006006006
1629789939000,0.0
1629789969000,0.0
1629789999000,0.0006031363088057902
1629790029000,0.0
1629790059000,0.0006053268765133173
1629790089000,0.0006093845216331506
1629790119000,0.0
1629790149000,0.0
1629790179000,0.0
1629790209000,0.0
1629790239000,0.0
1629790269000,0.0006079027355623102
1629790299000,0.0
1629790329000,0.0
1629790359000,0.0006049606775559589
1629790389000,0.0
1629790419000,0.0
1629790449000,0.0
1629790479000,0.0
1629790509000,0.0
1629790539000,0.0006097560975609756
1629790569000,0.0
1629790599000,0.0
1629790629000,0.0
1629790659000,0.0
1629790689000,0.0
1629790719000,0.0
1629790749000,0.0
1629790779000,0.0
1629790809000,0.0
1629790839000,0.0
1629790869000,0.0
1629790899000,0.0
1629790929000,0.0
1629790959000,0.0006031363088057902
1629790989000,0.0006108735491753207
1629791019000,0.0006071645415907711
1629791049000,0.0
1629791079000,0.0
1629791109000,0.0
1629791139000,0.0
1629791169000,0.0
1629791199000,0.0
1629791229000,0.0
1629791259000,0.0006056935190793457
1629791289000,0.0006031363088057902
1629791319000,0.0
1629791349000,0.0
1629791379000,0.0006009615384615385
1629791409000,0.0
1629791439000,0.0
1629791469000,0.0
1629791499000,0.0
1629791529000,0.0006042296072507553
1629791559000,0.0
1629791589000,0.0006105006105006105
1629791619000,0.0006101281269066504
1629791649000,0.0006207324643078832
1629791679000,0.0006075334143377885
1629791709000,0.0
1629791739000,0.0
1629791769000,0.0012217470983506415
1629791799000,0.0005959475566150177
1629791829000,0.0006009615384615385
1629791859000,0.0006016847172081829
1629791889000,0.0
1629791919000,0.0
1629791949000,0.0
1629791979000,0.0
1629792009000,0.0
1629792039000,0.0
1629792069000,0.0006108735491753207
1629792099000,0.0006093845216331506
1629792129000,0.0
1629792159000,0.0
1629792189000,0.0
1629792219000,0.0
1629792249000,0.0006108735491753207
1629792279000,0.0
1629792309000,0.0
1629792339000,0.0
1629792369000,0.0006075334143377885
1629792399000,0.0012277470841006752
1629792429000,0.0
1629792459000,0.0006230529595015578
1629792489000,0.0006123698714023269
1629792519000,0.0006176652254478072
1629792549000,0.0
1629792579000,0.0
1629792609000,0.0
1629792639000,0.0005970149253731342
1629792669000,0.0
1629792699000,0.0006049606775559589
1629792729000,0.0006097560975609756
1629792759000,0.0
1629792789000,0.0
1629792819000,0.0
1629792849000,0.0
1629792879000,0.0006002400960384152
1629792909000,0.0
1629792939000,0.0
1629792969000,0.0
1629792999000,0.0
1629793029000,0.0
1629793059000,0.0
1629793089000,0.0005970149253731342
1629793119000,0.0006134969325153375
1629793149000,0.0
1629793179000,0.0006131207847946045
1629793209000,0.0
1629793239000,0.0006086427267194157
1629793269000,0.0
1629793299000,0.0
1629793329000,0.0006027727546714887
1629793359000,0.0
1629793389000,0.0
1629793419000,0.0
1629793449000,0.0
1629793479000,0.0006002400960384152
1629793509000,0.0011933174224343676
1629793539000,0.0
1629793569000,0.0006127450980392157
1629793599000,0.0
1629793629000,0.0005959475566150177
1629793659000,0.0005988023952095807
1629793689000,0.0
1629793719000,0.0
1629793749000,0.0006169031462060457
1629793779000,0.0
1629793809000,0.0
1629793839000,0.0006116207951070336
1629793869000,0.0
1629793899000,0.0
1629793929000,0.0006127450980392157
1629793959000,0.0
1629793989000,0.0
1629794019000,0.0006035003017501509
1629794049000,0.0006142506142506142
1629794079000,0.0
1629794109000,0.0
1629794139000,0.0
1629794169000,0.0
1629794199000,0.0005927682276229994
1629794229000,0.0006226650062266501
1629794259000,0.0
1629794289000,0.0005858230814294082
1629794319000,0.0
1629794349000,0.0
1629794379000,0.0
1629794409000,0.0006184291898577612
1629794439000,0.0
1629794469000,0.0
1629794499000,0.0
1629794529000,0.0
1629794559000,0.0006184291898577612
1629794589000,0.0
1629794619000,0.0006042296072507553
1629794649000,0.0
1629794679000,0.0
1629794709000,0.0
1629794739000,0.0005991611743559018
1629794769000,0.0
1629794799000,0.001226993865030675
1629794829000,0.0005988023952095807
1629794859000,0.0
1629794889000,0.0006075334143377885
1629794919000,0.0
1629794949000,0.0
1629794979000,0.0
1629795009000,0.0006142506142506142
1629795039000,0.0
1629795069000,0.0005931198102016608
1629795099000,0.0006038647342995169
1629795129000,0.0006116207951070336
1629795159000,0.0
1629795189000,0.0006090133982947625
1629795219000,0.0006127450980392157
1629795249000,0.0
1629795279000,0.0
1629795309000,0.0
1629795339000,0.0
1629795369000,0.0006101281269066504
1629795399000,0.0
1629795429000,0.0006031363088057902
1629795459000,0.0006024096385542169
1629795489000,0.0006211180124223603
1629795519000,0.0
1629795549000,0.0
1629795579000,0.0
1629795609000,0.0
1629795639000,0.0
1629795669000,0.0
1629795699000,0.0
1629795729000,0.0
1629795759000,0.0
1629795789000,0.0006112469437652813
1629795819000,0.0
1629795849000,0.0
1629795879000,0.0006002400960384152
1629795909000,0.0
1629795939000,0.0
1629795969000,0.0
1629795999000,0.0
1629796029000,0.0
1629796059000,0.0
1629796089000,0.0
1629796119000,0.0
1629796149000,0.0012224938875305626
1629796179000,0.0
1629796209000,0.0
1629796239000,0.0
1629796269000,0.0012330456226880395
1629796299000,0.0006127450980392157
1629796329000,0.0005941770647653001
1629796359000,0.0005927682276229994
1629796389000,0.0
1629796419000,0.0
1629796449000,0.0
1629796479000,0.0
1629796509000,0.0006082725060827251
1629796539000,0.0
1629796569000,0.0
1629796599000,0.0
1629796629000,0.0
1629796659000,0.0005973715651135006
1629796689000,0.0006031363088057902
1629796719000,0.0
1629796749000,0.0
1629796779000,0.0005970149253731342
1629796809000,0.0
1629796839000,0.0005906674542232723
1629796869000,0.0
1629796899000,0.0006049606775559589
1629796929000,0.0
1629796959000,0.0
1629796989000,0.0
1629797019000,0.0
1629797049000,0.000588235294117647
1629797079000,0.0
1629797109000,0.0006064281382656155
1629797139000,0.0
1629797169000,0.0006116207951070336
1629797199000,0.0
1629797229000,0.0
1629797259000,0.0006079027355623102
1629797289000,0.0
1629797319000,0.0
1629797349000,0.0006020469596628537
1629797379000,0.0006075334143377885
1629797409000,0.0
1629797439000,0.0
1629797469000,0.0
1629797499000,0.0012012012012012011
1629797529000,0.0
1629797559000,0.0
1629797589000,0.0006056935190793457
1629797619000,0.0006131207847946045
1629797649000,0.0
1629797679000,0.0006119951040391675
1629797709000,0.0
1629797739000,0.0006013229104028864
1629797769000,0.0
1629797799000,0.0005934718100890207
1629797829000,0.0006067961165048543
1629797859000,0.0
1629797889000,0.0006116207951070336
1629797919000,0.0
1629797949000,0.0
1629797979000,0.0
1629798009000,0.0006013229104028864
1629798039000,0.0
1629798069000,0.0
1629798099000,0.0
1629798129000,0.0006112469437652813
1629798159000,0.0
1629798189000,0.0
1629798219000,0.0
1629798249000,0.0
1629798279000,0.0
1629798309000,0.0006116207951070336
1629798339000,0.0
1629798369000,0.0
1629798399000,0.0
1629798429000,0.0
1629798459000,0.0
1629798489000,0.0
1629798519000,0.0
1629798549000,0.0
1629798579000,0.0
1629798609000,0.0
1629798639000,0.0006105006105006105
1629798669000,0.0
1629798699000,0.0
1629798729000,0.0006215040397762585
1629798759000,0.0
1629798789000,0.0
1629798819000,0.0006038647342995169
1629798849000,0.0006053268765133173
1629798879000,0.0006131207847946045
1629798909000,0.0
1629798939000,0.0
1629798969000,0.0005948839976204639
1629798999000,0.0006031363088057902
1629799029000,0.0
1629799059000,0.0
1629799089000,0.0
1629799119000,0.0
1629799149000,0.0
1629799179000,0.0
1629799209000,0.0
1629799239000,0.0006024096385542169
1629799269000,0.0
1629799299000,0.0
1629799329000,0.0006226650062266501
1629799359000,0.0
1629799389000,0.0006157635467980296
1629799419000,0.0
1629799449000,0.0005948839976204639
1629799479000,0.0
1629799509000,0.0
1629799539000,0.0
1629799569000,0.0
1629799599000,0.0
1629799629000,0.0
1629799659000,0.0
1629799689000,0.0
1629799719000,0.0
1629799749000,0.0
1629799779000,0.0
1629799809000,0.0
1629799839000,0.0006020469596628537
1629799869000,0.0
1629799899000,0.0
1629799929000,0.0
1629799959000,0.0
1629799989000,0.0
1629800019000,0.0
1629800049000,0.0
1629800079000,0.0
1629800109000,0.0006020469596628537
1629800139000,0.0
1629800169000,0.0006013229104028864
1629800199000,0.0
1629800229000,0.0
1629800259000,0.0
1629800289000,0.0006060606060606062
1629800319000,0.0
1629800349000,0.0
1629800379000,0.0
1629800409000,0.0
1629800439000,0.0
1629800469000,0.0
1629800499000,0.0
1629800529000,0.0
1629800559000,0.0
1629800589000,0.0006090133982947625
1629800619000,0.0
1629800649000,0.0
1629800679000,0.0012406947890818859
1629800709000,0.0006090133982947625
1629800739000,0.0006165228113440197
1629800769000,0.0006101281269066504
1629800799000,0.0
1629800829000,0.0006199628022318662
1629800859000,0.0
1629800889000,0.0006207324643078832
1629800919000,0.0
1629800949000,0.0006093845216331506
1629800979000,0.0
1629801009000,0.0005920663114268798
1629801039000,0.0
1629801069000,0.0
1629801099000,0.0
1629801129000,0.0005991611743559018
1629801159000,0.0006038647342995169
1629801189000,0.0
1629801219000,0.0005777007510109763
1629801249000,0.0
1629801279000,0.0005973715651135006
1629801309000,0.0006123698714023269
1629801339000,0.0005995203836930455
1629801369000,0.0006031363088057902
1629801399000,0.0
1629801429000,0.0006191950464396285
1629801459000,0.0005963029218843173
1629801489000,0.0006093845216331506
1629801519000,0.0
1629801549000,0.0005913660555884093
1629801579000,0.0
1629801609000,0.0
1629801639000,0.0
1629801669000,0.0
1629801699000,0.0005941770647653001
1629801729000,0.0
1629801759000,0.0005913660555884093
1629801789000,0.0006053268765133173
1629801819000,0.0
1629801849000,0.0
1629801879000,0.0006045949214026603
1629801909000,0.0006035003017501509
1629801939000,0.0
1629801969000,0.0
1629801999000,0.0005995203836930455
1629802029000,0.0006067961165048543
1629802059000,0.0
1629802089000,0.0
1629802119000,0.0
1629802149000,0.0
1629802179000,0.0
1629802209000,0.0
1629802239000,0.0
1629802269000,0.0
1629802299000,0.0006038647342995169
1629802329000,0.0
1629802359000,0.0006150061500615006
1629802389000,0.0
1629802419000,0.0006016847172081829
1629802449000,0.0011983223487118035
1629802479000,0.0
1629802509000,0.0
1629802539000,0.0006016847172081829
1629802569000,0.0
1629802599000,0.0
1629802629000,0.0
1629802659000,0.0
1629802689000,0.0
1629802719000,0.0006082725060827251
1629802749000,0.0006038647342995169
1629802779000,0.0
1629802809000,0.0
1629802839000,0.0
1629802869000,0.0
1629802899000,0.0
1629802929000,0.0
1629802959000,0.0005878894767783657
1629802989000,0.0
1629803019000,0.0
1629803049000,0.0
1629803079000,0.0
1629803109000,0.0006105006105006105
1629803139000,0.0
1629803169000,0.0
1629803199000,0.0006060606060606062
1629803229000,0.0
1629803259000,0.0
1629803289000,0.0
1629803319000,0.0
1629803349000,0.0006027727546714887
1629803379000,0.0005973715651135006
1629803409000,0.0
1629803439000,0.0
1629803469000,0.0006101281269066504
1629803499000,0.0
1629803529000,0.0
1629803559000,0.0
1629803589000,0.0
1629803619000,0.0
1629803649000,0.0
1629803679000,0.0
1629803709000,0.0
1629803739000,0.0
1629803769000,0.0
1629803799000,0.0
1629803829000,0.0
1629803859000,0.0
1629803889000,0.0006013229104028864
1629803919000,0.0006056935190793457
1629803949000,0.0
1629803979000,0.0
1629804009000,0.0006045949214026603
1629804039000,0.0005952380952380952
1629804069000,0.0
1629804099000,0.0
1629804129000,0.0
1629804159000,0.0
1629804189000,0.0
1629804219000,0.0
1629804249000,0.0
1629804279000,0.0
1629804309000,0.0
1629804339000,0.0012077294685990338
1629804369000,0.0006006006006006006
1629804399000,0.0
1629804429000,0.0
1629804459000,0.0
1629804489000,0.0
1629804519000,0.0006006006006006006
1629804549000,0.0
1629804579000,0.0006009615384615385
1629804609000,0.0005927682276229994
1629804639000,0.0
1629804669000,0.0
1629804699000,0.0
1629804729000,0.0
1629804759000,0.0
1629804789000,0.0
1629804819000,0.0
1629804849000,0.0
1629804879000,0.0
1629804909000,0.0
1629804939000,0.0
1629804969000,0.0006127450980392157
1629804999000,0.0
1629805029000,0.0
1629805059000,0.0006101281269066504
1629805089000,0.0
1629805119000,0.0
1629805149000,0.0
1629805179000,0.0
1629805209000,0.0
1629805239000,0.0
1629805269000,0.0
1629805299000,0.0
1629805329000,0.0
1629805359000,0.0
1629805389000,0.0
1629805419000,0.0
1629805449000,0.0
1629805479000,0.0006169031462060457
1629805509000,0.0
1629805539000,0.0
1629805569000,0.0
1629805599000,0.0
1629805629000,0.0
1629805659000,0.0
1629805689000,0.0
1629805719000,0.0
1629805749000,0.0
1629805779000,0.0006127450980392157
1629805809000,0.0
1629805839000,0.0
1629805869000,0.0
1629805899000,0.0
1629805929000,0.0
1629805959000,0.0
1629805989000,0.0006093845216331506
1629806019000,0.0
1629806049000,0.0
1629806079000,0.0
1629806109000,0.0005948839976204639
1629806139000,0.0011876484560570072
1629806169000,0.0
1629806199000,0.0006184291898577612
1629806229000,0.0
1629806259000,0.0
1629806289000,0.0
1629806319000,0.0
1629806349000,0.0
1629806379000,0.0005889281507656067
1629806409000,0.0
1629806439000,0.0
1629806469000,0.0
1629806499000,0.0
1629806529000,0.0006079027355623102
1629806559000,0.0
1629806589000,0.0
1629806619000,0.0
1629806649000,0.0
1629806679000,0.0
1629806709000,0.0
1629806739000,0.0
1629806769000,0.0
1629806799000,0.0
1629806829000,0.0006027727546714887
1629806859000,0.0006067961165048543
1629806889000,0.0
1629806919000,0.0006093845216331506
1629806949000,0.0
1629806979000,0.0
1629807009000,0.0
1629807039000,0.0
1629807069000,0.0
1629807099000,0.0
1629807129000,0.0
1629807159000,0.0005991611743559018
1629807189000,0.0
1629807219000,0.0
1629807249000,0.0
1629807279000,0.0
1629807309000,0.0006024096385542169
1629807339000,0.0006082725060827251
1629807369000,0.0
1629807399000,0.0
1629807429000,0.0005998800239952009
1629807459000,0.0
1629807489000,0.0
1629807519000,0.0005941770647653001
1629807549000,0.0
1629807579000,0.0005984440454817473
1629807609000,0.0
1629807639000,0.0006016847172081829
1629807669000,0.0006134969325153375
1629807699000,0.0
1629807729000,0.0006207324643078832
1629807759000,0.0006090133982947625
1629807789000,0.0
1629807819000,0.0
1629807849000,0.0
1629807879000,0.0
1629807909000,0.0
1629807939000,0.0006035003017501509
1629807969000,0.0005966587112171838
1629807999000,0.0
1629808029000,0.0
1629808059000,0.0
1629808089000,0.0
1629808119000,0.0006138735420503376
1629808149000,0.0006056935190793457
1629808179000,0.0006082725060827251
1629808209000,0.0012055455093429774
1629808239000,0.0
1629808269000,0.0
1629808299000,0.0
1629808329000,0.0
1629808359000,0.0
1629808389000,0.0006056935190793457
1629808419000,0.0
1629808449000,0.0
1629808479000,0.0
1629808509000,0.0
1629808539000,0.0
1629808569000,0.0
1629808599000,0.0
1629808629000,0.0
1629808659000,0.0
1629808689000,0.0
1629808719000,0.0
1629808749000,0.0
1629808779000,0.0
1629808809000,0.0
1629808839000,0.0
1629808869000,0.0
1629808899000,0.0005910165484633571
1629808929000,0.0
1629808959000,0.0006086427267194157
1629808989000,0.0
1629809019000,0.0006035003017501509
1629809049000,0.0
1629809079000,0.0
1629809109000,0.0006079027355623102
1629809139000,0.0
1629809169000,0.0
1629809199000,0.0
1629809229000,0.0
1629809259000,0.0
1629809289000,0.0
1629809319000,0.0
1629809349000,0.0
1629809379000,0.0
1629809409000,0.0
1629809439000,0.0
1629809469000,0.0
1629809499000,0.0
1629809529000,0.0
1629809559000,0.0006013229104028864
1629809589000,0.0005984440454817473
1629809619000,0.0
1629809649000,0.0006020469596628537
1629809679000,0.0
1629809709000,0.0
1629809739000,0.0
1629809769000,0.0
1629809799000,0.0
1629809829000,0.0006116207951070336
1629809859000,0.0005995203836930455
1629809889000,0.0
1629809919000,0.0
1629809949000,0.0
1629809979000,0.0
1629810009000,0.0006071645415907711
1629810039000,0.0
1629810069000,0.0
1629810099000,0.0
1629810129000,0.0
1629810159000,0.0
1629810189000,0.0
1629810219000,0.0005977286312014345
1629810249000,0.0
1629810279000,0.0
1629810309000,0.0
1629810339000,0.0
1629810369000,0.00121580547112462
1629810399000,0.0
1629810429000,0.0005966587112171838
1629810459000,0.0
1629810489000,0.0
1629810519000,0.0
1629810549000,0.0006075334143377885
1629810579000,0.0
1629810609000,0.0
1629810639000,0.0
1629810669000,0.0
1629810699000,0.0005966587112171838
1629810729000,0.0006038647342995169
1629810759000,0.0
1629810789000,0.0006211180124223603
1629810819000,0.0
1629810849000,0.0
1629810879000,0.0
1629810909000,0.0
1629810939000,0.0006053268765133173
1629810969000,0.0
1629810999000,0.0005984440454817473
1629811029000,0.0006060606060606062
1629811059000,0.0
1629811089000,0.0
1629811119000,0.0
1629811149000,0.0006024096385542169
1629811179000,0.0
1629811209000,0.0
1629811239000,0.0006045949214026603
1629811269000,0.0
1629811299000,0.0
1629811329000,0.0
1629811359000,0.0006082725060827251
1629811389000,0.001201923076923077
1629811419000,0.0006086427267194157
1629811449000,0.0
1629811479000,0.0006188118811881187
1629811509000,0.0006127450980392157
1629811539000,0.0
1629811569000,0.0011940298507462687
1629811599000,0.0
1629811629000,0.0
1629811659000,0.0
1629811689000,0.0
1629811719000,0.0
1629811749000,0.0005980861244019139
1629811779000,0.0006024096385542169
1629811809000,0.0
1629811839000,0.0
1629811869000,0.0
1629811899000,0.0
1629811929000,0.0
1629811959000,0.0006142506142506142
1629811989000,0.0
1629812019000,0.0
1629812049000,0.0
1629812079000,0.0005865102639296188
1629812109000,0.0
1629812139000,0.0
1629812169000,0.0
1629812199000,0.0
1629812229000,0.0
1629812259000,0.0011926058437686346
1629812289000,0.0
1629812319000,0.0
1629812349000,0.0006101281269066504
1629812379000,0.0
1629812409000,0.0006031363088057902
1629812439000,0.0
1629812469000,0.0006053268765133173
1629812499000,0.0006016847172081829
1629812529000,0.0
1629812559000,0.0006067961165048543
1629812589000,0.0
1629812619000,0.0
1629812649000,0.0
1629812679000,0.0
1629812709000,0.0
1629812739000,0.0
1629812769000,0.0006195786864931846
1629812799000,0.0
1629812829000,0.0
1629812859000,0.0
1629812889000,0.0006027727546714887
1629812919000,0.0005858230814294082
1629812949000,0.0
1629812979000,0.0005998800239952009
1629813009000,0.0
1629813039000,0.0006038647342995169
1629813069000,0.0
1629813099000,0.0005963029218843173
1629813129000,0.0
1629813159000,0.0006045949214026603
1629813189000,0.0006090133982947625
1629813219000,0.0
1629813249000,0.0
1629813279000,0.0006097560975609756
1629813309000,0.0
1629813339000,0.0006138735420503376
1629813369000,0.0012070006035003018
1629813399000,0.0005817335660267597
1629813429000,0.0006138735420503376
1629813459000,0.0
1629813489000,0.0
1629813519000,0.0006119951040391675
1629813549000,0.0
1629813579000,0.0
1629813609000,0.0
1629813639000,0.0
1629813669000,0.0
1629813699000,0.0
1629813729000,0.0005941770647653001
1629813759000,0.0
1629813789000,0.0
1629813819000,0.0
1629813849000,0.0006071645415907711
1629813879000,0.0
1629813909000,0.0006090133982947625
1629813939000,0.0
1629813969000,0.0006002400960384152
1629813999000,0.0
1629814029000,0.0006067961165048543
1629814059000,0.0006146281499692684
1629814089000,0.0
1629814119000,0.0
1629814149000,0.0006131207847946045
1629814179000,0.0
1629814209000,0.0006031363088057902
1629814239000,0.0
1629814269000,0.0006060606060606062
1629814299000,0.0006075334143377885
1629814329000,0.0
1629814359000,0.0
1629814389000,0.0
1629814419000,0.0
1629814449000,0.0006042296072507553
1629814479000,0.0005988023952095807
1629814509000,0.0
1629814539000,0.0
1629814569000,0.0
1629814599000,0.0
1629814629000,0.0
1629814659000,0.0
1629814689000,0.0
1629814719000,0.0
1629814749000,0.0
1629814779000,0.0
1629814809000,0.0011933174224343676
1629814839000,0.0
1629814869000,0.0006119951040391675
1629814899000,0.0006101281269066504
1629814929000,0.0
1629814959000,0.0006093845216331506
1629814989000,0.0
1629815019000,0.0
1629815049000,0.0
1629815079000,0.0
1629815109000,0.0
1629815139000,0.0
1629815169000,0.0
1629815199000,0.0
1629815229000,0.0
1629815259000,0.0006079027355623102
1629815289000,0.0
1629815319000,0.0
1629815349000,0.0006093845216331506
1629815379000,0.0005984440454817473
1629815409000,0.0012277470841006752
1629815439000,0.0
1629815469000,0.0006150061500615006
1629815499000,0.0
1629815529000,0.0011890606420927464
1629815559000,0.0
1629815589000,0.0
1629815619000,0.0
1629815649000,0.0
1629815679000,0.0
1629815709000,0.0006079027355623102
1629815739000,0.0005973715651135006
1629815769000,0.0006097560975609756
1629815799000,0.0
1629815829000,0.0006157635467980296
1629815859000,0.0006075334143377885
1629815889000,0.0
1629815919000,0.0
1629815949000,0.0
1629815979000,0.0
1629816009000,0.0006006006006006006
1629816039000,0.0
1629816069000,0.0
1629816099000,0.0
1629816129000,0.0
1629816159000,0.0006079027355623102
1629816189000,0.0
1629816219000,0.0006161429451632778
1629816249000,0.0006172839506172839
1629816279000,0.0
1629816309000,0.0
1629816339000,0.0005988023952095807
1629816369000,0.0006056935190793457
1629816399000,0.0
1629816429000,0.0
1629816459000,0.0
1629816489000,0.0
1629816519000,0.0006002400960384152
1629816549000,0.0
1629816579000,0.0
1629816609000,0.0
1629816639000,0.0
1629816669000,0.0006020469596628537
1629816699000,0.0005903187721369539
1629816729000,0.0
1629816759000,0.0
1629816789000,0.0
1629816819000,0.0
1629816849000,0.0
1629816879000,0.0
1629816909000,0.0
1629816939000,0.0
1629816969000,0.0006009615384615385
1629816999000,0.0
1629817029000,0.0
1629817059000,0.0006016847172081829
1629817089000,0.0
1629817119000,0.0006002400960384152
1629817149000,0.0
1629817179000,0.0
1629817209000,0.0
1629817239000,0.0
1629817269000,0.0
1629817299000,0.0006038647342995169
1629817329000,0.0006020469596628537
1629817359000,0.0
1629817389000,0.0006172839506172839
1629817419000,0.0
1629817449000,0.0
1629817479000,0.0
1629817509000,0.0006009615384615385
1629817539000,0.0006142506142506142
1629817569000,0.0
1629817599000,0.0
1629817629000,0.0006116207951070336
1629817659000,0.0006079027355623102
1629817689000,0.0006112469437652813
1629817719000,0.0
1629817749000,0.0006053268765133173
1629817779000,0.0
1629817809000,0.0006131207847946045
1629817839000,0.0
1629817869000,0.0006064281382656155
1629817899000,0.0
1629817929000,0.0
1629817959000,0.0006123698714023269
1629817989000,0.0
1629818019000,0.0
1629818049000,0.0005995203836930455
1629818079000,0.0
1629818109000,0.0005998800239952009
1629818139000,0.0006119951040391675
1629818169000,0.0006013229104028864
1629818199000,0.0
1629818229000,0.0006119951040391675
1629818259000,0.0
1629818289000,0.0
1629818319000,0.0006042296072507553
1629818349000,0.0005980861244019139
1629818379000,0.0
1629818409000,0.0
1629818439000,0.0
1629818469000,0.0006086427267194157
1629818499000,0.0
1629818529000,0.0006134969325153375
1629818559000,0.0006079027355623102
1629818589000,0.0005934718100890207
1629818619000,0.0
1629818649000,0.0
1629818679000,0.0006172839506172839
1629818709000,0.0006199628022318662
1629818739000,0.0
1629818769000,0.0006067961165048543
1629818799000,0.0
1629818829000,0.0006031363088057902
1629818859000,0.0
1629818889000,0.0006045949214026603
1629818919000,0.0006060606060606062
1629818949000,0.0
1629818979000,0.0
1629819009000,0.0
1629819039000,0.0006142506142506142
1629819069000,0.0
1629819099000,0.0
1629819129000,0.0
1629819159000,0.0
1629819189000,0.0
1629819219000,0.001195457262402869
1629819249000,0.0
1629819279000,0.0
1629819309000,0.0
1629819339000,0.0
1629819369000,0.0006038647342995169
1629819399000,0.0
1629819429000,0.0
1629819459000,0.0006079027355623102
1629819489000,0.0006180469715698393
1629819519000,0.0
1629819549000,0.0
1629819579000,0.0006060606060606062
1629819609000,0.0
1629819639000,0.0006056935190793457
1629819669000,0.0
1629819699000,0.0
1629819729000,0.0
1629819759000,0.0
1629819789000,0.0
1629819819000,0.0
1629819849000,0.0005988023952095807
1629819879000,0.0005991611743559018
1629819909000,0.0
1629819939000,0.0
1629819969000,0.0
1629819999000,0.0005991611743559018
1629820029000,0.0006105006105006105
1629820059000,0.0
1629820089000,0.0
1629820119000,0.0
1629820149000,0.0006031363088057902
1629820179000,0.0
1629820209000,0.0006127450980392157
1629820239000,0.0
1629820269000,0.0
1629820299000,0.0
1629820329000,0.0011799410029498525
1629820359000,0.0
1629820389000,0.0
1629820419000,0.0006013229104028864
1629820449000,0.0006079027355623102
1629820479000,0.0
1629820509000,0.0
1629820539000,0.0
1629820569000,0.0
1629820599000,0.0
1629820629000,0.0
1629820659000,0.001212856276531231
1629820689000,0.0005977286312014345
1629820719000,0.0
1629820749000,0.0
1629820779000,0.0
1629820809000,0.0
1629820839000,0.0
1629820869000,0.0
1629820899000,0.0
1629820929000,0.0
1629820959000,0.0
1629820989000,0.0
1629821019000,0.001195457262402869
1629821049000,0.0
1629821079000,0.0
1629821109000,0.0
1629821139000,0.0006067961165048543
1629821169000,0.0
1629821199000,0.0
1629821229000,0.0006142506142506142
1629821259000,0.0
1629821289000,0.0006090133982947625
1629821319000,0.0005973715651135006
1629821349000,0.0
1629821379000,0.0
1629821409000,0.0
1629821439000,0.0
1629821469000,0.0005963029218843173
1629821499000,0.0
1629821529000,0.0006053268765133173
1629821559000,0.0
1629821589000,0.0
1629821619000,0.0
1629821649000,0.0
1629821679000,0.0
1629821709000,0.0
1629821739000,0.0005959475566150177
1629821769000,0.0
1629821799000,0.0006060606060606062
1629821829000,0.0
1629821859000,0.0006086427267194157
1629821889000,0.0006082725060827251
1629821919000,0.0
1629821949000,0.0005995203836930455
1629821979000,0.0005995203836930455
1629822009000,0.0
1629822039000,0.0
1629822069000,0.0
1629822099000,0.0006064281382656155
1629822129000,0.0006006006006006006
1629822159000,0.0
1629822189000,0.0
1629822219000,0.0006165228113440197
1629822249000,0.0005973715651135006
1629822279000,0.0006079027355623102
1629822309000,0.0
1629822339000,0.0005980861244019139
1629822369000,0.0
1629822399000,0.0
1629822429000,0.0
1629822459000,0.0
1629822489000,0.0
1629822519000,0.0
1629822549000,0.0
1629822579000,0.0
1629822609000,0.0
1629822639000,0.0006172839506172839
1629822669000,0.0
1629822699000,0.0
1629822729000,0.0006112469437652813
1629822759000,0.0
1629822789000,0.0006090133982947625
1629822819000,0.0
1629822849000,0.0
1629822879000,0.0005875440658049354
1629822909000,0.0
1629822939000,0.0
1629822969000,0.0
1629822999000,0.0
1629823029000,0.0
1629823059000,0.0
1629823089000,0.0
1629823119000,0.0
1629823149000,0.0006123698714023269
1629823179000,0.0005941770647653001
1629823209000,0.0
1629823239000,0.0
1629823269000,0.0
1629823299000,0.0
1629823329000,0.0
1629823359000,0.0
1629823389000,0.0
1629823419000,0.0
1629823449000,0.0006064281382656155
1629823479000,0.0
1629823509000,0.0
1629823539000,0.0
1629823569000,0.0005934718100890207
1629823599000,0.0
1629823629000,0.0005995203836930455
1629823659000,0.0006093845216331506
1629823689000,0.0006056935190793457
1629823719000,0.0
1629823749000,0.0
1629823779000,0.0006024096385542169
1629823809000,0.0
1629823839000,0.0
1629823869000,0.0006064281382656155
1629823899000,0.0
1629823929000,0.0
1629823959000,0.0
1629823989000,0.0
1629824019000,0.0005973715651135006
1629824049000,0.0005991611743559018
1629824079000,0.0
1629824109000,0.0
1629824139000,0.0
1629824169000,0.0011855364552459987
1629824199000,0.0006138735420503376
1629824229000,0.0006161429451632778
1629824259000,0.0005861664712778429
1629824289000,0.0006006006006006006
1629824319000,0.0006060606060606062
1629824349000,0.0006056935190793457
1629824379000,0.0
1629824409000,0.0
1629824439000,0.0
1629824469000,0.0
1629824499000,0.0
1629824529000,0.0005998800239952009
1629824559000,0.0006127450980392157
1629824589000,0.0
1629824619000,0.0006053268765133173
1629824649000,0.0
1629824679000,0.0
1629824709000,0.0
1629824739000,0.0006042296072507553
1629824769000,0.0
1629824799000,0.0
1629824829000,0.0005973715651135006
1629824859000,0.0
1629824889000,0.0
1629824919000,0.0
1629824949000,0.0
1629824979000,0.0006053268765133173
1629825009000,0.0
1629825039000,0.0
1629825069000,0.0
1629825099000,0.0
1629825129000,0.0006056935190793457
1629825159000,0.0
1629825189000,0.0006049606775559589
1629825219000,0.0
1629825249000,0.0
1629825279000,0.0
1629825309000,0.0
1629825339000,0.0
1629825369000,0.0006093845216331506
1629825399000,0.0
1629825429000,0.0005927682276229994
1629825459000,0.0
1629825489000,0.0006045949214026603
1629825519000,0.0
1629825549000,0.0
1629825579000,0.0006108735491753207
1629825609000,0.0
1629825639000,0.0
1629825669000,0.0006006006006006006
1629825699000,0.0
1629825729000,0.0
1629825759000,0.0006134969325153375
1629825789000,0.0
1629825819000,0.0
1629825849000,0.0
1629825879000,0.0
1629825909000,0.0
1629825939000,0.0
1629825969000,0.0
1629825999000,0.0006038647342995169
1629826029000,0.0006056935190793457
1629826059000,0.0
1629826089000,0.0
1629826119000,0.0
1629826149000,0.0006169031462060457
1629826179000,0.0
1629826209000,0.0
1629826239000,0.0
1629826269000,0.0
1629826299000,0.0
1629826329000,0.0
1629826359000,0.0
1629826389000,0.0
1629826419000,0.0
1629826449000,0.0006079027355623102
1629826479000,0.0
1629826509000,0.0
1629826539000,0.0
1629826569000,0.0005896226415094339
1629826599000,0.0
1629826629000,0.0
1629826659000,0.0
1629826689000,0.0
1629826719000,0.0
1629826749000,0.0
1629826779000,0.0006020469596628537
1629826809000,0.0006060606060606062
1629826839000,0.0
1629826869000,0.0
1629826899000,0.0
1629826929000,0.0
1629826959000,0.0
1629826989000,0.0
1629827019000,0.0005988023952095807
1629827049000,0.0
1629827079000,0.0
1629827109000,0.0
1629827139000,0.0
1629827169000,0.0005959475566150177
1629827199000,0.0
1629827229000,0.0006093845216331506
1629827259000,0.0
1629827289000,0.0
1629827319000,0.0
1629827349000,0.0
1629827379000,0.0
1629827409000,0.0005973715651135006
1629827439000,0.0005899705014749262
1629827469000,0.0
1629827499000,0.0
1629827529000,0.0
1629827559000,0.0
1629827589000,0.0
1629827619000,0.0
1629827649000,0.0
1629827679000,0.0006071645415907711
1629827709000,0.0
1629827739000,0.0
1629827769000,0.0
1629827799000,0.0
1629827829000,0.0
1629827859000,0.0
1629827889000,0.0005865102639296188
1629827919000,0.0
1629827949000,0.0006067961165048543
1629827979000,0.0
1629828009000,0.0005970149253731342
1629828039000,0.0
1629828069000,0.0
1629828099000,0.0006079027355623102
1629828129000,0.0
1629828159000,0.0006024096385542169
1629828189000,0.0
1629828219000,0.0
1629828249000,0.0
1629828279000,0.0
1629828309000,0.0
1629828339000,0.0006101281269066504
1629828369000,0.0
1629828399000,0.0
1629828429000,0.0
1629828459000,0.0
1629828489000,0.0
1629828519000,0.0006127450980392157
1629828549000,0.0006101281269066504
1629828579000,0.0006016847172081829
1629828609000,0.0
1629828639000,0.0
1629828669000,0.0
1629828699000,0.0
1629828729000,0.0005955926146515784
1629828759000,0.0006071645415907711
1629828789000,0.0006045949214026603
1629828819000,0.0
1629828849000,0.0006016847172081829
1629828879000,0.0
1629828909000,0.0
1629828939000,0.0
1629828969000,0.0
1629828999000,0.0
1629829029000,0.0
1629829059000,0.0006112469437652813
1629829089000,0.0
1629829119000,0.0
1629829149000,0.0
1629829179000,0.0012353304508956149
1629829209000,0.0
1629829239000,0.0
1629829269000,0.0
1629829299000,0.0
1629829329000,0.0
1629829359000,0.0006020469596628537
1629829389000,0.0
1629829419000,0.0
1629829449000,0.0
1629829479000,0.0006138735420503376
1629829509000,0.0
1629829539000,0.0
1629829569000,0.0
1629829599000,0.0006027727546714887
1629829629000,0.0
1629829659000,0.0
1629829689000,0.0
1629829719000,0.0006020469596628537
1629829749000,0.0
1629829779000,0.0
1629829809000,0.0
1629829839000,0.0005973715651135006
1629829869000,0.0006123698714023269
1629829899000,0.0005995203836930455
1629829929000,0.0
1629829959000,0.0
1629829989000,0.0006134969325153375
1629830019000,0.0
1629830049000,0.0
1629830079000,0.0006042296072507553
1629830109000,0.0
1629830139000,0.0006172839506172839
1629830169000,0.0
1629830199000,0.0
1629830229000,0.0
1629830259000,0.0006191950464396285
1629830289000,0.0006161429451632778
1629830319000,0.0
1629830349000,0.0
1629830379000,0.0
1629830409000,0.0
1629830439000,0.0
1629830469000,0.0
1629830499000,0.0006079027355623102
1629830529000,0.0
1629830559000,0.0
1629830589000,0.0
1629830619000,0.0
1629830649000,0.0
1629830679000,0.0
1629830709000,0.0
1629830739000,0.0
1629830769000,0.0
1629830799000,0.0
1629830829000,0.0005875440658049354
1629830859000,0.0
1629830889000,0.0
1629830919000,0.0
1629830949000,0.0006056935190793457
1629830979000,0.0
1629831009000,0.0005920663114268798
1629831039000,0.0
1629831069000,0.0
1629831099000,0.0
1629831129000,0.0006056935190793457
1629831159000,0.0
1629831189000,0.0005885815185403178
1629831219000,0.0005910165484633571
1629831249000,0.0
1629831279000,0.0
1629831309000,0.0
1629831339000,0.0
1629831369000,0.0
1629831399000,0.0
1629831429000,0.0
1629831459000,0.0
1629831489000,0.0
1629831519000,0.0
1629831549000,0.0
1629831579000,0.0
1629831609000,0.0
1629831639000,0.0
1629831669000,0.0
1629831699000,0.0
1629831729000,0.0006049606775559589
1629831759000,0.0
1629831789000,0.0
1629831819000,0.0
1629831849000,0.0
1629831879000,0.0
1629831909000,0.0
1629831939000,0.0
1629831969000,0.0
1629831999000,0.0005927682276229994
1629832029000,0.0005998800239952009
1629832059000,0.0
1629832089000,0.0
1629832119000,0.0
1629832149000,0.0006097560975609756
1629832179000,0.0
1629832209000,0.0006042296072507553
1629832239000,0.0
1629832269000,0.0
1629832299000,0.0
1629832329000,0.0
1629832359000,0.0006067961165048543
1629832389000,0.0
1629832419000,0.0
1629832449000,0.0
1629832479000,0.0
1629832509000,0.0006119951040391675
1629832539000,0.0
1629832569000,0.0
1629832599000,0.0006035003017501509
1629832629000,0.001212856276531231
1629832659000,0.0
1629832689000,0.0006020469596628537
1629832719000,0.0
1629832749000,0.0
1629832779000,0.0
1629832809000,0.0005998800239952009
1629832839000,0.0
1629832869000,0.0
1629832899000,0.0
1629832929000,0.0006134969325153375
1629832959000,0.0
1629832989000,0.0012062726176115801
1629833019000,0.0
1629833049000,0.0
1629833079000,0.0
1629833109000,0.0
1629833139000,0.0
1629833169000,0.0
1629833199000,0.0
1629833229000,0.0005988023952095807
1629833259000,0.0
1629833289000,0.0
1629833319000,0.0
1629833349000,0.0
1629833379000,0.0
1629833409000,0.0
1629833439000,0.0006049606775559589
1629833469000,0.0
1629833499000,0.0006060606060606062
1629833529000,0.0
1629833559000,0.0006035003017501509
1629833589000,0.0
1629833619000,0.0
1629833649000,0.0
1629833679000,0.0
1629833709000,0.0006056935190793457
1629833739000,0.0
1629833769000,0.0005931198102016608
1629833799000,0.0
1629833829000,0.0005924170616113746
1629833859000,0.0
1629833889000,0.0006180469715698393
1629833919000,0.0
1629833949000,0.0
1629833979000,0.0
1629834009000,0.0
1629834039000,0.0005980861244019139
1629834069000,0.0
1629834099000,0.0
1629834129000,0.0006146281499692684
1629834159000,0.0006097560975609756
1629834189000,0.0
1629834219000,0.0
1629834249000,0.0
1629834279000,0.0006013229104028864
1629834309000,0.0
1629834339000,0.0006218905472636817
1629834369000,0.0
1629834399000,0.0
1629834429000,0.0005952380952380952
1629834459000,0.0
1629834489000,0.0
1629834519000,0.0
1629834549000,0.0
1629834579000,0.0006038647342995169
1629834609000,0.0
1629834639000,0.0
1629834669000,0.0
1629834699000,0.0
1629834729000,0.0
1629834759000,0.0006142506142506142
1629834789000,0.0
1629834819000,0.0005889281507656067
1629834849000,0.0
1629834879000,0.0
1629834909000,0.0
1629834939000,0.0
1629834969000,0.0
1629834999000,0.0
1629835029000,0.0
1629835059000,0.0006191950464396285
1629835089000,0.0
1629835119000,0.0
1629835149000,0.0
1629835179000,0.0006006006006006006
1629835209000,0.0
1629835239000,0.0
1629835269000,0.0
1629835299000,0.0006035003017501509
1629835329000,0.0
1629835359000,0.0
1629835389000,0.0006038647342995169
1629835419000,0.0
1629835449000,0.0
1629835479000,0.0
1629835509000,0.0
1629835539000,0.0
1629835569000,0.0006027727546714887
1629835599000,0.0
1629835629000,0.0
1629835659000,0.0
1629835689000,0.0006056935190793457
1629835719000,0.0
1629835749000,0.0
1629835779000,0.0
1629835809000,0.0
1629835839000,0.0
1629835869000,0.0
1629835899000,0.0
1629835929000,0.0006203473945409428
1629835959000,0.0
1629835989000,0.0006127450980392157
1629836019000,0.0005988023952095807
1629836049000,0.0
1629836079000,0.0
1629836109000,0.0006064281382656155
1629836139000,0.0
1629836169000,0.0006138735420503376
1629836199000,0.0
1629836229000,0.0005868544600938967
1629836259000,0.0
1629836289000,0.0
1629836319000,0.0
1629836349000,0.0
1629836379000,0.0005945303210463732
1629836409000,0.0006101281269066504
1629836439000,0.0
1629836469000,0.0
1629836499000,0.0006024096385542169
1629836529000,0.0
1629836559000,0.0
1629836589000,0.0
1629836619000,0.0
1629836649000,0.0
1629836679000,0.0
1629836709000,0.0006101281269066504
1629836739000,0.0
1629836769000,0.0
1629836799000,0.0
1629836829000,0.0
1629836859000,0.0
1629836889000,0.0
1629836919000,0.0
1629836949000,0.0
1629836979000,0.0
1629837009000,0.0006038647342995169
1629837039000,0.0
1629837069000,0.0
1629837099000,0.0
1629837129000,0.0
1629837159000,0.0
1629837189000,0.0006093845216331506
1629837219000,0.0006097560975609756
1629837249000,0.0
1629837279000,0.0
1629837309000,0.0
1629837339000,0.0
1629837369000,0.0
1629837399000,0.0
1629837429000,0.0
1629837459000,0.0
1629837489000,0.0006172839506172839
1629837519000,0.0
1629837549000,0.0
1629837579000,0.0
1629837609000,0.0
1629837639000,0.0
1629837669000,0.0005963029218843173
1629837699000,0.0
1629837729000,0.0006082725060827251
1629837759000,0.0
1629837789000,0.001180637544273908
1629837819000,0.0
1629837849000,0.0
1629837879000,0.0
1629837909000,0.0
1629837939000,0.0
1629837969000,0.0
1629837999000,0.0
1629838029000,0.000588235294117647
1629838059000,0.0
1629838089000,0.0
1629838119000,0.0
1629838149000,0.0
1629838179000,0.0011983223487118035
1629838209000,0.0
1629838239000,0.0006020469596628537
1629838269000,0.0
1629838299000,0.0
1629838329000,0.0
1629838359000,0.0
1629838389000,0.0
1629838419000,0.0
1629838449000,0.0
1629838479000,0.0
1629838509000,0.0
1629838539000,0.0
1629838569000,0.0
1629838599000,0.0005851375073142189
1629838629000,0.0
1629838659000,0.0
1629838689000,0.0006027727546714887
1629838719000,0.0
1629838749000,0.0006064281382656155
1629838779000,0.0
1629838809000,0.0
1629838839000,0.0
1629838869000,0.0
1629838899000,0.0
1629838929000,0.0
1629838959000,0.0
1629838989000,0.0
1629839019000,0.0006013229104028864
1629839049000,0.0006031363088057902
1629839079000,0.0
1629839109000,0.0
1629839139000,0.0
1629839169000,0.0006127450980392157
1629839199000,0.0
1629839229000,0.0
1629839259000,0.0
1629839289000,0.0006045949214026603
1629839319000,0.0
1629839349000,0.0
1629839379000,0.0
1629839409000,0.0
1629839439000,0.0006157635467980296
1629839469000,0.0
1629839499000,0.0
1629839529000,0.0
1629839559000,0.0
1629839589000,0.0
1629839619000,0.0
1629839649000,0.0
1629839679000,0.0
1629839709000,0.0
1629839739000,0.0
1629839769000,0.0006101281269066504
1629839799000,0.0005955926146515784
1629839829000,0.0
1629839859000,0.0006105006105006105
1629839889000,0.0
1629839919000,0.0006150061500615006
1629839949000,0.0006123698714023269
1629839979000,0.0
1629840009000,0.0
1629840039000,0.0006031363088057902
1629840069000,0.0
1629840099000,0.0
1629840129000,0.0
1629840159000,0.0
1629840189000,0.0
1629840219000,0.0006086427267194157
1629840249000,0.0006006006006006006
1629840279000,0.0
1629840309000,0.0
1629840339000,0.0
1629840369000,0.0012143290831815425
1629840399000,0.0
1629840429000,0.0006031363088057902
1629840459000,0.0
1629840489000,0.0
1629840519000,0.0006108735491753207
1629840549000,0.0
1629840579000,0.0
1629840609000,0.0012084592145015106
1629840639000,0.0006056935190793457
1629840669000,0.0006150061500615006
1629840699000,0.0006090133982947625
1629840729000,0.0006016847172081829
1629840759000,0.0006127450980392157
1629840789000,0.0005959475566150177
1629840819000,0.0006134969325153375
1629840849000,0.0
1629840879000,0.0
1629840909000,0.0
1629840939000,0.001201923076923077
1629840969000,0.0
1629840999000,0.0
1629841029000,0.0
1629841059000,0.0
1629841089000,0.0
1629841119000,0.0
1629841149000,0.0
1629841179000,0.0005995203836930455
1629841209000,0.0
1629841239000,0.0005945303210463732
1629841269000,0.0
1629841299000,0.0
1629841329000,0.0
1629841359000,0.0
1629841389000,0.0
1629841419000,0.0
1629841449000,0.0
1629841479000,0.0
1629841509000,0.0
1629841539000,0.0
1629841569000,0.0005952380952380952
1629841599000,0.0
1629841629000,0.0
1629841659000,0.0
1629841689000,0.0006038647342995169
1629841719000,0.0
1629841749000,0.0
1629841779000,0.0
1629841809000,0.0
1629841839000,0.0
1629841869000,0.0006211180124223603
1629841899000,0.0
1629841929000,0.0
1629841959000,0.0
1629841989000,0.0
1629842019000,0.0
1629842049000,0.0
1629842079000,0.0005984440454817473
1629842109000,0.0
1629842139000,0.0
1629842169000,0.0006020469596628537
1629842199000,0.0005991611743559018
1629842229000,0.0
1629842259000,0.0
1629842289000,0.0006024096385542169
1629842319000,0.0006020469596628537
1629842349000,0.0006112469437652813
1629842379000,0.0
1629842409000,0.0006013229104028864
1629842439000,0.0
1629842469000,0.0
1629842499000,0.0
1629842529000,0.0
1629842559000,0.0
1629842589000,0.0
1629842619000,0.0006027727546714887
1629842649000,0.0
1629842679000,0.0
1629842709000,0.0
1629842739000,0.0
1629842769000,0.0
1629842799000,0.0
1629842829000,0.0
1629842859000,0.0
1629842889000,0.0006184291898577612
1629842919000,0.0
1629842949000,0.0
1629842979000,0.0
1629843009000,0.0006108735491753207
1629843039000,0.0
1629843069000,0.0006176652254478072
1629843099000,0.0006188118811881187
1629843129000,0.0006067961165048543
1629843159000,0.0
1629843189000,0.0006157635467980296
1629843219000,0.0006184291898577612
1629843249000,0.0
1629843279000,0.0012202562538133007
1629843309000,0.0006127450980392157
1629843339000,0.0005899705014749262
1629843369000,0.0
1629843399000,0.0
1629843429000,0.0
1629843459000,0.0006090133982947625
1629843489000,0.0
1629843519000,0.0
1629843549000,0.0
1629843579000,0.0
1629843609000,0.0006093845216331506
1629843639000,0.0
1629843669000,0.0
1629843699000,0.0
1629843729000,0.0006060606060606062
1629843759000,0.0005938242280285036
1629843789000,0.0
1629843819000,0.0
1629843849000,0.0006226650062266501
1629843879000,0.0
1629843909000,0.0
1629843939000,0.0
1629843969000,0.0005973715651135006
1629843999000,0.0
1629844029000,0.0
1629844059000,0.0
1629844089000,0.0
1629844119000,0.0
1629844149000,0.0
1629844179000,0.0
1629844209000,0.0
1629844239000,0.0006049606775559589
1629844269000,0.0006226650062266501
1629844299000,0.0
1629844329000,0.0
1629844359000,0.0006064281382656155
1629844389000,0.0
1629844419000,0.0
1629844449000,0.0006038647342995169
1629844479000,0.0006090133982947625
1629844509000,0.0006067961165048543
1629844539000,0.0006049606775559589
1629844569000,0.0005980861244019139
1629844599000,0.0005955926146515784
1629844629000,0.0
1629844659000,0.0
1629844689000,0.0006020469596628537
1629844719000,0.0
1629844749000,0.0005991611743559018
1629844779000,0.0
1629844809000,0.0
1629844839000,0.0
1629844869000,0.0
1629844899000,0.0
1629844929000,0.0
1629844959000,0.0005906674542232723
1629844989000,0.0011918951132300355
1629845019000,0.0
1629845049000,0.0006086427267194157
1629845079000,0.0012004801920768304
1629845109000,0.0
1629845139000,0.0006090133982947625
1629845169000,0.0
1629845199000,0.0
1629845229000,0.0
1629845259000,0.0
1629845289000,0.0
1629845319000,0.0
1629845349000,0.0
1629845379000,0.0
1629845409000,0.0
1629845439000,0.0
1629845469000,0.0
1629845499000,0.0006035003017501509
1629845529000,0.0
1629845559000,0.0
1629845589000,0.0
1629845619000,0.0
1629845649000,0.0
1629845679000,0.0
1629845709000,0.0
1629845739000,0.0006071645415907711
1629845769000,0.0
1629845799000,0.0
1629845829000,0.0006079027355623102
1629845859000,0.0006067961165048543
1629845889000,0.0
1629845919000,0.0
1629845949000,0.0
1629845979000,0.0
1629846009000,0.0
1629846039000,0.0006097560975609756
1629846069000,0.0
1629846099000,0.0
1629846129000,0.0
1629846159000,0.0
1629846189000,0.0
1629846219000,0.0006108735491753207
1629846249000,0.0006079027355623102
1629846279000,0.0
1629846309000,0.0
1629846339000,0.0
1629846369000,0.0
1629846399000,0.0
1629846429000,0.0
1629846459000,0.0
1629846489000,0.0
1629846519000,0.0
1629846549000,0.0
1629846579000,0.0
1629846609000,0.0006119951040391675
1629846639000,0.0005952380952380952
1629846669000,0.0006119951040391675
1629846699000,0.0
1629846729000,0.0
1629846759000,0.0
1629846789000,0.0
1629846819000,0.0006013229104028864
1629846849000,0.0005970149253731342
1629846879000,0.0
1629846909000,0.0
1629846939000,0.0
1629846969000,0.0
1629846999000,0.0
1629847029000,0.0006142506142506142
1629847059000,0.0005952380952380952
1629847089000,0.0
1629847119000,0.0
1629847149000,0.0
1629847179000,0.0
1629847209000,0.0
1629847239000,0.0
1629847269000,0.0
1629847299000,0.0
1629847329000,0.0006180469715698393
1629847359000,0.0006075334143377885
1629847389000,0.0006097560975609756
1629847419000,0.0
1629847449000,0.0005941770647653001
1629847479000,0.0
1629847509000,0.0
1629847539000,0.0
1629847569000,0.0005955926146515784
1629847599000,0.0
1629847629000,0.0
1629847659000,0.0
1629847689000,0.0
1629847719000,0.0
1629847749000,0.0
1629847779000,0.0006056935190793457
1629847809000,0.0
1629847839000,0.0
1629847869000,0.0
1629847899000,0.0006035003017501509
1629847929000,0.0
1629847959000,0.0006134969325153375
1629847989000,0.0
1629848019000,0.0
1629848049000,0.0
1629848079000,0.0
1629848109000,0.0006020469596628537
1629848139000,0.0006038647342995169
1629848169000,0.0
1629848199000,0.0
1629848229000,0.0
1629848259000,0.0
1629848289000,0.001212856276531231
1629848319000,0.0
1629848349000,0.0
1629848379000,0.0
1629848409000,0.0
1629848439000,0.0005941770647653001
1629848469000,0.0
1629848499000,0.0
1629848529000,0.0
1629848559000,0.0
1629848589000,0.0006060606060606062
1629848619000,0.0
1629848649000,0.0
1629848679000,0.0
1629848709000,0.0
1629848739000,0.0006002400960384152
1629848769000,0.0
1629848799000,0.0
1629848829000,0.0
1629848859000,0.0005945303210463732
1629848889000,0.0
1629848919000,0.0005889281507656067
1629848949000,0.0006009615384615385
1629848979000,0.0012217470983506415
1629849009000,0.0006035003017501509
1629849039000,0.0
1629849069000,0.0005980861244019139
1629849099000,0.0
1629849129000,0.0
1629849159000,0.0
1629849189000,0.0005988023952095807
1629849219000,0.0006067961165048543
1629849249000,0.0
1629849279000,0.0
1629849309000,0.0
1629849339000,0.0
1629849369000,0.0006071645415907711
1629849399000,0.0
1629849429000,0.0006131207847946045
1629849459000,0.0
1629849489000,0.0
1629849519000,0.0
1629849549000,0.0006119951040391675
1629849579000,0.0005931198102016608
1629849609000,0.0006112469437652813
1629849639000,0.0006180469715698393
1629849669000,0.0
1629849699000,0.0
1629849729000,0.0
1629849759000,0.0
1629849789000,0.0006105006105006105
1629849819000,0.0
1629849849000,0.0
1629849879000,0.0
1629849909000,0.0
1629849939000,0.0
1629849969000,0.0
1629849999000,0.0006082725060827251
1629850029000,0.0
1629850059000,0.0
1629850089000,0.0006097560975609756
1629850119000,0.0
1629850149000,0.0
1629850179000,0.0006006006006006006
1629850209000,0.0
1629850239000,0.0006035003017501509
1629850269000,0.0
1629850299000,0.0
1629850329000,0.0
1629850359000,0.0005984440454817473
1629850389000,0.0012330456226880395
1629850419000,0.0005988023952095807
1629850449000,0.0006131207847946045
1629850479000,0.0006079027355623102
1629850509000,0.0
1629850539000,0.0
1629850569000,0.0
1629850599000,0.0005934718100890207
1629850629000,0.0
1629850659000,0.0005963029218843173
1629850689000,0.0
1629850719000,0.0
1629850749000,0.0006157635467980296
1629850779000,0.0005927682276229994
1629850809000,0.0006079027355623102
1629850839000,0.0
1629850869000,0.0
1629850899000,0.0
1629850929000,0.0
1629850959000,0.0
1629850989000,0.0005938242280285036
1629851019000,0.0
1629851049000,0.0
1629851079000,0.0
1629851109000,0.0
1629851139000,0.0
1629851169000,0.0005920663114268798
1629851199000,0.0
1629851229000,0.0
1629851259000,0.0
1629851289000,0.0
1629851319000,0.0
1629851349000,0.0006009615384615385
1629851379000,0.0
1629851409000,0.0006016847172081829
1629851439000,0.0
1629851469000,0.0006131207847946045
1629851499000,0.0006038647342995169
1629851529000,0.0006067961165048543
1629851559000,0.0006172839506172839
1629851589000,0.0
1629851619000,0.0006112469437652813
1629851649000,0.0
1629851679000,0.0
1629851709000,0.0006211180124223603
1629851739000,0.0005959475566150177
1629851769000,0.0
1629851799000,0.0
1629851829000,0.0
1629851859000,0.0
1629851889000,0.0
1629851919000,0.0
1629851949000,0.0006086427267194157
1629851979000,0.0
1629852009000,0.0006116207951070336
1629852039000,0.0
1629852069000,0.0006112469437652813
1629852099000,0.0
1629852129000,0.0
1629852159000,0.0
1629852189000,0.0
1629852219000,0.0006002400960384152
1629852249000,0.0006075334143377885
1629852279000,0.0
1629852309000,0.0
1629852339000,0.0
1629852369000,0.0006138735420503376
1629852399000,0.0005998800239952009
1629852429000,0.0006060606060606062
1629852459000,0.0006142506142506142
1629852489000,0.0
1629852519000,0.0
1629852549000,0.0
1629852579000,0.0006064281382656155
1629852609000,0.0
1629852639000,0.0
1629852669000,0.0
1629852699000,0.0
1629852729000,0.0
1629852759000,0.0006079027355623102
1629852789000,0.0
1629852819000,0.0006060606060606062
1629852849000,0.0006127450980392157
1629852879000,0.0
1629852909000,0.0
1629852939000,0.0
1629852969000,0.0005984440454817473
1629852999000,0.0
1629853029000,0.0006079027355623102
1629853059000,0.0
1629853089000,0.0006027727546714887
1629853119000,0.0006086427267194157
1629853149000,0.0
1629853179000,0.0006016847172081829
1629853209000,0.0
1629853239000,0.0
1629853269000,0.0006127450980392157
1629853299000,0.0
1629853329000,0.0
1629853359000,0.0
1629853389000,0.0
1629853419000,0.0
1629853449000,0.0006064281382656155
1629853479000,0.0
1629853509000,0.0
1629853539000,0.0006038647342995169
1629853569000,0.0006093845216331506
1629853599000,0.0
1629853629000,0.0
1629853659000,0.0
1629853689000,0.0005995203836930455
1629853719000,0.0006090133982947625
1629853749000,0.0
1629853779000,0.0
1629853809000,0.0
1629853839000,0.0006013229104028864
1629853869000,0.0
1629853899000,0.0
1629853929000,0.0
1629853959000,0.0006097560975609756
1629853989000,0.0006082725060827251
1629854019000,0.0
1629854049000,0.0
1629854079000,0.0006042296072507553
1629854109000,0.0
1629854139000,0.0
1629854169000,0.0
1629854199000,0.0006108735491753207
1629854229000,0.0
1629854259000,0.0
1629854289000,0.0
1629854319000,0.0
1629854349000,0.0
1629854379000,0.0
1629854409000,0.0
1629854439000,0.0
1629854469000,0.0006161429451632778
1629854499000,0.0006108735491753207
1629854529000,0.0
1629854559000,0.0
1629854589000,0.0
1629854619000,0.0
1629854649000,0.0
1629854679000,0.0005977286312014345
1629854709000,0.0
1629854739000,0.0006049606775559589
1629854769000,0.0
1629854799000,0.0006203473945409428
1629854829000,0.0006082725060827251
1629854859000,0.0
1629854889000,0.0
1629854919000,0.0006075334143377885
1629854949000,0.0006165228113440197
1629854979000,0.0006067961165048543
1629855009000,0.0
1629855039000,0.0006086427267194157
1629855069000,0.0
1629855099000,0.0
1629855129000,0.0
1629855159000,0.0006090133982947625
1629855189000,0.0006093845216331506
1629855219000,0.0
1629855249000,0.0
1629855279000,0.0005991611743559018
1629855309000,0.0005824111822947001
1629855339000,0.0
1629855369000,0.0
1629855399000,0.0006086427267194157
1629855429000,0.0
1629855459000,0.0005945303210463732
1629855489000,0.0
1629855519000,0.0006009615384615385
1629855549000,0.0
1629855579000,0.0
1629855609000,0.0
1629855639000,0.0
1629855669000,0.0
1629855699000,0.0
1629855729000,0.0005973715651135006
1629855759000,0.0
1629855789000,0.0006146281499692684
1629855819000,0.0
1629855849000,0.0006105006105006105
1629855879000,0.0005991611743559018
1629855909000,0.0
1629855939000,0.0
1629855969000,0.0
1629855999000,0.0
1629856029000,0.0
1629856059000,0.0005977286312014345
1629856089000,0.0
1629856119000,0.0
1629856149000,0.0
1629856179000,0.0006090133982947625
1629856209000,0.0
1629856239000,0.0
1629856269000,0.0006006006006006006
1629856299000,0.0
1629856329000,0.0006002400960384152
1629856359000,0.0
1629856389000,0.0
1629856419000,0.0005827505827505828
1629856449000,0.0
1629856479000,0.0005941770647653001
1629856509000,0.0
1629856539000,0.0005906674542232723
1629856569000,0.0
1629856599000,0.0006002400960384152
1629856629000,0.0005955926146515784
1629856659000,0.0
1629856689000,0.0
1629856719000,0.0006157635467980296
1629856749000,0.0006207324643078832
1629856779000,0.0
1629856809000,0.0
1629856839000,0.0006056935190793457
1629856869000,0.0
1629856899000,0.000585480093676815
1629856929000,0.0
1629856959000,0.0
1629856989000,0.0005955926146515784
1629857019000,0.0
1629857049000,0.0
1629857079000,0.0
1629857109000,0.0
1629857139000,0.0006086427267194157
1629857169000,0.0006131207847946045
1629857199000,0.0
1629857229000,0.0
1629857259000,0.0006119951040391675
1629857289000,0.0
1629857319000,0.0
1629857349000,0.0006006006006006006
1629857379000,0.0
1629857409000,0.0
1629857439000,0.0
1629857469000,0.0
1629857499000,0.0
1629857529000,0.0005998800239952009
1629857559000,0.0
1629857589000,0.0
1629857619000,0.0
1629857649000,0.0006180469715698393
1629857679000,0.0
1629857709000,0.0
1629857739000,0.0006180469715698393
1629857769000,0.0
1629857799000,0.0006101281269066504
1629857829000,0.0
1629857859000,0.0
1629857889000,0.0
1629857919000,0.0
1629857949000,0.0
1629857979000,0.0
1629858009000,0.0
1629858039000,0.0
1629858069000,0.0
1629858099000,0.0006112469437652813
1629858129000,0.0005959475566150177
1629858159000,0.0006142506142506142
1629858189000,0.0
1629858219000,0.0006127450980392157
1629858249000,0.0006127450980392157
1629858279000,0.0005952380952380952
1629858309000,0.0
1629858339000,0.0
1629858369000,0.0
1629858399000,0.0
1629858429000,0.0
1629858459000,0.0
1629858489000,0.0006119951040391675
1629858519000,0.0006013229104028864
1629858549000,0.0
1629858579000,0.0
1629858609000,0.0
1629858639000,0.0
1629858669000,0.0
1629858699000,0.0
1629858729000,0.0
1629858759000,0.0006116207951070336
1629858789000,0.0
1629858819000,0.0006086427267194157
1629858849000,0.0
1629858879000,0.0
1629858909000,0.0
1629858939000,0.0
1629858969000,0.0
1629858999000,0.0
1629859029000,0.0
1629859059000,0.0
1629859089000,0.0
1629859119000,0.0
1629859149000,0.0
1629859179000,0.0005998800239952009
1629859209000,0.0
1629859239000,0.0
1629859269000,0.0006064281382656155
1629859299000,0.0
1629859329000,0.0
1629859359000,0.0
1629859389000,0.0
1629859419000,0.0
1629859449000,0.0
1629859479000,0.0
1629859509000,0.0
1629859539000,0.0006112469437652813
1629859569000,0.0005934718100890207
1629859599000,0.0
1629859629000,0.0
1629859659000,0.0
1629859689000,0.0
1629859719000,0.0
1629859749000,0.0
1629859779000,0.0
1629859809000,0.0
1629859839000,0.0
1629859869000,0.0
1629859899000,0.0
1629859929000,0.0
1629859959000,0.0
1629859989000,0.0
1629860019000,0.0
1629860049000,0.0
1629860049000,0.0
1629860049000,0.0
1629860049000,0.0
1629860079000,0.0
1629860109000,0.0006031363088057902
1629860139000,0.0
1629860169000,0.0006180469715698393
1629860199000,0.0
1629860229000,0.0
1629860259000,0.0
1629860289000,0.0005868544600938967
1629860319000,0.0
1629860349000,0.0
1629860379000,0.0
1629860409000,0.0
1629860439000,0.0
1629860469000,0.0
1629860499000,0.0
1629860529000,0.0
1629860559000,0.0
1629860589000,0.0
1629860619000,0.0
1629860649000,0.0
1629860679000,0.0
1629860709000,0.0
1629860739000,0.0
1629860769000,0.0
1629860799000,0.0005998800239952009
1629860829000,0.0006101281269066504
1629860859000,0.0
1629860889000,0.0
1629860919000,0.0
1629860949000,0.0
1629860979000,0.0006027727546714887
1629861009000,0.0
1629861039000,0.0
1629861069000,0.0
1629861099000,0.0
1629861129000,0.0
1629861159000,0.0
1629861189000,0.0
1629861219000,0.0
1629861249000,0.0006045949214026603
1629861279000,0.0006035003017501509
1629861309000,0.0006131207847946045
1629861339000,0.0
1629861369000,0.0
1629861399000,0.0
1629861429000,0.0
1629861459000,0.0
1629861489000,0.0
1629861519000,0.0006064281382656155
1629861549000,0.0
1629861579000,0.0
1629861609000,0.0
1629861639000,0.001177856301531213
1629861669000,0.0
1629861699000,0.0
1629861729000,0.0
1629861759000,0.0
1629861789000,0.0
1629861819000,0.0
1629861849000,0.0006020469596628537
1629861879000,0.0
1629861909000,0.0
1629861939000,0.0
1629861969000,0.0005970149253731342
1629861999000,0.0
1629862029000,0.0006024096385542169
1629862059000,0.0005973715651135006
1629862089000,0.0
1629862119000,0.0
1629862149000,0.0
1629862179000,0.0
1629862209000,0.0006056935190793457
1629862239000,0.0006090133982947625
1629862269000,0.0006020469596628537
1629862299000,0.0005945303210463732
1629862329000,0.0
1629862359000,0.0
1629862389000,0.0
1629862419000,0.0
1629862449000,0.0
1629862479000,0.0005980861244019139
1629862509000,0.0006024096385542169
1629862539000,0.0
1629862569000,0.0
1629862599000,0.0
1629862629000,0.0
1629862659000,0.0
1629862689000,0.0
1629862719000,0.0011897679952409279
1629862749000,0.0
1629862779000,0.0005977286312014345
1629862809000,0.0
1629862839000,0.0
1629862869000,0.0005938242280285036
1629862899000,0.0
1629862929000,0.0
1629862959000,0.0
1629862989000,0.0
1629863019000,0.0006045949214026603
1629863049000,0.0
1629863079000,0.0005998800239952009
1629863109000,0.0006016847172081829
1629863139000,0.0
1629863169000,0.0005984440454817473
1629863199000,0.0
1629863229000,0.0
1629863259000,0.0
1629863289000,0.0
1629863319000,0.0
1629863349000,0.0
1629863379000,0.0006153846153846153
1629863409000,0.0
1629863439000,0.0
1629863469000,0.0
1629863499000,0.0
1629863529000,0.0
1629863559000,0.0
1629863589000,0.0006053268765133173
1629863619000,0.0
1629863649000,0.0
1629863679000,0.0
1629863709000,0.0
1629863739000,0.0
1629863769000,0.0
1629863799000,0.0006176652254478072
1629863829000,0.0
1629863859000,0.0
1629863889000,0.0
1629863919000,0.0
1629863949000,0.0
1629863979000,0.0006042296072507553
1629864009000,0.0006086427267194157
1629864039000,0.0
1629864069000,0.0
1629864099000,0.0005868544600938967
1629864129000,0.0
1629864159000,0.0
1629864189000,0.0005998800239952009
1629864219000,0.0
1629864249000,0.0
1629864279000,0.0006150061500615006
1629864309000,0.0005963029218843173
1629864339000,0.0
1629864369000,0.0
1629864399000,0.0
1629864429000,0.0005988023952095807
1629864459000,0.0005913660555884093
1629864489000,0.0
1629864519000,0.0
1629864549000,0.0
1629864579000,0.0
1629864609000,0.0
1629864639000,0.0006161429451632778
1629864669000,0.0
1629864699000,0.0
1629864729000,0.0
1629864759000,0.0
1629864789000,0.0
1629864819000,0.0
1629864849000,0.0
1629864879000,0.0
1629864909000,0.0
1629864939000,0.0
1629864969000,0.0
1629864999000,0.0
1629865029000,0.0006101281269066504
1629865059000,0.0
1629865089000,0.0
1629865119000,0.0
1629865149000,0.0006024096385542169
1629865179000,0.0
1629865209000,0.0
1629865239000,0.0005885815185403178
1629865269000,0.0006079027355623102
1629865299000,0.0
1629865329000,0.0006024096385542169
1629865359000,0.0006082725060827251
1629865389000,0.0
1629865419000,0.0
1629865449000,0.0
1629865479000,0.0005984440454817473
1629865509000,0.0005991611743559018
1629865539000,0.0
1629865569000,0.0
1629865599000,0.0
1629865629000,0.0005952380952380952
1629865659000,0.0005966587112171838
1629865689000,0.0005941770647653001
1629865719000,0.0005991611743559018
1629865749000,0.0
1629865779000,0.0006142506142506142
1629865809000,0.0
1629865839000,0.0006016847172081829
1629865869000,0.0
1629865899000,0.0
1629865929000,0.0012091898428053206
1629865959000,0.0
1629865989000,0.0
1629866019000,0.0
1629866049000,0.0
1629866079000,0.0006045949214026603
1629866109000,0.0
1629866139000,0.0006086427267194157
1629866169000,0.0006013229104028864
1629866199000,0.0
1629866229000,0.0006165228113440197
1629866259000,0.0
1629866289000,0.0006064281382656155
1629866319000,0.0
1629866349000,0.0
1629866379000,0.0
1629866409000,0.0
1629866439000,0.0
1629866469000,0.0
1629866499000,0.0
1629866529000,0.0006027727546714887
1629866559000,0.0006031363088057902
1629866589000,0.0
1629866619000,0.0
1629866649000,0.0005988023952095807
1629866679000,0.0
1629866709000,0.0006031363088057902
1629866739000,0.0
1629866769000,0.0
1629866799000,0.0
1629866829000,0.0
1629866859000,0.0006134969325153375
1629866889000,0.0
1629866919000,0.0
1629866949000,0.0
1629866979000,0.0
1629867009000,0.0
1629867039000,0.0
1629867069000,0.0006142506142506142
1629867099000,0.0006165228113440197
1629867129000,0.0006056935190793457
1629867159000,0.0
1629867189000,0.0
1629867219000,0.0
1629867249000,0.0
1629867279000,0.0
1629867309000,0.0006090133982947625
1629867339000,0.0
1629867369000,0.0
1629867399000,0.0
1629867429000,0.0005955926146515784
1629867459000,0.0
1629867489000,0.0006161429451632778
1629867519000,0.0
1629867549000,0.0
1629867579000,0.0
1629867609000,0.0
1629867639000,0.0
1629867669000,0.0
1629867699000,0.0006119951040391675
1629867729000,0.0
1629867759000,0.0006150061500615006
1629867789000,0.0005973715651135006
1629867819000,0.0
1629867849000,0.0
1629867879000,0.0
1629867909000,0.0
1629867939000,0.0005963029218843173
1629867969000,0.0
1629867999000,0.0
1629868029000,0.0
1629868059000,0.0006031363088057902
1629868089000,0.0012062726176115801
1629868119000,0.0
1629868149000,0.0006009615384615385
1629868179000,0.0
1629868209000,0.0006071645415907711
1629868239000,0.0
1629868269000,0.0
1629868299000,0.0
1629868329000,0.0006127450980392157
1629868359000,0.0
1629868389000,0.0
1629868419000,0.0
1629868449000,0.0006184291898577612
1629868479000,0.0
1629868509000,0.0005830903790087462
1629868539000,0.0006020469596628537
1629868569000,0.0006108735491753207
1629868599000,0.0
1629868629000,0.0
1629868659000,0.0
1629868689000,0.0006016847172081829
1629868719000,0.0
1629868749000,0.0
1629868779000,0.0
1629868809000,0.0
1629868839000,0.0
1629868869000,0.0006176652254478072
1629868899000,0.0
1629868929000,0.0
1629868959000,0.0
1629868989000,0.0
1629869019000,0.0006045949214026603
1629869049000,0.0
1629869079000,0.0
1629869109000,0.0
1629869139000,0.0006191950464396285
1629869169000,0.0
1629869199000,0.0
1629869229000,0.0
1629869259000,0.0006131207847946045
1629869289000,0.0
1629869319000,0.0
1629869349000,0.0006131207847946045
1629869379000,0.0
1629869409000,0.0
1629869439000,0.0006108735491753207
1629869469000,0.0006060606060606062
1629869499000,0.0
1629869529000,0.0005991611743559018
1629869559000,0.0
1629869589000,0.0
1629869619000,0.0
1629869649000,0.0
1629869679000,0.0
1629869709000,0.0005945303210463732
1629869739000,0.0
1629869769000,0.0
1629869799000,0.0006024096385542169
1629869829000,0.0
1629869859000,0.0
1629869889000,0.0
1629869919000,0.0
1629869949000,0.0
1629869979000,0.0006150061500615006
1629870009000,0.0
1629870039000,0.0
1629870069000,0.0
1629870099000,0.0
1629870129000,0.0
1629870159000,0.0
1629870189000,0.0
1629870219000,0.0
1629870249000,0.0
1629870279000,0.0
1629870309000,0.0
1629870339000,0.0
1629870369000,0.0
1629870399000,0.0
1629870429000,0.0
1629870459000,0.0006082725060827251
1629870489000,0.0
1629870519000,0.0
1629870549000,0.0006082725060827251
1629870579000,0.0
1629870609000,0.0
1629870639000,0.0
1629870669000,0.0
1629870699000,0.0
1629870729000,0.0
1629870759000,0.0
1629870789000,0.0
1629870819000,0.0
1629870849000,0.0
1629870879000,0.0006079027355623102
1629870909000,0.0
1629870939000,0.0
1629870969000,0.0
1629870999000,0.0011785503830288745
1629871029000,0.0006013229104028864
1629871059000,0.0
1629871089000,0.0005988023952095807
1629871119000,0.0
1629871149000,0.0
1629871179000,0.0006191950464396285
1629871209000,0.0
1629871239000,0.0006020469596628537
1629871269000,0.0006191950464396285
1629871299000,0.0
1629871329000,0.0005931198102016608
1629871359000,0.0
1629871389000,0.0
1629871419000,0.0006067961165048543
1629871449000,0.0006064281382656155
1629871479000,0.0006045949214026603
1629871509000,0.0
1629871539000,0.0
1629871569000,0.0
1629871599000,0.0006131207847946045
1629871629000,0.0
1629871659000,0.0
1629871689000,0.0005938242280285036
1629871719000,0.0005941770647653001
1629871749000,0.0006045949214026603
1629871779000,0.0
1629871809000,0.0
1629871839000,0.0006138735420503376
1629871869000,0.0
1629871899000,0.0
1629871929000,0.0
1629871959000,0.0006082725060827251
1629871989000,0.0
1629872019000,0.0006053268765133173
1629872049000,0.0
1629872079000,0.0006009615384615385
1629872109000,0.0
1629872139000,0.0
1629872169000,0.0006053268765133173
1629872199000,0.0
1629872229000,0.0
1629872259000,0.0
1629872289000,0.0
1629872319000,0.0
1629872349000,0.0
1629872379000,0.0
1629872409000,0.0
1629872439000,0.0
1629872469000,0.0
1629872499000,0.0
1629872529000,0.0
1629872559000,0.0
1629872589000,0.0
1629872619000,0.0
1629872649000,0.0006112469437652813
1629872679000,0.0
1629872709000,0.0
1629872739000,0.0
1629872769000,0.0
1629872799000,0.0
1629872829000,0.0
1629872859000,0.0
1629872889000,0.0
1629872919000,0.0
1629872949000,0.0
1629872979000,0.0
1629873009000,0.0006108735491753207
1629873039000,0.0
1629873069000,0.0
1629873099000,0.0
1629873129000,0.0006071645415907711
1629873159000,0.0
1629873189000,0.0006031363088057902
1629873219000,0.0
1629873249000,0.0
1629873279000,0.0
1629873309000,0.0
1629873339000,0.0
1629873369000,0.0
1629873399000,0.0006101281269066504
1629873429000,0.0
1629873459000,0.0
1629873489000,0.0
1629873519000,0.0005941770647653001
1629873549000,0.0006184291898577612
1629873579000,0.0
1629873609000,0.0
1629873639000,0.0
1629873669000,0.0
1629873699000,0.0
1629873729000,0.0006161429451632778
1629873759000,0.0
1629873789000,0.0
1629873819000,0.0
1629873849000,0.0
1629873879000,0.0006150061500615006
1629873909000,0.0
1629873939000,0.0
1629873969000,0.0
1629873999000,0.0
1629874029000,0.0
1629874059000,0.0005899705014749262
1629874089000,0.0
1629874119000,0.0
1629874149000,0.0
1629874179000,0.0
1629874209000,0.0
1629874239000,0.0005988023952095807
1629874269000,0.0006119951040391675
1629874299000,0.0
1629874329000,0.0
1629874359000,0.0
1629874389000,0.0
1629874419000,0.0
1629874449000,0.0
1629874479000,0.0
1629874509000,0.0
1629874539000,0.0
1629874569000,0.0012135922330097086
1629874599000,0.0
1629874629000,0.0
1629874659000,0.0
1629874689000,0.0
1629874719000,0.0
1629874749000,0.0
1629874779000,0.0
1629874809000,0.0
1629874839000,0.0005963029218843173
1629874869000,0.0005948839976204639
1629874899000,0.0
1629874929000,0.0006045949214026603
1629874959000,0.0
1629874989000,0.0
1629875019000,0.0
1629875049000,0.0
1629875079000,0.0
1629875109000,0.0005991611743559018
1629875139000,0.0
1629875169000,0.0
1629875199000,0.0006112469437652813
1629875229000,0.0
1629875259000,0.0006031363088057902
1629875289000,0.0
1629875319000,0.0
1629875349000,0.0006090133982947625
1629875379000,0.0
1629875409000,0.0006082725060827251
1629875439000,0.0
1629875469000,0.000588235294117647
1629875499000,0.0006002400960384152
1629875529000,0.0006093845216331506
1629875559000,0.0
1629875589000,0.0
1629875619000,0.0
1629875649000,0.0005998800239952009
1629875679000,0.0
1629875709000,0.0
1629875739000,0.0
1629875769000,0.0006049606775559589
1629875799000,0.0006009615384615385
1629875829000,0.0006090133982947625
1629875859000,0.0006127450980392157
1629875889000,0.0006097560975609756
1629875919000,0.0
1629875949000,0.0
1629875979000,0.0
1629876009000,0.0
1629876039000,0.0005913660555884093
1629876069000,0.0
1629876099000,0.0
1629876129000,0.0005988023952095807
1629876159000,0.0006035003017501509
1629876189000,0.0006165228113440197
1629876219000,0.0
1629876249000,0.0006024096385542169
1629876279000,0.0005998800239952009
1629876309000,0.0
1629876339000,0.0006116207951070336
1629876369000,0.0012070006035003018
1629876399000,0.0
1629876429000,0.0006203473945409428
1629876459000,0.0
1629876489000,0.0
1629876519000,0.0
1629876549000,0.0
1629876579000,0.0006169031462060457
1629876609000,0.0006188118811881187
1629876639000,0.0005934718100890207
1629876669000,0.0
1629876699000,0.0006079027355623102
1629876729000,0.0
1629876759000,0.0
1629876789000,0.0
1629876819000,0.0006123698714023269
1629876849000,0.0
1629876879000,0.0
1629876909000,0.0005977286312014345
1629876939000,0.0006119951040391675
1629876969000,0.0006075334143377885
1629876999000,0.0
1629877029000,0.0006064281382656155
1629877059000,0.0
1629877089000,0.0
1629877119000,0.0
1629877149000,0.0
1629877179000,0.0
1629877209000,0.0
1629877239000,0.0
1629877269000,0.0
1629877299000,0.0
1629877329000,0.0
1629877359000,0.0
1629877389000,0.0
1629877419000,0.0
1629877449000,0.0
1629877479000,0.0
1629877509000,0.0006045949214026603
1629877539000,0.0
1629877569000,0.0
1629877599000,0.0
1629877629000,0.0005861664712778429
1629877659000,0.0
1629877689000,0.0006127450980392157
1629877719000,0.0
1629877749000,0.0006153846153846153
1629877779000,0.0
1629877809000,0.0
1629877839000,0.0
1629877869000,0.0
1629877899000,0.0
1629877929000,0.0
1629877959000,0.0
1629877989000,0.0
1629878019000,0.0
1629878049000,0.0005868544600938967
1629878079000,0.0
1629878109000,0.0006056935190793457
1629878139000,0.0006067961165048543
1629878169000,0.0
1629878199000,0.0006056935190793457
1629878229000,0.0
1629878259000,0.0
1629878289000,0.0
1629878319000,0.0006105006105006105
1629878349000,0.0006188118811881187
1629878379000,0.0
1629878409000,0.0
1629878439000,0.0
1629878469000,0.0
1629878499000,0.0005998800239952009
1629878529000,0.0
1629878559000,0.0
1629878589000,0.0
1629878619000,0.0
1629878649000,0.0017878426698450535
1629878679000,0.0
1629878709000,0.0
1629878739000,0.0
1629878769000,0.0006112469437652813
1629878799000,0.0
1629878829000,0.0
1629878859000,0.0
1629878889000,0.0
1629878919000,0.0
1629878949000,0.0
1629878979000,0.0
1629879009000,0.0
1629879039000,0.0006071645415907711
1629879069000,0.0
1629879099000,0.0
1629879129000,0.0
1629879159000,0.0
1629879189000,0.0
1629879219000,0.0
1629879249000,0.0006071645415907711
1629879279000,0.0006035003017501509
1629879309000,0.0
1629879339000,0.0
1629879369000,0.0006009615384615385
1629879399000,0.0
1629879429000,0.0
1629879459000,0.0
1629879489000,0.0006013229104028864
1629879519000,0.0
1629879549000,0.0
1629879579000,0.0
1629879609000,0.0006123698714023269
1629879639000,0.0
1629879669000,0.0006031363088057902
1629879699000,0.0
1629879729000,0.0006049606775559589
1629879759000,0.0
1629879789000,0.0006060606060606062
1629879819000,0.0006079027355623102
1629879849000,0.0006006006006006006
1629879879000,0.0
1629879909000,0.0006082725060827251
1629879939000,0.0
1629879969000,0.0006119951040391675
1629879999000,0.0005970149253731342
1629880029000,0.0006188118811881187
1629880059000,0.0
1629880089000,0.0006093845216331506
1629880119000,0.0
1629880149000,0.0
1629880179000,0.0006127450980392157
1629880209000,0.0
1629880239000,0.0
1629880269000,0.0
1629880299000,0.0
1629880329000,0.0
1629880359000,0.0
1629880389000,0.0006105006105006105
1629880419000,0.0
1629880449000,0.0
1629880479000,0.0005920663114268798
1629880509000,0.0
1629880539000,0.0
1629880569000,0.0
1629880599000,0.0
1629880629000,0.0006024096385542169
1629880659000,0.0005959475566150177
1629880689000,0.0
1629880719000,0.0005991611743559018
1629880749000,0.0
1629880779000,0.0
1629880809000,0.0
1629880839000,0.0
1629880869000,0.0005977286312014345
1629880899000,0.0
1629880929000,0.0005952380952380952
1629880959000,0.0
1629880989000,0.0
1629881019000,0.0
1629881049000,0.0
1629881079000,0.0006165228113440197
1629881109000,0.0
1629881139000,0.0
1629881169000,0.0
1629881199000,0.0
1629881229000,0.0
1629881259000,0.0
1629881289000,0.0
1629881319000,0.0
1629881349000,0.0
1629881379000,0.0
1629881409000,0.0
1629881439000,0.0
1629881469000,0.0
1629881499000,0.0
1629881529000,0.0006027727546714887
1629881559000,0.0
1629881589000,0.0
1629881619000,0.0005980861244019139
1629881649000,0.0
1629881679000,0.0
1629881709000,0.0
1629881739000,0.0
1629881769000,0.0
1629881799000,0.0006138735420503376
1629881829000,0.0
1629881859000,0.0006086427267194157
1629881889000,0.0
1629881919000,0.0
1629881949000,0.0
1629881979000,0.0006013229104028864
1629882009000,0.0
1629882039000,0.0
1629882069000,0.0
1629882099000,0.0
1629882129000,0.0
1629882159000,0.0
1629882189000,0.0
1629882219000,0.0
1629882249000,0.0
1629882279000,0.0
1629882309000,0.0005865102639296188
1629882339000,0.0
1629882369000,0.0
1629882399000,0.0
1629882429000,0.0
1629882459000,0.0
1629882489000,0.0
1629882519000,0.0
1629882549000,0.0006165228113440197
1629882579000,0.0
1629882609000,0.0
1629882639000,0.0005991611743559018
1629882669000,0.0
1629882699000,0.0
1629882729000,0.0
1629882759000,0.0006086427267194157
1629882789000,0.0
1629882819000,0.0
1629882849000,0.0
1629882879000,0.0
1629882909000,0.0
1629882939000,0.0006013229104028864
1629882969000,0.0
1629882999000,0.0
1629883029000,0.0
1629883059000,0.0
1629883089000,0.0
1629883119000,0.0
1629883149000,0.0
1629883179000,0.0
1629883209000,0.0
1629883239000,0.0
1629883269000,0.0
1629883299000,0.0006067961165048543
1629883329000,0.0
1629883359000,0.0
1629883389000,0.0
1629883419000,0.0
1629883449000,0.0
1629883479000,0.0006009615384615385
1629883509000,0.0
1629883539000,0.0
1629883569000,0.0
1629883599000,0.0006075334143377885
1629883629000,0.0
1629883659000,0.0
1629883689000,0.0
1629883719000,0.0006045949214026603
1629883749000,0.001218026796589525
1629883779000,0.0
1629883809000,0.0
1629883839000,0.0
1629883869000,0.0
1629883899000,0.0005948839976204639
1629883929000,0.0
1629883959000,0.0
1629883989000,0.0
1629884019000,0.0
1629884049000,0.0
1629884079000,0.0
1629884109000,0.0006093845216331506
1629884139000,0.0
1629884169000,0.0
1629884199000,0.0005970149253731342
1629884229000,0.0
1629884259000,0.0005966587112171838
1629884289000,0.0
1629884319000,0.0006002400960384152
1629884349000,0.0006064281382656155
1629884379000,0.0
1629884409000,0.0
1629884439000,0.0005998800239952009
1629884469000,0.0
1629884499000,0.0
1629884529000,0.0005991611743559018
1629884559000,0.0
1629884589000,0.0
1629884619000,0.0
1629884649000,0.0
1629884679000,0.0
1629884709000,0.0006191950464396285
1629884739000,0.0006093845216331506
1629884769000,0.0
1629884799000,0.0
1629884829000,0.0006180469715698393
1629884859000,0.0006024096385542169
1629884889000,0.0
1629884919000,0.0
1629884949000,0.0006116207951070336
1629884979000,0.0
1629885009000,0.0
1629885039000,0.0
1629885069000,0.0
1629885099000,0.0
1629885129000,0.0
1629885159000,0.0
1629885189000,0.0
1629885219000,0.0
1629885249000,0.0012091898428053206
1629885279000,0.0
1629885309000,0.0
1629885339000,0.0
1629885369000,0.0
1629885399000,0.0
1629885429000,0.0
1629885459000,0.0
1629885489000,0.0
1629885519000,0.0
1629885549000,0.0006146281499692684
1629885579000,0.0006038647342995169
1629885609000,0.0
1629885639000,0.0
1629885669000,0.0
1629885699000,0.0
1629885729000,0.0006006006006006006
1629885759000,0.0006075334143377885
1629885789000,0.0
1629885819000,0.0
1629885849000,0.0
1629885879000,0.0
1629885909000,0.0006093845216331506
1629885939000,0.0005955926146515784
1629885969000,0.0
1629885999000,0.0006006006006006006
1629886029000,0.0006045949214026603
1629886059000,0.0
1629886089000,0.0
1629886119000,0.0
1629886149000,0.0005995203836930455
1629886179000,0.0
1629886209000,0.0
1629886239000,0.0
1629886269000,0.0
1629886299000,0.0
1629886329000,0.0
1629886359000,0.0
1629886389000,0.0005998800239952009
1629886419000,0.0
1629886449000,0.0
1629886479000,0.0
1629886509000,0.0
1629886539000,0.0
1629886569000,0.0
1629886599000,0.0
1629886629000,0.0
1629886659000,0.0
1629886689000,0.0
1629886719000,0.0006013229104028864
1629886749000,0.0
1629886779000,0.0006093845216331506
1629886809000,0.0
1629886839000,0.0
1629886869000,0.0
1629886899000,0.0
1629886929000,0.0
1629886959000,0.0005959475566150177
1629886989000,0.0
1629887019000,0.0
1629887049000,0.0006215040397762585
1629887079000,0.0005977286312014345
1629887109000,0.0
1629887139000,0.0006009615384615385
1629887169000,0.0006188118811881187
1629887199000,0.0005952380952380952
1629887229000,0.0
1629887259000,0.0
1629887289000,0.0012202562538133007
1629887319000,0.0
1629887349000,0.0
1629887379000,0.0
1629887409000,0.0
1629887439000,0.001199040767386091
1629887469000,0.0
1629887499000,0.0
1629887529000,0.0006042296072507553
1629887559000,0.0
1629887589000,0.0
1629887619000,0.0
1629887649000,0.0006161429451632778
1629887679000,0.0005899705014749262
1629887709000,0.0
1629887739000,0.0
1629887769000,0.0006142506142506142
1629887799000,0.0
1629887829000,0.0006180469715698393
1629887859000,0.0
1629887889000,0.0
1629887919000,0.0
1629887949000,0.0
1629887979000,0.0006042296072507553
1629888009000,0.0
1629888039000,0.0
1629888069000,0.0006053268765133173
1629888099000,0.0006105006105006105
1629888129000,0.0
1629888159000,0.0
1629888189000,0.0
1629888219000,0.0
1629888249000,0.0
1629888279000,0.0006002400960384152
1629888309000,0.0011862396204033216
1629888339000,0.0
1629888369000,0.0
1629888399000,0.0
1629888429000,0.0005959475566150177
1629888459000,0.0005991611743559018
1629888489000,0.0
1629888519000,0.0
1629888549000,0.0
1629888579000,0.0006060606060606062
1629888609000,0.0006127450980392157
1629888639000,0.0
1629888669000,0.0
1629888699000,0.0
1629888729000,0.0
1629888759000,0.0
1629888789000,0.0
1629888819000,0.0
1629888849000,0.0
1629888879000,0.0
1629888909000,0.0
1629888939000,0.0
1629888969000,0.0
1629888999000,0.0
1629889029000,0.0
1629889059000,0.0
1629889089000,0.0
1629889119000,0.0
1629889149000,0.0
1629889179000,0.0
1629889209000,0.0
1629889239000,0.0
1629889269000,0.0
1629889299000,0.0
1629889329000,0.0
1629889359000,0.0006142506142506142
1629889389000,0.0
1629889419000,0.0
1629889449000,0.0
1629889479000,0.0006119951040391675
1629889509000,0.0005988023952095807
1629889539000,0.0
1629889569000,0.0
1629889599000,0.0
1629889629000,0.0
1629889659000,0.0
1629889689000,0.0
1629889719000,0.0
1629889749000,0.0
1629889779000,0.0
1629889809000,0.0
1629889839000,0.0
1629889869000,0.0
1629889899000,0.0
1629889929000,0.0
1629889959000,0.0006009615384615385
1629889989000,0.0
1629890019000,0.0
1629890049000,0.0
1629890079000,0.0006042296072507553
1629890109000,0.0006146281499692684
1629890139000,0.0006049606775559589
1629890169000,0.0006097560975609756
1629890199000,0.0
1629890229000,0.0006002400960384152
1629890259000,0.0
1629890289000,0.0
1629890319000,0.0
1629890349000,0.0
1629890379000,0.0
1629890409000,0.0
1629890439000,0.0
1629890469000,0.0
1629890499000,0.0
1629890529000,0.0
1629890559000,0.0
1629890589000,0.0
1629890619000,0.0005995203836930455
1629890649000,0.0
1629890679000,0.0
1629890709000,0.0
1629890739000,0.0
1629890769000,0.0
1629890799000,0.0
1629890829000,0.0005924170616113746
1629890859000,0.0006009615384615385
1629890889000,0.0006146281499692684
1629890919000,0.0
1629890949000,0.0006013229104028864
1629890979000,0.0
1629891009000,0.0
1629891039000,0.0
1629891069000,0.0
1629891099000,0.0005991611743559018
1629891129000,0.0
1629891159000,0.0006119951040391675
1629891189000,0.0
1629891219000,0.0006131207847946045
1629891249000,0.0006075334143377885
1629891279000,0.0
1629891309000,0.0
1629891339000,0.0006060606060606062
1629891369000,0.0006060606060606062
1629891399000,0.0005941770647653001
1629891429000,0.0006045949214026603
1629891459000,0.0
1629891489000,0.0006165228113440197
1629891519000,0.0
1629891549000,0.0
1629891579000,0.0006049606775559589
1629891609000,0.0
1629891639000,0.0
1629891669000,0.0
1629891699000,0.0
1629891729000,0.0005899705014749262
1629891759000,0.0006056935190793457
1629891789000,0.0
1629891819000,0.0006075334143377885
1629891849000,0.0
1629891879000,0.0
1629891909000,0.0006056935190793457
1629891939000,0.0
1629891969000,0.0
1629891999000,0.0
1629892029000,0.0
1629892059000,0.0
1629892089000,0.0
1629892119000,0.0
1629892149000,0.0
1629892179000,0.0006146281499692684
1629892209000,0.0006060606060606062
1629892239000,0.0005991611743559018
1629892269000,0.0
1629892299000,0.0
1629892329000,0.0006134969325153375
1629892359000,0.0
1629892389000,0.0
1629892419000,0.0
1629892449000,0.0005959475566150177
1629892479000,0.0006042296072507553
1629892509000,0.0
1629892539000,0.0
1629892569000,0.0
1629892599000,0.0
1629892629000,0.0006134969325153375
1629892659000,0.0
1629892689000,0.0
1629892719000,0.0006049606775559589
1629892749000,0.0
1629892779000,0.0
1629892809000,0.0
1629892839000,0.0
1629892869000,0.0
1629892899000,0.0005966587112171838
1629892929000,0.0
1629892959000,0.0
1629892989000,0.0
1629893019000,0.0006138735420503376
1629893049000,0.0
1629893079000,0.0
1629893109000,0.0
1629893139000,0.0
1629893169000,0.0006035003017501509
1629893199000,0.0
1629893229000,0.0
1629893259000,0.0
1629893289000,0.0
1629893319000,0.0
1629893349000,0.0
1629893379000,0.0006016847172081829
1629893409000,0.0
1629893439000,0.0
1629893469000,0.0
1629893499000,0.0005973715651135006
1629893529000,0.0
1629893559000,0.0
1629893589000,0.0006082725060827251
1629893619000,0.0
1629893649000,0.0005998800239952009
1629893679000,0.0006031363088057902
1629893709000,0.0
1629893739000,0.0006161429451632778
1629893769000,0.0
1629893799000,0.0
1629893829000,0.0005948839976204639
1629893859000,0.0
1629893889000,0.0
1629893919000,0.0
1629893949000,0.0005980861244019139
1629893979000,0.0
1629894009000,0.0
1629894039000,0.0
1629894069000,0.0
1629894099000,0.0005988023952095807
1629894129000,0.0
1629894159000,0.0
1629894189000,0.0
1629894219000,0.0006161429451632778
1629894249000,0.0
1629894279000,0.0
1629894309000,0.0
1629894339000,0.0
1629894369000,0.0
1629894399000,0.0
1629894429000,0.0
1629894459000,0.0
1629894489000,0.0
1629894519000,0.0005970149253731342
1629894549000,0.0
1629894579000,0.0
1629894609000,0.0006020469596628537
1629894639000,0.0006020469596628537
1629894669000,0.0
1629894699000,0.0
1629894729000,0.0
1629894759000,0.0
1629894789000,0.0005889281507656067
1629894819000,0.0006045949214026603
1629894849000,0.0005955926146515784
1629894879000,0.0
1629894909000,0.0
1629894939000,0.0
1629894969000,0.0
1629894999000,0.0005889281507656067
1629895029000,0.0006093845216331506
1629895059000,0.0
1629895089000,0.0
1629895119000,0.0012254901960784314
1629895149000,0.0
1629895179000,0.0
1629895209000,0.0
1629895239000,0.0006020469596628537
1629895269000,0.0
1629895299000,0.0005899705014749262
1629895329000,0.0
1629895359000,0.0
1629895389000,0.0
1629895419000,0.0
1629895449000,0.0
1629895479000,0.0006086427267194157
1629895509000,0.0
1629895539000,0.0
1629895569000,0.0005973715651135006
1629895599000,0.0
1629895629000,0.0
1629895659000,0.0
1629895689000,0.0
1629895719000,0.0
1629895749000,0.0
1629895779000,0.0006131207847946045
1629895809000,0.0
1629895839000,0.0005910165484633571
1629895869000,0.0
1629895899000,0.0
1629895929000,0.0
1629895959000,0.0006060606060606062
1629895989000,0.0
1629896019000,0.0006184291898577612
1629896049000,0.0
1629896079000,0.0
1629896109000,0.0
1629896139000,0.0
1629896169000,0.0006038647342995169
1629896199000,0.0005913660555884093
1629896229000,0.0
1629896259000,0.0
1629896289000,0.0
1629896319000,0.0
1629896349000,0.0
1629896379000,0.0
1629896409000,0.0
1629896439000,0.0
1629896469000,0.0
1629896499000,0.0006031363088057902
1629896529000,0.0
1629896559000,0.0
1629896589000,0.0005959475566150177
1629896619000,0.0006035003017501509
1629896649000,0.0006042296072507553
1629896679000,0.0
1629896709000,0.0
1629896739000,0.0011976047904191614
1629896769000,0.0
1629896799000,0.0006071645415907711
1629896829000,0.0
1629896859000,0.0006006006006006006
1629896889000,0.0
1629896919000,0.0
1629896949000,0.0
1629896979000,0.0
1629897009000,0.0
1629897039000,0.0
1629897069000,0.0006020469596628537
1629897099000,0.0005988023952095807
1629897129000,0.0
1629897159000,0.0
1629897189000,0.0
1629897219000,0.0
1629897249000,0.0
1629897279000,0.0
1629897309000,0.0005998800239952009
1629897339000,0.0
1629897369000,0.0005988023952095807
1629897399000,0.0005941770647653001
1629897429000,0.0
1629897459000,0.0
1629897489000,0.0
1629897519000,0.0
1629897549000,0.0
1629897579000,0.0006024096385542169
1629897609000,0.0
1629897639000,0.0005977286312014345
1629897669000,0.0
1629897699000,0.0006016847172081829
1629897729000,0.0
1629897759000,0.0
1629897789000,0.0006024096385542169
1629897819000,0.0006188118811881187
1629897849000,0.0
1629897879000,0.0
1629897909000,0.0006108735491753207
1629897939000,0.0
1629897969000,0.0006053268765133173
1629897999000,0.0
1629898029000,0.0006049606775559589
1629898059000,0.0
1629898089000,0.0006053268765133173
1629898119000,0.0
1629898149000,0.0
1629898179000,0.0
1629898209000,0.0
1629898239000,0.0
1629898269000,0.0
1629898299000,0.0
1629898329000,0.0006020469596628537
1629898359000,0.0
1629898389000,0.0
1629898419000,0.0
1629898449000,0.0
1629898479000,0.0
1629898509000,0.0
1629898539000,0.0
1629898569000,0.0006097560975609756
1629898599000,0.0
1629898629000,0.0006165228113440197
1629898659000,0.0
1629898689000,0.0
1629898719000,0.0
1629898749000,0.0005924170616113746
1629898779000,0.0
1629898809000,0.0
1629898839000,0.0
1629898869000,0.0
1629898899000,0.0006131207847946045
1629898929000,0.0
1629898959000,0.0
1629898989000,0.0006042296072507553
1629899019000,0.0
1629899049000,0.0
1629899079000,0.0
1629899109000,0.0006191950464396285
1629899139000,0.0
1629899169000,0.0006165228113440197
1629899199000,0.0006020469596628537
1629899229000,0.0006027727546714887
1629899259000,0.0
1629899289000,0.0
1629899319000,0.0
1629899349000,0.0
1629899379000,0.0
1629899409000,0.0005931198102016608
1629899439000,0.0005966587112171838
1629899469000,0.0006188118811881187
1629899499000,0.0
1629899529000,0.0006108735491753207
1629899559000,0.0
1629899589000,0.0
1629899619000,0.0
1629899649000,0.0006042296072507553
1629899679000,0.0006027727546714887
1629899709000,0.0
1629899739000,0.0006009615384615385
1629899769000,0.0
1629899799000,0.0
1629899829000,0.0006049606775559589
1629899859000,0.0
1629899889000,0.0
1629899919000,0.0
1629899949000,0.0
1629899979000,0.0
1629900009000,0.0
1629900039000,0.0
1629900069000,0.0006016847172081829
1629900099000,0.0
1629900129000,0.0006013229104028864
1629900159000,0.0005973715651135006
1629900189000,0.0
1629900219000,0.0006053268765133173
1629900249000,0.0
1629900279000,0.0006105006105006105
1629900309000,0.0
1629900339000,0.0
1629900369000,0.0005917159763313611
1629900399000,0.0
1629900429000,0.0005980861244019139
1629900459000,0.0
1629900489000,0.0
1629900519000,0.0006024096385542169
1629900549000,0.0
1629900579000,0.0006079027355623102
1629900609000,0.0006009615384615385
1629900639000,0.0
1629900669000,0.0
1629900699000,0.0
1629900729000,0.0
1629900759000,0.0006006006006006006
1629900789000,0.0005991611743559018
1629900819000,0.0
1629900849000,0.0
1629900879000,0.0006031363088057902
1629900909000,0.0
1629900939000,0.0
1629900969000,0.0
1629900999000,0.0006016847172081829
1629901029000,0.0
1629901059000,0.0
1629901089000,0.0
1629901119000,0.0
1629901149000,0.0
1629901179000,0.0
1629901209000,0.0
1629901239000,0.0
1629901269000,0.0006060606060606062
1629901299000,0.0
1629901329000,0.0006090133982947625
1629901359000,0.0006056935190793457
1629901389000,0.0006161429451632778
1629901419000,0.0
1629901449000,0.0
1629901479000,0.0
1629901509000,0.0006056935190793457
1629901539000,0.0005865102639296188
1629901569000,0.0
1629901599000,0.0
1629901629000,0.0006082725060827251
1629901659000,0.0
1629901689000,0.0
1629901719000,0.0
1629901749000,0.0
1629901779000,0.0
1629901809000,0.0
1629901839000,0.0
1629901869000,0.0
1629901899000,0.0
1629901929000,0.0
1629901959000,0.0
1629901989000,0.0
1629902019000,0.0005955926146515784
1629902049000,0.0
1629902079000,0.0006042296072507553
1629902109000,0.0
1629902139000,0.0
1629902169000,0.0006165228113440197
1629902199000,0.0005991611743559018
1629902229000,0.0006218905472636817
1629902259000,0.0006013229104028864
1629902289000,0.0
1629902319000,0.0006131207847946045
1629902349000,0.0
1629902379000,0.0
1629902409000,0.0005973715651135006
1629902439000,0.0
1629902469000,0.0
1629902499000,0.0
1629902529000,0.0006075334143377885
1629902559000,0.0
1629902589000,0.0
1629902619000,0.0005998800239952009
1629902649000,0.0005977286312014345
1629902679000,0.0
1629902709000,0.0006157635467980296
1629902739000,0.0
1629902769000,0.0
1629902799000,0.0006013229104028864
1629902829000,0.0005984440454817473
1629902859000,0.0
1629902889000,0.0
1629902919000,0.0
1629902949000,0.0
1629902979000,0.0
1629903009000,0.0005966587112171838
1629903039000,0.0
1629903069000,0.0006013229104028864
1629903099000,0.0
1629903129000,0.0011997600479904018
1629903159000,0.0
1629903189000,0.0
1629903219000,0.0
1629903249000,0.0006031363088057902
1629903279000,0.0006024096385542169
1629903309000,0.0
1629903339000,0.0
1629903369000,0.0
1629903399000,0.0
1629903429000,0.0
1629903459000,0.0005941770647653001
1629903489000,0.0
1629903519000,0.0
1629903549000,0.0
1629903579000,0.0005988023952095807
1629903609000,0.0
1629903639000,0.0
1629903669000,0.0005998800239952009
1629903699000,0.0006027727546714887
1629903729000,0.0
1629903759000,0.0006153846153846153
1629903789000,0.0006056935190793457
1629903819000,0.0
1629903849000,0.0006142506142506142
1629903879000,0.0006093845216331506
1629903909000,0.0006082725060827251
1629903939000,0.0
1629903969000,0.0
1629903999000,0.0
1629904029000,0.0
1629904059000,0.0
1629904089000,0.0
1629904119000,0.0
1629904149000,0.0
1629904179000,0.0
1629904209000,0.0
1629904239000,0.0
1629904269000,0.0005988023952095807
1629904299000,0.0
1629904329000,0.0006090133982947625
1629904359000,0.0
1629904389000,0.0
1629904419000,0.0
1629904449000,0.0
1629904479000,0.0
1629904509000,0.0006045949214026603
1629904539000,0.0
1629904569000,0.0
1629904599000,0.0
1629904629000,0.0
1629904659000,0.0
1629904689000,0.0
1629904719000,0.0
1629904749000,0.0
1629904779000,0.0
1629904809000,0.0
1629904839000,0.0
1629904869000,0.0
1629904899000,0.0
1629904929000,0.0
1629904959000,0.0
1629904989000,0.0006207324643078832
1629905019000,0.0
1629905049000,0.0
1629905079000,0.0
1629905109000,0.0005963029218843173
1629905139000,0.0
1629905169000,0.0
1629905199000,0.0
1629905229000,0.0
1629905259000,0.0006053268765133173
1629905289000,0.0006038647342995169
1629905319000,0.0005977286312014345
1629905349000,0.0
1629905379000,0.0005892751915144372
1629905409000,0.0
1629905439000,0.0
1629905469000,0.0
1629905499000,0.0
1629905529000,0.0005952380952380952
1629905559000,0.0
1629905589000,0.0
1629905619000,0.0006067961165048543
1629905649000,0.0005988023952095807
1629905679000,0.0006067961165048543
1629905709000,0.0018050541516245488
1629905739000,0.0005963029218843173
1629905769000,0.0006108735491753207
1629905799000,0.0
1629905829000,0.0
1629905859000,0.0
1629905889000,0.0
1629905919000,0.0005991611743559018
1629905949000,0.0006101281269066504
1629905979000,0.0006035003017501509
1629906009000,0.0
1629906039000,0.0
1629906069000,0.0
1629906099000,0.0
1629906129000,0.0006006006006006006
1629906159000,0.0
1629906189000,0.0
1629906219000,0.0
1629906249000,0.0
1629906279000,0.0
1629906309000,0.0
1629906339000,0.0
1629906369000,0.0012099213551119178
1629906399000,0.0006038647342995169
1629906429000,0.0
1629906459000,0.0
1629906489000,0.0
1629906519000,0.0
1629906549000,0.0006142506142506142
1629906579000,0.0
1629906609000,0.0
1629906639000,0.0006056935190793457
1629906669000,0.0
1629906699000,0.0006086427267194157
1629906729000,0.0006042296072507553
1629906759000,0.0
1629906789000,0.0005945303210463732
1629906819000,0.0
1629906849000,0.0006071645415907711
1629906879000,0.0006090133982947625
1629906909000,0.0005988023952095807
1629906939000,0.0005973715651135006
1629906969000,0.0006138735420503376
1629906999000,0.0006064281382656155
1629907029000,0.0
1629907059000,0.0006067961165048543
1629907089000,0.0
1629907119000,0.0
1629907149000,0.0005984440454817473
1629907179000,0.0
1629907209000,0.0
1629907239000,0.0006016847172081829
1629907269000,0.0006082725060827251
1629907299000,0.0
1629907329000,0.0005966587112171838
1629907359000,0.0005955926146515784
1629907389000,0.0
1629907419000,0.0005995203836930455
1629907449000,0.0
1629907479000,0.0
1629907509000,0.0006176652254478072
1629907539000,0.001199040767386091
1629907569000,0.0012187690432663009
1629907599000,0.0
1629907629000,0.0
1629907659000,0.0
1629907689000,0.0
1629907719000,0.0006031363088057902
1629907749000,0.0
1629907779000,0.0
1629907809000,0.0
1629907839000,0.0005938242280285036
1629907869000,0.0006064281382656155
1629907899000,0.0006119951040391675
1629907929000,0.0
1629907959000,0.0
1629907989000,0.0
1629908019000,0.0006006006006006006
1629908049000,0.0006049606775559589
1629908079000,0.0006024096385542169
1629908109000,0.0
1629908139000,0.0
1629908169000,0.0005988023952095807
1629908199000,0.0006093845216331506
1629908229000,0.0006045949214026603
1629908259000,0.0006035003017501509
1629908289000,0.0
1629908319000,0.0
1629908349000,0.0
1629908379000,0.0
1629908409000,0.0006020469596628537
1629908439000,0.0
1629908469000,0.0006157635467980296
1629908499000,0.0
1629908529000,0.0005980861244019139
1629908559000,0.0006013229104028864
1629908589000,0.0006020469596628537
1629908619000,0.0
1629908649000,0.0
1629908679000,0.0005861664712778429
1629908709000,0.0
1629908739000,0.0
1629908769000,0.0
1629908799000,0.0006045949214026603
1629908829000,0.0
1629908859000,0.0
1629908889000,0.0
1629908919000,0.0006123698714023269
1629908949000,0.0
1629908979000,0.0
1629909009000,0.0
1629909039000,0.0
1629909069000,0.0006067961165048543
1629909099000,0.0
1629909129000,0.0
1629909159000,0.0
1629909189000,0.0
1629909219000,0.0
1629909249000,0.0006169031462060457
1629909279000,0.0005938242280285036
1629909309000,0.0
1629909339000,0.0
1629909369000,0.0
1629909399000,0.0
1629909429000,0.0006123698714023269
1629909459000,0.0
1629909489000,0.0
1629909519000,0.0
1629909549000,0.0
1629909579000,0.0
1629909609000,0.0
1629909639000,0.0
1629909669000,0.0006123698714023269
1629909699000,0.0005924170616113746
1629909729000,0.0
1629909759000,0.0
1629909789000,0.0
1629909819000,0.0006045949214026603
1629909849000,0.0
1629909879000,0.0
1629909909000,0.0006172839506172839
1629909939000,0.0
1629909969000,0.0
1629909999000,0.0
1629910029000,0.0
1629910059000,0.0
1629910089000,0.0005913660555884093
1629910119000,0.0
1629910149000,0.0
1629910179000,0.0
1629910209000,0.0
1629910239000,0.0006056935190793457
1629910269000,0.0
1629910299000,0.0
1629910329000,0.0006042296072507553
1629910359000,0.0
1629910389000,0.0
1629910419000,0.0
1629910449000,0.0
1629910479000,0.0
1629910509000,0.0
1629910539000,0.0
1629910569000,0.0
1629910599000,0.0
1629910629000,0.0
1629910659000,0.0
1629910689000,0.0006071645415907711
1629910719000,0.0005977286312014345
1629910749000,0.0
1629910779000,0.0006097560975609756
1629910809000,0.0
1629910839000,0.0
1629910869000,0.0
1629910899000,0.0
1629910929000,0.0005998800239952009
1629910959000,0.0006112469437652813
1629910989000,0.0
1629911019000,0.0
1629911049000,0.0006053268765133173
1629911079000,0.0006024096385542169
1629911109000,0.0
1629911139000,0.0006064281382656155
1629911169000,0.0
1629911199000,0.0006153846153846153
1629911229000,0.0005955926146515784
1629911259000,0.001212121212121212
1629911289000,0.0005948839976204639
1629911319000,0.0
1629911349000,0.0
1629911379000,0.0
1629911409000,0.0
1629911439000,0.0
1629911469000,0.0006097560975609756
1629911499000,0.0
1629911529000,0.0
1629911559000,0.0
1629911589000,0.0
1629911619000,0.0
1629911649000,0.0
1629911679000,0.0
1629911709000,0.0006119951040391675
1629911739000,0.0
1629911769000,0.0
1629911799000,0.0
1629911829000,0.0
1629911859000,0.0005970149253731342
1629911889000,0.0
1629911919000,0.0006119951040391675
1629911949000,0.0006195786864931846
1629911979000,0.0
1629912009000,0.0
1629912039000,0.0
1629912069000,0.0006020469596628537
1629912099000,0.0
1629912129000,0.0
1629912159000,0.0
1629912189000,0.0006176652254478072
1629912219000,0.0005945303210463732
1629912249000,0.0
1629912279000,0.0005910165484633571
1629912309000,0.0
1629912339000,0.0
1629912369000,0.0006105006105006105
1629912399000,0.0
1629912429000,0.0
1629912459000,0.0
1629912489000,0.0
1629912519000,0.0006119951040391675
1629912549000,0.0
1629912579000,0.0
1629912609000,0.0
1629912639000,0.0
1629912669000,0.0
1629912699000,0.0
1629912729000,0.0
1629912759000,0.0
1629912789000,0.0006222775357809582
1629912819000,0.0
1629912849000,0.0
1629912879000,0.0
1629912909000,0.0006045949214026603
1629912939000,0.0
1629912969000,0.0
1629912999000,0.0
1629913029000,0.0
1629913059000,0.0
1629913089000,0.0
1629913119000,0.0
1629913149000,0.0006020469596628537
1629913179000,0.0005991611743559018
1629913209000,0.0012091898428053206
1629913239000,0.0
1629913269000,0.0
1629913299000,0.0006075334143377885
1629913329000,0.0
1629913359000,0.0
1629913389000,0.0006056935190793457
1629913419000,0.0
1629913449000,0.0
1629913479000,0.0
1629913509000,0.0
1629913539000,0.0
1629913569000,0.0
1629913599000,0.0
1629913629000,0.0005991611743559018
1629913659000,0.0
1629913689000,0.0
1629913719000,0.0
1629913749000,0.0
1629913779000,0.0
1629913809000,0.0006082725060827251
1629913839000,0.001226993865030675
1629913869000,0.0
1629913899000,0.0
1629913929000,0.0
1629913959000,0.0
1629913989000,0.0
1629914019000,0.0005955926146515784
1629914049000,0.0
1629914079000,0.0
1629914109000,0.0
1629914139000,0.0
1629914169000,0.0
1629914199000,0.0
1629914229000,0.0
1629914259000,0.0
1629914289000,0.0
1629914319000,0.0006060606060606062
1629914349000,0.0
1629914379000,0.0
1629914409000,0.0006027727546714887
1629914439000,0.0005991611743559018
1629914469000,0.0005988023952095807
1629914499000,0.0006006006006006006
1629914529000,0.0
1629914559000,0.0
1629914589000,0.0
1629914619000,0.0
1629914649000,0.0
1629914679000,0.0
1629914709000,0.0006060606060606062
1629914739000,0.0
1629914769000,0.0
1629914799000,0.0
1629914829000,0.0
1629914859000,0.0006020469596628537
1629914889000,0.0006079027355623102
1629914919000,0.0006013229104028864
1629914949000,0.0
1629914979000,0.0
1629915009000,0.0006027727546714887
1629915039000,0.0
1629915069000,0.0
1629915099000,0.0
1629915129000,0.0011926058437686346
1629915159000,0.0006031363088057902
1629915189000,0.0
1629915219000,0.0005973715651135006
1629915249000,0.0
1629915279000,0.0
1629915309000,0.0
1629915339000,0.0
1629915369000,0.0
1629915399000,0.0
1629915429000,0.0
1629915459000,0.0
1629915489000,0.0
1629915519000,0.0006024096385542169
1629915549000,0.0005966587112171838
1629915579000,0.000588235294117647
1629915609000,0.0
1629915639000,0.0
1629915669000,0.0
1629915699000,0.0
1629915729000,0.0006108735491753207
1629915759000,0.0
1629915789000,0.0
1629915819000,0.0
1629915849000,0.0
1629915879000,0.0
1629915909000,0.0
1629915939000,0.0
1629915969000,0.0
1629915999000,0.0006108735491753207
1629916029000,0.0
1629916059000,0.0
1629916089000,0.0
1629916119000,0.0
1629916149000,0.0006064281382656155
1629916179000,0.0
1629916209000,0.0006086427267194157
1629916239000,0.0
1629916269000,0.0
1629916299000,0.0
1629916329000,0.0006053268765133173
1629916359000,0.0
1629916389000,0.0006064281382656155
1629916419000,0.0
1629916449000,0.0
1629916479000,0.0
1629916509000,0.0
1629916539000,0.0
1629916569000,0.001212121212121212
1629916599000,0.0005917159763313611
1629916629000,0.0
1629916659000,0.0
1629916689000,0.0
1629916719000,0.0
1629916749000,0.0006119951040391675
1629916779000,0.0
1629916809000,0.0
1629916839000,0.0
1629916869000,0.0
1629916899000,0.0
1629916929000,0.0
1629916959000,0.0005977286312014345
1629916989000,0.0
1629917019000,0.0
1629917049000,0.0006056935190793457
1629917079000,0.0
1629917109000,0.0
1629917139000,0.0005973715651135006
1629917169000,0.0
1629917199000,0.0
1629917229000,0.0005952380952380952
1629917259000,0.0
1629917289000,0.0
1629917319000,0.0006215040397762585
1629917349000,0.0
1629917379000,0.0
1629917409000,0.0
1629917439000,0.0
1629917469000,0.0
1629917499000,0.0
1629917529000,0.0
1629917559000,0.0
1629917589000,0.0006060606060606062
1629917619000,0.0
1629917649000,0.0
1629917679000,0.0
1629917709000,0.0
1629917739000,0.0
1629917769000,0.0
1629917799000,0.0
1629917829000,0.0
1629917859000,0.0006161429451632778
1629917889000,0.0
1629917919000,0.0
1629917949000,0.0
1629917979000,0.0
1629918009000,0.0
1629918039000,0.0
1629918069000,0.0
1629918099000,0.0
1629918129000,0.0006035003017501509
1629918159000,0.0006127450980392157
1629918189000,0.0
1629918219000,0.0
1629918249000,0.0
1629918279000,0.0005984440454817473
1629918309000,0.0
1629918339000,0.0
1629918369000,0.0
1629918399000,0.0005963029218843173
1629918429000,0.0006146281499692684
1629918459000,0.0
1629918489000,0.0
1629918519000,0.0
1629918549000,0.0
1629918579000,0.0
1629918609000,0.0
1629918639000,0.0006060606060606062
1629918669000,0.0
1629918699000,0.0006097560975609756
1629918729000,0.0
1629918759000,0.0
1629918789000,0.0
1629918819000,0.0006101281269066504
1629918849000,0.0006013229104028864
1629918879000,0.0
1629918909000,0.0
1629918939000,0.0
1629918969000,0.0
1629918999000,0.0
1629919029000,0.0006093845216331506
1629919059000,0.0006013229104028864
1629919089000,0.0
1629919119000,0.0
1629919149000,0.0006049606775559589
1629919179000,0.0006123698714023269
1629919209000,0.0006131207847946045
1629919239000,0.0006134969325153375
1629919269000,0.0
1629919299000,0.0006060606060606062
1629919329000,0.0
1629919359000,0.0
1629919389000,0.0
1629919419000,0.0
1629919449000,0.0
1629919479000,0.0
1629919509000,0.0006112469437652813
1629919539000,0.0
1629919569000,0.0
1629919599000,0.0
1629919629000,0.0
1629919659000,0.0006027727546714887
1629919689000,0.0
1629919719000,0.0
1629919749000,0.0
1629919779000,0.0
1629919809000,0.0
1629919839000,0.0
1629919869000,0.0005991611743559018
1629919899000,0.0
1629919929000,0.0
1629919959000,0.0006045949214026603
1629919989000,0.0
1629920019000,0.0
1629920049000,0.0
1629920079000,0.0
1629920109000,0.0006042296072507553
1629920139000,0.0
1629920169000,0.0
1629920199000,0.0
1629920229000,0.0006086427267194157
1629920259000,0.0
1629920289000,0.0
1629920319000,0.0005871990604815032
1629920349000,0.0
1629920379000,0.0
1629920409000,0.0
1629920439000,0.0
1629920469000,0.0
1629920499000,0.0
1629920529000,0.0
1629920559000,0.0
1629920589000,0.0005924170616113746
1629920619000,0.0
1629920649000,0.0
1629920679000,0.0006131207847946045
1629920709000,0.0
1629920739000,0.0
1629920769000,0.0
1629920799000,0.0
1629920829000,0.0006172839506172839
1629920859000,0.0
1629920889000,0.0006146281499692684
1629920919000,0.0005941770647653001
1629920949000,0.0
1629920979000,0.0
1629921009000,0.0
1629921039000,0.0
1629921069000,0.0
1629921099000,0.0006157635467980296
1629921129000,0.0
1629921159000,0.0
1629921189000,0.0
1629921219000,0.0
1629921249000,0.0
1629921279000,0.0
1629921309000,0.0
1629921339000,0.0
1629921369000,0.0
1629921399000,0.0
1629921429000,0.0006172839506172839
1629921459000,0.0
1629921489000,0.0005998800239952009
1629921519000,0.0006002400960384152
1629921549000,0.0
1629921579000,0.0
1629921609000,0.0006097560975609756
1629921639000,0.0
1629921669000,0.0
1629921699000,0.0006016847172081829
1629921729000,0.0
1629921759000,0.0
1629921789000,0.0
1629921819000,0.0
1629921849000,0.0
1629921879000,0.0
1629921909000,0.0005917159763313611
1629921939000,0.0
1629921969000,0.0
1629921999000,0.0
1629922029000,0.0
1629922059000,0.0
1629922089000,0.0006006006006006006
1629922119000,0.0006165228113440197
1629922149000,0.0
1629922179000,0.0
1629922209000,0.0
1629922239000,0.0006053268765133173
1629922269000,0.0006105006105006105
1629922299000,0.0006013229104028864
1629922329000,0.0
1629922359000,0.0
1629922389000,0.0006203473945409428
1629922419000,0.0
1629922449000,0.0
1629922479000,0.0
1629922509000,0.0005955926146515784
1629922539000,0.0
1629922569000,0.0
1629922599000,0.0
1629922629000,0.0006016847172081829
1629922659000,0.0
1629922689000,0.0011813349084465446
1629922719000,0.0
1629922749000,0.0
1629922779000,0.0
1629922809000,0.0
1629922839000,0.0
1629922869000,0.0
1629922899000,0.0005963029218843173
1629922929000,0.0011947431302270011
1629922959000,0.0
1629922989000,0.0
1629923019000,0.0
1629923049000,0.0
1629923079000,0.0
1629923109000,0.0006105006105006105
1629923139000,0.001201923076923077
1629923169000,0.0
1629923199000,0.0
1629923229000,0.0
1629923259000,0.0006013229104028864
1629923289000,0.0
1629923319000,0.0006067961165048543
1629923349000,0.0
1629923379000,0.0
1629923409000,0.0
1629923439000,0.0
1629923469000,0.0
1629923499000,0.0
1629923529000,0.0
1629923559000,0.0005955926146515784
1629923589000,0.0
1629923619000,0.0
1629923649000,0.0006075334143377885
1629923679000,0.0
1629923709000,0.0
1629923739000,0.0
1629923769000,0.0
1629923799000,0.0
1629923829000,0.0006060606060606062
1629923859000,0.0
1629923889000,0.0
1629923919000,0.0
1629923949000,0.0006035003017501509
1629923979000,0.0
1629924009000,0.0006035003017501509
1629924039000,0.0
1629924069000,0.0005980861244019139
1629924099000,0.0
1629924129000,0.0006031363088057902
1629924159000,0.001221001221001221
1629924189000,0.0
1629924219000,0.0
1629924249000,0.0006112469437652813
1629924279000,0.0
1629924309000,0.0
1629924339000,0.0006153846153846153
1629924369000,0.0006093845216331506
1629924399000,0.0006035003017501509
1629924429000,0.0
1629924459000,0.0005906674542232723
1629924489000,0.0
1629924519000,0.0
1629924549000,0.0
1629924579000,0.0
1629924609000,0.0
1629924639000,0.0
1629924669000,0.0
1629924699000,0.0006090133982947625
1629924729000,0.0
1629924759000,0.0006006006006006006
1629924789000,0.0
1629924819000,0.0
1629924849000,0.0
1629924879000,0.0
1629924909000,0.0
1629924939000,0.0
1629924969000,0.0005878894767783657
1629924999000,0.0
1629925029000,0.0
1629925059000,0.0006169031462060457
1629925089000,0.0
1629925119000,0.0006090133982947625
1629925149000,0.0
1629925179000,0.0
1629925209000,0.0
1629925239000,0.0006009615384615385
1629925269000,0.0
1629925299000,0.0
1629925329000,0.0
1629925359000,0.0
1629925389000,0.0006176652254478072
1629925419000,0.0
1629925449000,0.0006064281382656155
1629925479000,0.0
1629925509000,0.0
1629925539000,0.0
1629925569000,0.0
1629925599000,0.0
1629925629000,0.0
1629925659000,0.0005995203836930455
1629925689000,0.0
1629925719000,0.0006191950464396285
1629925749000,0.0
1629925779000,0.0005875440658049354
1629925809000,0.0005977286312014345
1629925839000,0.0
1629925869000,0.0005787037037037037
1629925899000,0.0
1629925929000,0.001212121212121212
1629925959000,0.0
1629925989000,0.0
1629926019000,0.0006016847172081829
1629926049000,0.0006184291898577612
1629926079000,0.0
1629926109000,0.0006024096385542169
1629926139000,0.0
1629926169000,0.0
1629926199000,0.0
1629926229000,0.0006222775357809582
1629926259000,0.0
1629926289000,0.0
1629926319000,0.0
1629926349000,0.0
1629926379000,0.0
1629926409000,0.0
1629926439000,0.0
1629926469000,0.0
1629926499000,0.0
1629926529000,0.0
1629926559000,0.0
1629926589000,0.0006016847172081829
1629926619000,0.0
1629926649000,0.0
1629926679000,0.0
1629926709000,0.0
1629926739000,0.0
1629926769000,0.0
1629926799000,0.0006064281382656155
1629926829000,0.0
1629926859000,0.0
1629926889000,0.0
1629926919000,0.0
1629926949000,0.0
1629926979000,0.0
1629927009000,0.0
1629927039000,0.0
1629927069000,0.0
1629927099000,0.0
1629927129000,0.0006016847172081829
1629927159000,0.0
1629927189000,0.0005991611743559018
1629927219000,0.0
1629927249000,0.0005945303210463732
1629927279000,0.0
1629927309000,0.0006035003017501509
1629927339000,0.0
1629927369000,0.0
1629927399000,0.0
1629927429000,0.0
1629927459000,0.0
1629927489000,0.0
1629927519000,0.0006134969325153375
1629927549000,0.0
1629927579000,0.0
1629927609000,0.0
1629927639000,0.0
1629927669000,0.0
1629927699000,0.0
1629927729000,0.0
1629927759000,0.0
1629927789000,0.0006027727546714887
1629927819000,0.0006086427267194157
1629927849000,0.0
1629927879000,0.0
1629927909000,0.0
1629927939000,0.0005948839976204639
1629927969000,0.0006064281382656155
1629927999000,0.0
1629928029000,0.0
1629928059000,0.0
1629928089000,0.0
1629928119000,0.0
1629928149000,0.0006024096385542169
1629928179000,0.0
1629928209000,0.0
1629928239000,0.0005945303210463732
1629928269000,0.0
1629928299000,0.0
1629928329000,0.0
1629928359000,0.0
1629928389000,0.0
1629928419000,0.0005917159763313611
1629928449000,0.0
1629928479000,0.0
1629928509000,0.0
1629928539000,0.0
1629928569000,0.0
1629928599000,0.0006002400960384152
1629928629000,0.0006013229104028864
1629928659000,0.0
1629928689000,0.0
1629928719000,0.0
1629928749000,0.0
1629928779000,0.0006027727546714887
1629928809000,0.0
1629928839000,0.0
1629928869000,0.0
1629928899000,0.0
1629928929000,0.0
1629928959000,0.0
1629928989000,0.0006172839506172839
1629929019000,0.0006116207951070336
1629929049000,0.0
1629929079000,0.0
1629929109000,0.0
1629929139000,0.0
1629929169000,0.0
1629929199000,0.0
1629929229000,0.0005991611743559018
1629929259000,0.0
1629929289000,0.0006053268765133173
1629929319000,0.0006134969325153375
1629929349000,0.0006035003017501509
1629929379000,0.0
1629929409000,0.0012135922330097086
1629929439000,0.0
1629929469000,0.0006035003017501509
1629929499000,0.0
1629929529000,0.0
1629929559000,0.0
1629929589000,0.0005973715651135006
1629929619000,0.0
1629929649000,0.0012040939193257074
1629929679000,0.0
1629929709000,0.0
1629929739000,0.0
1629929769000,0.0
1629929799000,0.0
1629929829000,0.0
1629929859000,0.0
1629929889000,0.0
1629929919000,0.0
1629929949000,0.0006071645415907711
1629929979000,0.0006112469437652813
1629930009000,0.0006027727546714887
1629930039000,0.0
1629930069000,0.0006108735491753207
1629930099000,0.0006064281382656155
1629930129000,0.0
1629930159000,0.0006031363088057902
1629930189000,0.0
1629930219000,0.0
1629930249000,0.0006138735420503376
1629930279000,0.0
1629930309000,0.0006071645415907711
1629930339000,0.0006131207847946045
1629930369000,0.0005945303210463732
1629930399000,0.0005973715651135006
1629930429000,0.0005952380952380952
1629930459000,0.0
1629930489000,0.0006024096385542169
1629930519000,0.0
1629930549000,0.0
1629930579000,0.0
1629930609000,0.0
1629930639000,0.0005973715651135006
1629930669000,0.0
1629930699000,0.0006075334143377885
1629930729000,0.0
1629930759000,0.0
1629930789000,0.0006009615384615385
1629930819000,0.0
1629930849000,0.0
1629930879000,0.0
1629930909000,0.0011968880909634947
1629930939000,0.0006016847172081829
1629930969000,0.0005970149253731342
1629930999000,0.0
1629931029000,0.0
1629931059000,0.0
1629931089000,0.0
1629931119000,0.0
1629931149000,0.0
1629931179000,0.0005885815185403178
1629931209000,0.0
1629931239000,0.0
1629931269000,0.0
1629931299000,0.0
1629931329000,0.0
1629931359000,0.0005998800239952009
1629931389000,0.0006013229104028864
1629931419000,0.0
1629931449000,0.0
1629931479000,0.0
1629931509000,0.0
1629931539000,0.0011862396204033216
1629931569000,0.0
1629931599000,0.0
1629931629000,0.0
1629931659000,0.0
1629931689000,0.0
1629931719000,0.0
1629931749000,0.0
1629931779000,0.0006165228113440197
1629931809000,0.0006146281499692684
1629931839000,0.0
1629931869000,0.0006157635467980296
1629931899000,0.0
1629931929000,0.0
1629931959000,0.0006024096385542169
1629931989000,0.0
1629932019000,0.0
1629932049000,0.0
1629932079000,0.0
1629932109000,0.0
1629932139000,0.0
1629932169000,0.0
1629932199000,0.0
1629932229000,0.0006195786864931846
1629932259000,0.0
1629932289000,0.0
1629932319000,0.0
1629932349000,0.0006082725060827251
1629932379000,0.0
1629932409000,0.0
1629932439000,0.0
1629932469000,0.0006082725060827251
1629932499000,0.0
1629932529000,0.0006002400960384152
1629932559000,0.0
1629932589000,0.0
1629932619000,0.0006112469437652813
1629932649000,0.0
1629932679000,0.0
1629932709000,0.0006053268765133173
1629932739000,0.0
1629932769000,0.0006086427267194157
1629932799000,0.0
1629932829000,0.0
1629932859000,0.001212856276531231
1629932889000,0.0005970149253731342
1629932919000,0.0
1629932949000,0.0
1629932979000,0.0006203473945409428
1629933009000,0.0
1629933039000,0.0006105006105006105
1629933069000,0.0006071645415907711
1629933099000,0.0
1629933129000,0.0
1629933159000,0.0
1629933189000,0.0
1629933219000,0.0
1629933249000,0.0
1629933279000,0.0
1629933309000,0.0
1629933339000,0.0005924170616113746
1629933369000,0.0005910165484633571
1629933399000,0.0
1629933429000,0.0
1629933459000,0.0005945303210463732
1629933489000,0.0005927682276229994
1629933519000,0.0006024096385542169
1629933549000,0.0
1629933579000,0.0006116207951070336
1629933609000,0.0011933174224343676
1629933639000,0.0
1629933669000,0.0
1629933699000,0.0
1629933729000,0.0006112469437652813
1629933759000,0.0
1629933789000,0.0
1629933819000,0.0
1629933849000,0.0
1629933879000,0.0005970149253731342
1629933909000,0.0005913660555884093
1629933939000,0.0006153846153846153
1629933969000,0.0
1629933999000,0.0
1629934029000,0.0
1629934059000,0.0
1629934089000,0.0
1629934119000,0.0
1629934149000,0.0
1629934179000,0.0
1629934209000,0.0
1629934239000,0.0
1629934269000,0.0
1629934299000,0.0
1629934329000,0.0
1629934359000,0.0
1629934389000,0.0
1629934419000,0.0
1629934449000,0.0
1629934479000,0.0
1629934509000,0.0005980861244019139
1629934539000,0.0006097560975609756
1629934569000,0.0006101281269066504
1629934599000,0.0
1629934629000,0.0006067961165048543
1629934659000,0.0006020469596628537
1629934689000,0.0
1629934719000,0.0
1629934749000,0.0
1629934779000,0.0006024096385542169
1629934809000,0.0
1629934839000,0.0
1629934869000,0.0
1629934899000,0.0006169031462060457
1629934929000,0.0006150061500615006
1629934959000,0.0
1629934989000,0.0
1629935019000,0.0
1629935049000,0.0
1629935079000,0.0006123698714023269
1629935109000,0.0
1629935139000,0.0012099213551119178
1629935169000,0.0005955926146515784
1629935199000,0.0
1629935229000,0.0
1629935259000,0.0
1629935289000,0.0
1629935319000,0.0
1629935349000,0.0006108735491753207
1629935379000,0.0006009615384615385
1629935409000,0.0
1629935439000,0.0
1629935469000,0.0
1629935499000,0.0
1629935529000,0.0
1629935559000,0.0
1629935589000,0.0
1629935619000,0.0006035003017501509
1629935649000,0.0
1629935679000,0.0006060606060606062
1629935709000,0.0
1629935739000,0.0
1629935769000,0.0
1629935799000,0.0
1629935829000,0.0006188118811881187
1629935859000,0.0
1629935889000,0.0
1629935919000,0.0
1629935949000,0.0
1629935979000,0.0
1629936009000,0.0
1629936039000,0.0
1629936069000,0.0
1629936099000,0.0005973715651135006
1629936129000,0.0006127450980392157
1629936159000,0.0
1629936189000,0.0
1629936219000,0.0006060606060606062
1629936249000,0.0
1629936279000,0.0
1629936309000,0.0005899705014749262
1629936339000,0.0005988023952095807
1629936369000,0.0
1629936399000,0.0
1629936429000,0.0
1629936459000,0.001226241569589209
1629936489000,0.0
1629936519000,0.0
1629936549000,0.0
1629936579000,0.0005980861244019139
1629936609000,0.0006169031462060457
1629936639000,0.0006127450980392157
1629936669000,0.0
1629936699000,0.0
1629936729000,0.0
1629936759000,0.0006090133982947625
1629936789000,0.0006020469596628537
1629936819000,0.0006027727546714887
1629936849000,0.0
1629936879000,0.0005988023952095807
1629936909000,0.0
1629936939000,0.0
1629936969000,0.0005970149253731342
1629936999000,0.0
1629937029000,0.0
1629937059000,0.0
1629937089000,0.0006218905472636817
1629937119000,0.0
1629937149000,0.0
1629937179000,0.0
1629937209000,0.0006093845216331506
1629937239000,0.0
1629937269000,0.0
1629937299000,0.0
1629937329000,0.0
1629937359000,0.0
1629937389000,0.0006067961165048543
1629937419000,0.0
1629937449000,0.0
1629937479000,0.0006108735491753207
1629937509000,0.0
1629937539000,0.0
1629937569000,0.0005984440454817473
1629937599000,0.0006169031462060457
1629937629000,0.0
1629937659000,0.0006093845216331506
1629937689000,0.0
1629937719000,0.0005934718100890207
1629937749000,0.0
1629937779000,0.0
1629937809000,0.0
1629937839000,0.0
1629937869000,0.0
1629937899000,0.0005945303210463732
1629937929000,0.0
1629937959000,0.0006071645415907711
1629937989000,0.0
1629938019000,0.0006056935190793457
1629938049000,0.0
1629938079000,0.0
1629938109000,0.0
1629938139000,0.0
1629938169000,0.0005945303210463732
1629938199000,0.0
1629938229000,0.0006053268765133173
1629938259000,0.0
1629938289000,0.0
1629938319000,0.0
1629938349000,0.0005945303210463732
1629938379000,0.0
1629938409000,0.0006153846153846153
1629938439000,0.0
1629938469000,0.0006013229104028864
1629938499000,0.0
1629938529000,0.0006119951040391675
1629938559000,0.0005938242280285036
1629938589000,0.0006112469437652813
1629938619000,0.0006150061500615006
1629938649000,0.0006153846153846153
1629938679000,0.0
1629938709000,0.0
1629938739000,0.0
1629938769000,0.0
1629938799000,0.0
1629938829000,0.0006101281269066504
1629938859000,0.0006024096385542169
1629938889000,0.0006161429451632778
1629938919000,0.0006049606775559589
1629938949000,0.0
1629938979000,0.0
1629939009000,0.0006180469715698393
1629939039000,0.0006049606775559589
1629939069000,0.0
1629939099000,0.0
1629939129000,0.0
1629939159000,0.0005973715651135006
1629939189000,0.0
1629939219000,0.0
1629939249000,0.0005924170616113746
1629939279000,0.0
1629939309000,0.0
1629939339000,0.0
1629939369000,0.0
1629939399000,0.0
1629939429000,0.0
1629939459000,0.0006090133982947625
1629939489000,0.0
1629939519000,0.0006086427267194157
1629939549000,0.0
1629939579000,0.0
1629939609000,0.0
1629939639000,0.0
1629939669000,0.0006024096385542169
1629939699000,0.0
1629939729000,0.0005920663114268798
1629939759000,0.0
1629939789000,0.0
1629939819000,0.001199040767386091
1629939849000,0.0
1629939879000,0.0
1629939909000,0.0
1629939939000,0.0
1629939969000,0.0006071645415907711
1629939999000,0.0
1629940029000,0.0
1629940059000,0.0
1629940089000,0.0006101281269066504
1629940119000,0.0
1629940149000,0.0006127450980392157
1629940179000,0.0
1629940209000,0.0
1629940239000,0.0
1629940269000,0.0
1629940299000,0.0012062726176115801
1629940329000,0.0
1629940359000,0.0
1629940389000,0.0
1629940419000,0.0006071645415907711
1629940449000,0.0006138735420503376
1629940479000,0.0
1629940509000,0.0
1629940539000,0.0
1629940569000,0.0
1629940599000,0.0006146281499692684
1629940629000,0.0006108735491753207
1629940659000,0.0006056935190793457
1629940689000,0.0
1629940719000,0.0
1629940749000,0.0006199628022318662
1629940779000,0.0
1629940809000,0.0
1629940839000,0.0
1629940869000,0.0
1629940899000,0.0006172839506172839
1629940929000,0.0
1629940959000,0.0006038647342995169
1629940989000,0.0006031363088057902
1629941019000,0.0
1629941049000,0.0
1629941079000,0.0
1629941109000,0.0
1629941139000,0.0
1629941169000,0.0
1629941199000,0.0
1629941229000,0.0
1629941259000,0.0
1629941289000,0.0005984440454817473
1629941319000,0.0
1629941349000,0.0
1629941379000,0.0006108735491753207
1629941409000,0.0
1629941439000,0.0
1629941469000,0.0
1629941499000,0.0006112469437652813
1629941529000,0.0005938242280285036
1629941559000,0.0
1629941589000,0.0
1629941619000,0.0
1629941649000,0.0
1629941679000,0.0
1629941709000,0.0
1629941739000,0.0006060606060606062
1629941769000,0.0
1629941799000,0.0
1629941829000,0.0
1629941859000,0.0005952380952380952
1629941889000,0.0006038647342995169
1629941919000,0.0011862396204033216
1629941949000,0.0
1629941979000,0.0
1629942009000,0.0
1629942039000,0.0
1629942069000,0.0
1629942099000,0.0
1629942129000,0.0006172839506172839
1629942159000,0.0005920663114268798
1629942189000,0.0
1629942219000,0.0
1629942249000,0.0
1629942279000,0.0006101281269066504
1629942309000,0.0
1629942339000,0.0006006006006006006
1629942369000,0.0
1629942399000,0.0
1629942429000,0.0
1629942459000,0.0006035003017501509
1629942489000,0.0
1629942519000,0.0
1629942549000,0.0
1629942579000,0.0
1629942609000,0.0006131207847946045
1629942639000,0.0
1629942669000,0.0005970149253731342
1629942699000,0.0
1629942729000,0.0005991611743559018
1629942759000,0.0
1629942789000,0.0
1629942819000,0.0
1629942849000,0.0
1629942879000,0.0
1629942909000,0.0
1629942939000,0.0
1629942969000,0.0
1629942999000,0.0
1629943029000,0.0
1629943059000,0.0
1629943089000,0.0
1629943119000,0.0
1629943149000,0.0
1629943179000,0.0
1629943209000,0.0
1629943239000,0.0006031363088057902
1629943269000,0.0006053268765133173
1629943299000,0.0
1629943329000,0.0
1629943359000,0.0
1629943389000,0.0006013229104028864
1629943419000,0.0006105006105006105
1629943449000,0.0
1629943479000,0.0
1629943509000,0.0
1629943539000,0.0005959475566150177
1629943569000,0.0006071645415907711
1629943599000,0.0
1629943629000,0.0
1629943659000,0.0
1629943689000,0.0006203473945409428
1629943719000,0.0
1629943749000,0.0
1629943779000,0.0
1629943809000,0.0
1629943839000,0.0
1629943869000,0.0
1629943899000,0.0
1629943929000,0.0
1629943959000,0.0005941770647653001
1629943989000,0.0
1629944019000,0.0005980861244019139
1629944049000,0.0
1629944079000,0.0
1629944109000,0.0
1629944139000,0.0
1629944169000,0.0
1629944199000,0.0
1629944229000,0.0
1629944259000,0.0
1629944289000,0.0
1629944319000,0.0005959475566150177
1629944349000,0.0
1629944379000,0.0
1629944409000,0.0
1629944439000,0.0
1629944469000,0.0
1629944499000,0.0
1629944529000,0.0
1629944559000,0.0
1629944589000,0.0
1629944619000,0.0
1629944649000,0.0
1629944679000,0.0
1629944709000,0.0
1629944739000,0.0
1629944769000,0.0
1629944799000,0.0
1629944829000,0.0
1629944859000,0.0005955926146515784
1629944889000,0.0
1629944919000,0.0
1629944949000,0.0005977286312014345
1629944979000,0.0
1629945009000,0.0006131207847946045
1629945039000,0.0
1629945069000,0.0
1629945099000,0.0005980861244019139
1629945129000,0.0005973715651135006
1629945159000,0.0
1629945189000,0.0
1629945219000,0.0
1629945249000,0.0
1629945279000,0.0
1629945309000,0.0
1629945339000,0.0006027727546714887
1629945369000,0.0005980861244019139
1629945399000,0.0
1629945429000,0.0006060606060606062
1629945459000,0.0005980861244019139
1629945489000,0.0
1629945519000,0.0
1629945549000,0.0
1629945579000,0.0
1629945609000,0.0
1629945639000,0.0
1629945669000,0.0005977286312014345
1629945699000,0.0
1629945729000,0.0
1629945759000,0.0
1629945789000,0.0
1629945819000,0.0006027727546714887
1629945849000,0.0
1629945879000,0.0
1629945909000,0.0
1629945939000,0.0
1629945969000,0.0
1629945999000,0.0005920663114268798
1629946029000,0.0
1629946059000,0.0006006006006006006
1629946089000,0.0006060606060606062
1629946119000,0.0
1629946149000,0.0006049606775559589
1629946179000,0.0
1629946209000,0.0
1629946239000,0.0
1629946269000,0.0
1629946299000,0.0005984440454817473
1629946329000,0.0
1629946359000,0.0
1629946389000,0.0006002400960384152
1629946419000,0.0
1629946449000,0.0
1629946479000,0.0
1629946509000,0.0
1629946539000,0.0
1629946569000,0.0
1629946599000,0.0006013229104028864
1629946629000,0.0006097560975609756
1629946659000,0.0
1629946689000,0.0
1629946719000,0.0
1629946749000,0.0006053268765133173
1629946779000,0.0
1629946809000,0.0005988023952095807
1629946839000,0.0
1629946869000,0.0006191950464396285
1629946899000,0.0
1629946929000,0.0006195786864931846
1629946959000,0.0
1629946989000,0.0
1629947019000,0.0
1629947049000,0.0
1629947079000,0.0005988023952095807
1629947109000,0.0
1629947139000,0.0
1629947169000,0.0
1629947199000,0.0
1629947229000,0.0
1629947259000,0.0
1629947289000,0.0
1629947319000,0.0
1629947349000,0.0
1629947379000,0.0
1629947409000,0.0006191950464396285
1629947439000,0.0
1629947469000,0.0005991611743559018
1629947499000,0.0
1629947529000,0.0006079027355623102
1629947559000,0.0
1629947589000,0.0005995203836930455
1629947619000,0.0005941770647653001
1629947649000,0.0
1629947679000,0.0
1629947709000,0.0
1629947739000,0.0
1629947769000,0.0005941770647653001
1629947799000,0.0
1629947829000,0.0
1629947859000,0.0
1629947889000,0.0
1629947919000,0.0
1629947949000,0.0
1629947979000,0.0
1629948009000,0.0
1629948039000,0.0
1629948069000,0.0
1629948099000,0.0
1629948129000,0.0
1629948159000,0.0006016847172081829
1629948189000,0.0
1629948219000,0.0006090133982947625
1629948249000,0.0006009615384615385
1629948279000,0.0
1629948309000,0.0
1629948339000,0.0
1629948369000,0.0006020469596628537
1629948399000,0.0
1629948429000,0.0
1629948459000,0.0
1629948489000,0.0
1629948519000,0.0
1629948549000,0.0006093845216331506
1629948579000,0.0
1629948609000,0.0
1629948639000,0.0006027727546714887
1629948669000,0.0
1629948699000,0.0006131207847946045
1629948729000,0.0006006006006006006
1629948759000,0.0
1629948789000,0.0006024096385542169
1629948819000,0.0005995203836930455
1629948849000,0.0
1629948879000,0.0
1629948909000,0.0
1629948939000,0.0005941770647653001
1629948969000,0.0006127450980392157
1629948999000,0.0005945303210463732
1629949029000,0.0
1629949059000,0.0
1629949089000,0.0
1629949119000,0.0005984440454817473
1629949149000,0.0
1629949179000,0.0006009615384615385
1629949209000,0.0006060606060606062
1629949239000,0.0006024096385542169
1629949269000,0.0
1629949299000,0.0
1629949329000,0.0
1629949359000,0.0005920663114268798
1629949389000,0.0
1629949419000,0.0
1629949449000,0.0
1629949479000,0.0
1629949509000,0.0
1629949539000,0.0
1629949569000,0.0
1629949599000,0.0006101281269066504
1629949629000,0.0
1629949659000,0.0
1629949689000,0.0006188118811881187
1629949719000,0.0006067961165048543
1629949749000,0.0
1629949779000,0.0006075334143377885
1629949809000,0.0005998800239952009
1629949839000,0.0
1629949869000,0.0
1629949899000,0.0006112469437652813
1629949929000,0.0006042296072507553
1629949959000,0.0
1629949989000,0.0006082725060827251
1629950019000,0.0
1629950049000,0.0
1629950079000,0.0
1629950109000,0.0
1629950139000,0.001226993865030675
1629950169000,0.0
1629950199000,0.0006024096385542169
1629950229000,0.0
1629950259000,0.0005941770647653001
1629950289000,0.0005980861244019139
1629950319000,0.0006079027355623102
1629950349000,0.0006009615384615385
1629950379000,0.0006131207847946045
1629950409000,0.0
1629950439000,0.0
1629950469000,0.0006020469596628537
1629950499000,0.0
1629950529000,0.0
1629950559000,0.0
1629950559000,0.0
1629950559000,0.0
1629950559000,0.0
1629950559000,0.0
1629950589000,0.0
1629950559000,0.0
1629950589000,0.0
1629950589000,0.0
1629950589000,0.0
1629950649000,0.0
1629950589000,0.0
1629950649000,0.0
1629950559000,0.0
1629950619000,0.0
1629950679000,0.0
1629950649000,0.0
1629950619000,0.0
1629950619000,0.0
1629950619000,0.0
1629950589000,0.0
1629950649000,0.0
1629950709000,0.0
1629950739000,0.0
1629950769000,0.0
1629950799000,0.0
1629950829000,0.0
1629950859000,0.0005991611743559018
1629950889000,0.0
1629950919000,0.0
1629950949000,0.0
1629950979000,0.0
1629951009000,0.0
1629951039000,0.0006071645415907711
1629951069000,0.0
1629951099000,0.0
1629951129000,0.0
1629951159000,0.0006101281269066504
1629951189000,0.0
1629951219000,0.0
1629951249000,0.0006097560975609756
1629951279000,0.0006056935190793457
1629951309000,0.0
1629951339000,0.0006031363088057902
1629951369000,0.0
1629951399000,0.0
1629951429000,0.0
1629951459000,0.0
1629951489000,0.0
1629951519000,0.0
1629951549000,0.0006042296072507553
1629951579000,0.0006016847172081829
1629951609000,0.0
1629951639000,0.0
1629951669000,0.0
1629951699000,0.0
1629951729000,0.0006071645415907711
1629951759000,0.0
1629951789000,0.0
1629951819000,0.0006123698714023269
1629951849000,0.0
1629951879000,0.0005959475566150177
1629951909000,0.0
1629951939000,0.0
1629951969000,0.0
1629951999000,0.0
1629952029000,0.0
1629952059000,0.0
1629952089000,0.0
1629952119000,0.0
1629952149000,0.0
1629952179000,0.0
1629952209000,0.0
1629952239000,0.0005910165484633571
1629952269000,0.0
1629952299000,0.0
1629952329000,0.0
1629952359000,0.0
1629952389000,0.0
1629952419000,0.0
1629952449000,0.0
1629952479000,0.0
1629952509000,0.0
1629952539000,0.0
1629952569000,0.0
1629952599000,0.0006093845216331506
1629952629000,0.0
1629952659000,0.0006027727546714887
1629952689000,0.0
1629952719000,0.0
1629952749000,0.0
1629952779000,0.0
1629952809000,0.0006161429451632778
1629952839000,0.0
1629952869000,0.0
1629952899000,0.0
1629952929000,0.0006093845216331506
1629952959000,0.0
1629952989000,0.0
1629953019000,0.0
1629953049000,0.0
1629953079000,0.0
1629953109000,0.0006172839506172839
1629953139000,0.0006161429451632778
1629953169000,0.0006079027355623102
1629953199000,0.0
1629953229000,0.0006038647342995169
1629953259000,0.0
1629953289000,0.0
1629953319000,0.0
1629953349000,0.0
1629953379000,0.0
1629953409000,0.0
1629953439000,0.0
1629953469000,0.0006112469437652813
1629953499000,0.0006146281499692684
1629953529000,0.0006138735420503376
1629953559000,0.0
1629953589000,0.0
1629953619000,0.0
1629953649000,0.0006101281269066504
1629953679000,0.0006101281269066504
1629953709000,0.0
1629953739000,0.0
1629953769000,0.0
1629953799000,0.0005995203836930455
1629953829000,0.0
1629953859000,0.0
1629953889000,0.0
1629953919000,0.0
1629953949000,0.0
1629953979000,0.0006101281269066504
1629954009000,0.0
1629954039000,0.0006045949214026603
1629954069000,0.0
1629954099000,0.0011848341232227491
1629954129000,0.0006127450980392157
1629954159000,0.0
1629954189000,0.0006116207951070336
1629954219000,0.0
1629954249000,0.0
1629954279000,0.0
1629954309000,0.0
1629954339000,0.0006112469437652813
1629954369000,0.0
1629954399000,0.0
1629954429000,0.0
1629954459000,0.0005889281507656067
1629954489000,0.0006203473945409428
1629954519000,0.0
1629954549000,0.0
1629954579000,0.0
1629954609000,0.0
1629954639000,0.0
1629954669000,0.0
1629954699000,0.0006108735491753207
1629954729000,0.0
1629954759000,0.0012048192771084338
1629954789000,0.0006119951040391675
1629954819000,0.0
1629954849000,0.0
1629954879000,0.0
1629954909000,0.0
1629954939000,0.0
1629954969000,0.0
1629954999000,0.0
1629955029000,0.0006086427267194157
1629955059000,0.0006116207951070336
1629955089000,0.0
1629955119000,0.0
1629955149000,0.0
1629955179000,0.0
1629955209000,0.0006112469437652813
1629955239000,0.0
1629955269000,0.0
1629955299000,0.0
1629955329000,0.0005924170616113746
1629955359000,0.0
1629955389000,0.0
1629955419000,0.0
1629955449000,0.0
1629955479000,0.0
1629955509000,0.0
1629955539000,0.0
1629955569000,0.0
1629955599000,0.0005980861244019139
1629955629000,0.0
1629955659000,0.0006134969325153375
1629955689000,0.0006150061500615006
1629955719000,0.0
1629955749000,0.0012106537530266347
1629955779000,0.0
1629955809000,0.0006093845216331506
1629955839000,0.0005980861244019139
1629955869000,0.0005938242280285036
1629955899000,0.0
1629955929000,0.0
1629955959000,0.0
1629955989000,0.0005991611743559018
1629956019000,0.0
1629956049000,0.0
1629956079000,0.0
1629956109000,0.0006157635467980296
1629956139000,0.0
1629956169000,0.0
1629956199000,0.0
1629956229000,0.0
1629956259000,0.0
1629956289000,0.0005995203836930455
1629956319000,0.0
1629956349000,0.0
1629956379000,0.0005963029218843173
1629956409000,0.0005878894767783657
1629956439000,0.0006006006006006006
1629956469000,0.0
1629956499000,0.0
1629956529000,0.0
1629956559000,0.0
1629956589000,0.0
1629956619000,0.0005952380952380952
1629956649000,0.0
1629956679000,0.0
1629956709000,0.0
1629956739000,0.0
1629956769000,0.0
1629956799000,0.0
1629956829000,0.0006108735491753207
1629956859000,0.0
1629956889000,0.0
1629956919000,0.0
1629956949000,0.0005952380952380952
1629956979000,0.0
1629957009000,0.0
1629957039000,0.0
1629957069000,0.0
1629957099000,0.0
1629957129000,0.0006138735420503376
1629957159000,0.0006093845216331506
1629957189000,0.0
1629957219000,0.0
1629957249000,0.0
1629957279000,0.0006031363088057902
1629957309000,0.0
1629957339000,0.0
1629957369000,0.0
1629957399000,0.0
1629957429000,0.0006042296072507553
1629957459000,0.0
1629957489000,0.0006009615384615385
1629957519000,0.0
1629957549000,0.0
1629957579000,0.0006002400960384152
1629957609000,0.0
1629957639000,0.0006119951040391675
1629957669000,0.0
1629957699000,0.0006045949214026603
1629957729000,0.0
1629957759000,0.0
1629957789000,0.0
1629957819000,0.0
1629957849000,0.0006101281269066504
1629957879000,0.0
1629957909000,0.0006082725060827251
1629957939000,0.0011820330969267141
1629957969000,0.0
1629957999000,0.0
1629958029000,0.0
1629958059000,0.0
1629958089000,0.0
1629958119000,0.001226993865030675
1629958149000,0.0
1629958179000,0.0012048192771084338
1629958209000,0.0
1629958239000,0.0
1629958269000,0.0006150061500615006
1629958299000,0.0
1629958329000,0.0
1629958359000,0.0
1629958389000,0.0
1629958419000,0.0
1629958449000,0.0
1629958479000,0.0
1629958509000,0.0
1629958539000,0.0
1629958569000,0.0
1629958599000,0.0006035003017501509
1629958629000,0.001203369434416366
1629958659000,0.0005941770647653001
1629958689000,0.0
1629958719000,0.0
1629958749000,0.0
1629958779000,0.0006067961165048543
1629958809000,0.0
1629958839000,0.0006067961165048543
1629958869000,0.0006009615384615385
1629958899000,0.0
1629958929000,0.0
1629958959000,0.0
1629958989000,0.0
1629959019000,0.0006002400960384152
1629959049000,0.0006067961165048543
1629959079000,0.0005977286312014345
1629959109000,0.0
1629959139000,0.0006024096385542169
1629959169000,0.0
1629959199000,0.0
1629959229000,0.0005991611743559018
1629959259000,0.0
1629959289000,0.0006105006105006105
1629959319000,0.0005938242280285036
1629959349000,0.0
1629959379000,0.0
1629959409000,0.0
1629959439000,0.0
1629959469000,0.0
1629959499000,0.0
1629959529000,0.0006146281499692684
1629959559000,0.0005917159763313611
1629959589000,0.0
1629959619000,0.0
1629959649000,0.0
1629959679000,0.0
1629959709000,0.0
1629959739000,0.0
1629959769000,0.0
1629959799000,0.0006079027355623102
1629959829000,0.0
1629959859000,0.0
1629959889000,0.0006024096385542169
1629959919000,0.0
1629959949000,0.0
1629959979000,0.0006056935190793457
1629960009000,0.0
1629960039000,0.0
1629960069000,0.0006142506142506142
1629960099000,0.0
1629960129000,0.0
1629960159000,0.0
1629960189000,0.0
1629960219000,0.0
1629960249000,0.0
1629960279000,0.0
1629960309000,0.0
1629960339000,0.0
1629960369000,0.0
1629960399000,0.0
1629960429000,0.0
1629960459000,0.0006045949214026603
1629960489000,0.0005980861244019139
1629960519000,0.0
1629960549000,0.0
1629960579000,0.0
1629960609000,0.0
1629960639000,0.0
1629960669000,0.0
1629960699000,0.0
1629960729000,0.0
1629960759000,0.0006006006006006006
1629960789000,0.0005966587112171838
1629960819000,0.0
1629960849000,0.0005906674542232723
1629960879000,0.0006131207847946045
1629960909000,0.0005977286312014345
1629960939000,0.0
1629960969000,0.0
1629960999000,0.0
1629961029000,0.0006006006006006006
1629961059000,0.0
1629961089000,0.0006093845216331506
1629961119000,0.0006067961165048543
1629961149000,0.0
1629961179000,0.0
1629961209000,0.0
1629961239000,0.0006138735420503376
1629961269000,0.0006101281269066504
1629961299000,0.0
1629961329000,0.0
1629961359000,0.0006082725060827251
1629961389000,0.0
1629961419000,0.0
1629961449000,0.0
1629961479000,0.0006013229104028864
1629961509000,0.0
1629961539000,0.0
1629961569000,0.0
1629961599000,0.0006071645415907711
1629961629000,0.0
1629961659000,0.0
1629961689000,0.0006049606775559589
1629961719000,0.0
1629961749000,0.0006127450980392157
1629961779000,0.0006119951040391675
1629961809000,0.0
1629961839000,0.0
1629961869000,0.0006053268765133173
1629961899000,0.0
1629961929000,0.0006097560975609756
1629961959000,0.0
1629961989000,0.0006056935190793457
1629962019000,0.0
1629962049000,0.0
1629962079000,0.0005980861244019139
1629962109000,0.0
1629962139000,0.0006082725060827251
1629962169000,0.0
1629962199000,0.0
1629962229000,0.0006067961165048543
1629962259000,0.0
1629962289000,0.0
1629962319000,0.0
1629962349000,0.0
1629962379000,0.0
1629962409000,0.0006006006006006006
1629962439000,0.0
1629962469000,0.0
1629962499000,0.0
1629962529000,0.0006056935190793457
1629962559000,0.0
1629962589000,0.0
1629962619000,0.0006138735420503376
1629962649000,0.0
1629962679000,0.0006090133982947625
1629962709000,0.0005871990604815032
1629962739000,0.0006016847172081829
1629962769000,0.0
1629962799000,0.0
1629962829000,0.0006056935190793457
1629962859000,0.0
1629962889000,0.0
1629962919000,0.0
1629962949000,0.0
1629962979000,0.0
1629963009000,0.0
1629963039000,0.0006075334143377885
1629963069000,0.0005980861244019139
1629963099000,0.0
1629963129000,0.0
1629963159000,0.0
1629963189000,0.0
1629963219000,0.0006013229104028864
1629963249000,0.0
1629963279000,0.0006038647342995169
1629963309000,0.0006016847172081829
1629963339000,0.0
1629963369000,0.0
1629963399000,0.0
1629963429000,0.0
1629963459000,0.0
1629963489000,0.0
1629963519000,0.0006064281382656155
1629963549000,0.0
1629963579000,0.0006082725060827251
1629963609000,0.0006134969325153375
1629963639000,0.0
1629963669000,0.0
1629963699000,0.0
1629963729000,0.0
1629963759000,0.0
1629963789000,0.0
1629963819000,0.0
1629963849000,0.0006049606775559589
1629963879000,0.0
1629963909000,0.0
1629963939000,0.0
1629963969000,0.0
1629963999000,0.0
1629964029000,0.0
1629964059000,0.0006053268765133173
1629964089000,0.0
1629964119000,0.0006116207951070336
1629964149000,0.0
1629964179000,0.0
1629964209000,0.0
1629964239000,0.0006053268765133173
1629964269000,0.0
1629964299000,0.0
1629964329000,0.0
1629964359000,0.0
1629964389000,0.0
1629964419000,0.0
1629964449000,0.0
1629964479000,0.0
1629964509000,0.0
1629964539000,0.0
1629964569000,0.0
1629964599000,0.0
1629964629000,0.0006127450980392157
1629964659000,0.0006131207847946045
1629964689000,0.0
1629964719000,0.0
1629964749000,0.0
1629964779000,0.0
1629964809000,0.0
1629964839000,0.0
1629964869000,0.0005945303210463732
1629964899000,0.0006093845216331506
1629964929000,0.0006101281269066504
1629964959000,0.0
1629964989000,0.0
1629965019000,0.0
1629965049000,0.0
1629965079000,0.0012070006035003018
1629965109000,0.0
1629965139000,0.0006071645415907711
1629965169000,0.001195457262402869
1629965199000,0.0
1629965229000,0.0
1629965259000,0.0006049606775559589
1629965289000,0.0
1629965319000,0.0
1629965349000,0.0005927682276229994
1629965379000,0.0
1629965409000,0.0
1629965439000,0.0
1629965469000,0.0
1629965499000,0.0006013229104028864
1629965529000,0.0
1629965559000,0.0
1629965589000,0.0
1629965619000,0.0006131207847946045
1629965649000,0.0006056935190793457
1629965679000,0.0
1629965709000,0.0
1629965739000,0.0
1629965769000,0.0
1629965799000,0.0
1629965829000,0.0
1629965859000,0.0006082725060827251
1629965889000,0.0
1629965919000,0.0
1629965949000,0.0
1629965979000,0.0
1629966009000,0.0
1629966039000,0.0
1629966069000,0.0005995203836930455
1629966099000,0.0006071645415907711
1629966129000,0.0005941770647653001
1629966159000,0.0
1629966189000,0.0
1629966219000,0.0006131207847946045
1629966249000,0.0
1629966279000,0.0
1629966309000,0.0
1629966339000,0.0
1629966369000,0.0
1629966399000,0.0
1629966429000,0.0006101281269066504
1629966459000,0.0
1629966489000,0.0005973715651135006
1629966519000,0.0
1629966549000,0.0
1629966579000,0.0006146281499692684
1629966609000,0.0
1629966639000,0.0006075334143377885
1629966669000,0.0006016847172081829
1629966699000,0.0
1629966729000,0.0006067961165048543
1629966759000,0.0
1629966789000,0.0
1629966819000,0.0
1629966849000,0.0006086427267194157
1629966879000,0.0
1629966909000,0.0
1629966939000,0.0
1629966969000,0.0
1629966999000,0.0
1629967029000,0.0
1629967059000,0.0
1629967089000,0.0
1629967119000,0.0
1629967149000,0.0006184291898577612
1629967179000,0.0006013229104028864
1629967209000,0.0006071645415907711
1629967239000,0.0
1629967269000,0.0
1629967299000,0.0
1629967329000,0.0
1629967359000,0.0006215040397762585
1629967389000,0.0
1629967419000,0.0
1629967449000,0.0006093845216331506
1629967479000,0.0
1629967509000,0.0
1629967539000,0.0005963029218843173
1629967569000,0.0006131207847946045
1629967599000,0.0
1629967629000,0.0
1629967659000,0.0
1629967689000,0.0006097560975609756
1629967719000,0.0
1629967749000,0.0
1629967779000,0.0005988023952095807
1629967809000,0.0005970149253731342
1629967839000,0.0
1629967869000,0.0
1629967899000,0.0
1629967929000,0.0
1629967959000,0.0
1629967989000,0.0
1629968019000,0.0
1629968049000,0.0
1629968079000,0.0006116207951070336
1629968109000,0.0
1629968139000,0.0
1629968169000,0.0
1629968199000,0.0
1629968229000,0.0
1629968259000,0.0
1629968289000,0.0
1629968319000,0.0
1629968349000,0.0
1629968379000,0.0
1629968409000,0.0
1629968439000,0.0
1629968469000,0.0
1629968499000,0.0
1629968529000,0.0
1629968559000,0.0005938242280285036
1629968589000,0.0006075334143377885
1629968619000,0.0
1629968649000,0.0005945303210463732
1629968679000,0.0006035003017501509
1629968709000,0.0
1629968739000,0.0
1629968769000,0.0
1629968799000,0.0
1629968829000,0.0
1629968859000,0.0
1629968889000,0.0
1629968919000,0.0005920663114268798
1629968949000,0.0006093845216331506
1629968979000,0.0
1629969009000,0.0
1629969039000,0.0
1629969069000,0.0
1629969099000,0.0
1629969129000,0.0006035003017501509
1629969159000,0.0
1629969189000,0.0006075334143377885
1629969219000,0.0
1629969249000,0.0
1629969279000,0.0
1629969309000,0.0
1629969339000,0.0
1629969369000,0.0
1629969399000,0.0
1629969429000,0.0006127450980392157
1629969459000,0.0
1629969489000,0.0
1629969519000,0.0
1629969549000,0.0
1629969579000,0.0
1629969609000,0.0
1629969639000,0.0
1629969669000,0.0
1629969699000,0.0006142506142506142
1629969729000,0.0
1629969759000,0.0
1629969789000,0.0
1629969819000,0.0005998800239952009
1629969849000,0.0
1629969879000,0.0
1629969909000,0.0005984440454817473
1629969939000,0.0
1629969969000,0.0006093845216331506
1629969999000,0.0
1629970029000,0.0006006006006006006
1629970059000,0.0006105006105006105
1629970089000,0.0
1629970119000,0.0
1629970149000,0.0005977286312014345
1629970179000,0.0
1629970209000,0.0
1629970239000,0.0
1629970269000,0.0006108735491753207
1629970299000,0.0006035003017501509
1629970329000,0.0006060606060606062
1629970359000,0.0
1629970389000,0.0
1629970419000,0.0
1629970449000,0.0
1629970479000,0.0
1629970509000,0.0
1629970539000,0.0006097560975609756
1629970569000,0.0
1629970599000,0.0006031363088057902
1629970629000,0.0
1629970659000,0.0006056935190793457
1629970689000,0.0006056935190793457
1629970719000,0.0
1629970749000,0.0
1629970779000,0.0
1629970809000,0.0
1629970839000,0.0
1629970869000,0.0
1629970899000,0.0
1629970929000,0.0
1629970959000,0.0006079027355623102
1629970989000,0.0006123698714023269
1629971019000,0.0
1629971049000,0.0006105006105006105
1629971079000,0.0006027727546714887
1629971109000,0.0
1629971139000,0.0
1629971169000,0.0
1629971199000,0.0
1629971229000,0.0
1629971259000,0.0005977286312014345
1629971289000,0.0006105006105006105
1629971319000,0.0006153846153846153
1629971349000,0.0
1629971379000,0.0
1629971409000,0.0
1629971439000,0.0
1629971469000,0.0
1629971499000,0.0005970149253731342
1629971529000,0.0
1629971559000,0.0
1629971589000,0.0006056935190793457
1629971619000,0.0
1629971649000,0.0
1629971679000,0.0
1629971709000,0.0006157635467980296
1629971739000,0.0
1629971769000,0.0
1629971799000,0.0
1629971829000,0.0
1629971859000,0.0
1629971889000,0.0006079027355623102
1629971919000,0.0
1629971949000,0.001199040767386091
1629971979000,0.0006027727546714887
1629972009000,0.0
1629972039000,0.0
1629972069000,0.0
1629972099000,0.0
1629972129000,0.0
1629972159000,0.0
1629972189000,0.0005945303210463732
1629972219000,0.0006049606775559589
1629972249000,0.0
1629972279000,0.0006042296072507553
1629972309000,0.0
1629972339000,0.0
1629972369000,0.0006134969325153375
1629972399000,0.0
1629972429000,0.0
1629972459000,0.0
1629972489000,0.0
1629972519000,0.0
1629972549000,0.0
1629972579000,0.0
1629972609000,0.0005984440454817473
1629972639000,0.0
1629972669000,0.0
1629972699000,0.0
1629972729000,0.0
1629972759000,0.0006031363088057902
1629972789000,0.0006146281499692684
1629972819000,0.0
1629972849000,0.0
1629972879000,0.0005973715651135006
1629972909000,0.0
1629972939000,0.0
1629972969000,0.0
1629972999000,0.0
1629973029000,0.0
1629973059000,0.0
1629973089000,0.0006067961165048543
1629973119000,0.0006169031462060457
1629973149000,0.0
1629973179000,0.0006169031462060457
1629973209000,0.0
1629973239000,0.0
1629973269000,0.0
1629973299000,0.0006016847172081829
1629973329000,0.0
1629973359000,0.0
1629973389000,0.0
1629973419000,0.0006071645415907711
1629973449000,0.0
1629973479000,0.0006027727546714887
1629973509000,0.0
1629973539000,0.0
1629973569000,0.0
1629973599000,0.0
1629973629000,0.0
1629973659000,0.0
1629973689000,0.0006035003017501509
1629973719000,0.0006082725060827251
1629973749000,0.0005988023952095807
1629973779000,0.0
1629973809000,0.0
1629973839000,0.0
1629973869000,0.0006013229104028864
1629973899000,0.0
1629973929000,0.0
1629973959000,0.0
1629973989000,0.0
1629974019000,0.0006082725060827251
1629974049000,0.0
1629974079000,0.0
1629974109000,0.0
1629974139000,0.0
1629974169000,0.0
1629974199000,0.0
1629974229000,0.0
1629974259000,0.0
1629974289000,0.0
1629974319000,0.0
1629974349000,0.0
1629974379000,0.0
1629974409000,0.0
1629974439000,0.0
1629974469000,0.0
1629974499000,0.0
1629974529000,0.0
1629974559000,0.0006035003017501509
1629974589000,0.0006060606060606062
1629974619000,0.0
1629974649000,0.0005948839976204639
1629974679000,0.0
1629974709000,0.0
1629974739000,0.0006002400960384152
1629974769000,0.0
1629974799000,0.0006060606060606062
1629974829000,0.0005837711617046117
1629974859000,0.0
1629974889000,0.0
1629974919000,0.0
1629974949000,0.0
1629974979000,0.0
1629975009000,0.0006134969325153375
1629975039000,0.0
1629975069000,0.0
1629975099000,0.0
1629975129000,0.0
1629975159000,0.0006006006006006006
1629975189000,0.0006049606775559589
1629975219000,0.0006134969325153375
1629975249000,0.0006184291898577612
1629975279000,0.0006090133982947625
1629975309000,0.0005945303210463732
1629975339000,0.0006016847172081829
1629975369000,0.0
1629975399000,0.0
1629975429000,0.0
1629975459000,0.0006031363088057902
1629975489000,0.0006097560975609756
1629975519000,0.0
1629975549000,0.0011911852293031567
1629975579000,0.0
1629975609000,0.0
1629975639000,0.0005970149253731342
1629975669000,0.0
1629975699000,0.0
1629975729000,0.0005963029218843173
1629975759000,0.0
1629975789000,0.0
1629975819000,0.0005966587112171838
1629975849000,0.0
1629975879000,0.0
1629975909000,0.0
1629975939000,0.0
1629975969000,0.0
1629975999000,0.0
1629976029000,0.0
1629976059000,0.0
1629976089000,0.0
1629976119000,0.0005966587112171838
1629976149000,0.0006097560975609756
1629976179000,0.0
1629976209000,0.0006067961165048543
1629976239000,0.0
1629976269000,0.0
1629976299000,0.0005966587112171838
1629976329000,0.0
1629976359000,0.0
1629976389000,0.0
1629976419000,0.0
1629976449000,0.0006049606775559589
1629976479000,0.0006002400960384152
1629976509000,0.0
1629976539000,0.0
1629976569000,0.0
1629976599000,0.0
1629976629000,0.0
1629976659000,0.0
1629976689000,0.0005938242280285036
1629976719000,0.0
1629976749000,0.0006093845216331506
1629976779000,0.0006134969325153375
1629976809000,0.0
1629976839000,0.0006045949214026603
1629976869000,0.0
1629976899000,0.0
1629976929000,0.0
1629976959000,0.0
1629976989000,0.0
1629977019000,0.0
1629977049000,0.0
1629977079000,0.0
1629977109000,0.0
1629977139000,0.0006180469715698393
1629977169000,0.0006086427267194157
1629977199000,0.0
1629977229000,0.0006116207951070336
1629977259000,0.0
1629977289000,0.0
1629977319000,0.0
1629977349000,0.0
1629977379000,0.0005906674542232723
1629977409000,0.0
1629977439000,0.0
1629977469000,0.0
1629977499000,0.0006006006006006006
1629977529000,0.0
1629977559000,0.0
1629977589000,0.0
1629977619000,0.0006097560975609756
1629977649000,0.0
1629977679000,0.0006116207951070336
1629977709000,0.0
1629977739000,0.0
1629977769000,0.0
1629977799000,0.0
1629977829000,0.0
1629977859000,0.0006112469437652813
1629977889000,0.0
1629977919000,0.0
1629977949000,0.0
1629977979000,0.0
1629978009000,0.0006123698714023269
1629978039000,0.0005948839976204639
1629978069000,0.0
1629978099000,0.0
1629978129000,0.0
1629978159000,0.0
1629978189000,0.0
1629978219000,0.0006142506142506142
1629978249000,0.0
1629978279000,0.0
1629978309000,0.0012368583797155227
1629978339000,0.0
1629978369000,0.0
1629978399000,0.0
1629978429000,0.0
1629978459000,0.0
1629978489000,0.0006042296072507553
1629978519000,0.0
1629978549000,0.0
1629978579000,0.0006009615384615385
1629978609000,0.0
1629978639000,0.0
1629978669000,0.0006082725060827251
1629978699000,0.0
1629978729000,0.0005966587112171838
1629978759000,0.0
1629978789000,0.0006060606060606062
1629978819000,0.0
1629978849000,0.0
1629978879000,0.0
1629978909000,0.0005988023952095807
1629978939000,0.0
1629978969000,0.0
1629978999000,0.0005970149253731342
1629979029000,0.0
1629979059000,0.0
1629979089000,0.0
1629979119000,0.0
1629979149000,0.0
1629979179000,0.0005991611743559018
1629979209000,0.0006035003017501509
1629979239000,0.0006024096385542169
1629979269000,0.0006082725060827251
1629979299000,0.0006042296072507553
1629979329000,0.0
1629979359000,0.001201923076923077
1629979389000,0.0
1629979419000,0.0
1629979449000,0.0
1629979479000,0.0
1629979509000,0.0
1629979539000,0.0
1629979569000,0.0006105006105006105
1629979599000,0.0
1629979629000,0.0
1629979659000,0.0005995203836930455
1629979689000,0.0
1629979719000,0.0
1629979749000,0.0006038647342995169
1629979779000,0.0006093845216331506
1629979809000,0.0005934718100890207
1629979839000,0.0
1629979869000,0.0
1629979899000,0.0
1629979929000,0.0
1629979959000,0.0
1629979989000,0.0
1629980019000,0.0
1629980049000,0.0006090133982947625
1629980079000,0.0005991611743559018
1629980109000,0.0
1629980139000,0.0
1629980169000,0.0
1629980199000,0.0005955926146515784
1629980229000,0.0
1629980259000,0.0006119951040391675
1629980289000,0.0005885815185403178
1629980319000,0.0
1629980349000,0.0005977286312014345
1629980379000,0.0005927682276229994
1629980409000,0.0
1629980439000,0.0
1629980469000,0.0
1629980499000,0.0
1629980529000,0.0
1629980559000,0.0
1629980589000,0.0
1629980619000,0.0
1629980649000,0.0
1629980679000,0.0006049606775559589
1629980709000,0.0
1629980739000,0.0006020469596628537
1629980769000,0.0
1629980799000,0.0005995203836930455
1629980829000,0.0
1629980859000,0.0
1629980889000,0.0006086427267194157
1629980919000,0.0
1629980949000,0.0006127450980392157
1629980979000,0.0011911852293031567
1629981009000,0.0006071645415907711
1629981039000,0.0006127450980392157
1629981069000,0.0
1629981099000,0.0
1629981129000,0.0
1629981159000,0.0
1629981189000,0.0
1629981219000,0.0
1629981249000,0.0
1629981279000,0.0
1629981309000,0.0
1629981339000,0.0
1629981369000,0.0006013229104028864
1629981399000,0.0
1629981429000,0.0
1629981459000,0.0
1629981489000,0.0
1629981519000,0.0
1629981549000,0.0006093845216331506
1629981579000,0.0
1629981609000,0.0006024096385542169
1629981639000,0.0
1629981669000,0.0
1629981699000,0.0
1629981729000,0.0
1629981759000,0.0
1629981789000,0.0
1629981819000,0.0
1629981849000,0.0
1629981879000,0.0
1629981909000,0.0
1629981939000,0.0
1629981969000,0.0
1629981999000,0.0
1629982029000,0.0
1629982059000,0.0
1629982089000,0.0
1629982119000,0.0011820330969267141
1629982149000,0.0006134969325153375
1629982179000,0.0006138735420503376
1629982209000,0.0
1629982239000,0.0006131207847946045
1629982269000,0.0
1629982299000,0.0
1629982329000,0.0
1629982359000,0.0
1629982389000,0.0006064281382656155
1629982419000,0.0
1629982449000,0.0
1629982479000,0.0006153846153846153
1629982509000,0.0
1629982539000,0.0
1629982569000,0.0
1629982599000,0.0
1629982629000,0.0
1629982659000,0.0
1629982689000,0.0005931198102016608
1629982719000,0.0006035003017501509
1629982749000,0.0006064281382656155
1629982779000,0.0
1629982809000,0.0
1629982839000,0.0
1629982869000,0.0
1629982899000,0.0
1629982929000,0.0
1629982959000,0.0006116207951070336
1629982989000,0.0
1629983019000,0.0
1629983049000,0.0
1629983079000,0.0
1629983109000,0.0006169031462060457
1629983139000,0.0006042296072507553
1629983169000,0.0006116207951070336
1629983199000,0.0
1629983229000,0.0005941770647653001
1629983259000,0.0006035003017501509
1629983289000,0.0
1629983319000,0.0
1629983349000,0.0006067961165048543
1629983379000,0.0006199628022318662
1629983409000,0.0006016847172081829
1629983439000,0.0
1629983469000,0.0006105006105006105
1629983499000,0.0006105006105006105
1629983529000,0.0
1629983559000,0.0
1629983589000,0.0006038647342995169
1629983619000,0.0
1629983649000,0.0
1629983679000,0.0
1629983709000,0.0
1629983739000,0.0006056935190793457
1629983769000,0.0006042296072507553
1629983799000,0.0
1629983829000,0.0
1629983859000,0.0005878894767783657
1629983889000,0.0
1629983919000,0.0006020469596628537
1629983949000,0.0
1629983979000,0.0006134969325153375
1629984009000,0.0
1629984039000,0.0
1629984069000,0.0
1629984099000,0.0
1629984129000,0.0
1629984159000,0.0
1629984189000,0.0006116207951070336
1629984219000,0.0
1629984249000,0.0006006006006006006
1629984279000,0.0
1629984309000,0.0006067961165048543
1629984339000,0.0
1629984369000,0.0006027727546714887
1629984399000,0.0
1629984429000,0.0
1629984459000,0.0
1629984489000,0.0
1629984519000,0.0
1629984549000,0.0005959475566150177
1629984579000,0.0
1629984609000,0.0006049606775559589
1629984639000,0.0
1629984669000,0.0
1629984699000,0.0
1629984729000,0.0
1629984759000,0.0
1629984789000,0.0
1629984819000,0.0
1629984849000,0.0
1629984879000,0.0
1629984909000,0.0
1629984939000,0.0006031363088057902
1629984969000,0.0006013229104028864
1629984999000,0.0
1629985029000,0.0012040939193257074
1629985059000,0.0
1629985089000,0.0006116207951070336
1629985119000,0.0
1629985149000,0.0
1629985179000,0.0
1629985209000,0.0005906674542232723
1629985239000,0.0
1629985269000,0.0006169031462060457
1629985299000,0.0005998800239952009
1629985329000,0.0
1629985359000,0.0
1629985389000,0.0006131207847946045
1629985419000,0.0
1629985449000,0.0
1629985479000,0.0011813349084465446
1629985509000,0.0006116207951070336
1629985539000,0.0005988023952095807
1629985569000,0.0
1629985599000,0.0005878894767783657
1629985629000,0.0
1629985659000,0.0
1629985689000,0.0
1629985719000,0.0
1629985749000,0.0
1629985779000,0.0005984440454817473
1629985809000,0.0
1629985839000,0.0
1629985869000,0.0
1629985899000,0.000578368999421631
1629985929000,0.0
1629985959000,0.0005963029218843173
1629985989000,0.0012040939193257074
1629986019000,0.0006146281499692684
1629986049000,0.0006024096385542169
1629986079000,0.0
1629986109000,0.0006123698714023269
1629986139000,0.0
1629986169000,0.0005995203836930455
1629986199000,0.0
1629986229000,0.0
1629986259000,0.0
1629986289000,0.0
1629986319000,0.0
1629986349000,0.0012012012012012011
1629986379000,0.0
1629986409000,0.0
1629986439000,0.0
1629986469000,0.0
1629986499000,0.0
1629986529000,0.0
1629986559000,0.0
1629986589000,0.0006067961165048543
1629986619000,0.0
1629986649000,0.0
1629986679000,0.0
1629986709000,0.0
1629986739000,0.0005938242280285036
1629986769000,0.0
1629986799000,0.0
1629986829000,0.0
1629986859000,0.0006093845216331506
1629986889000,0.0
1629986919000,0.0006075334143377885
1629986949000,0.0
1629986979000,0.0
1629987009000,0.0006176652254478072
1629987039000,0.0
1629987069000,0.0
1629987099000,0.0
1629987129000,0.0
1629987159000,0.0
1629987189000,0.0
1629987219000,0.0
1629987249000,0.0006093845216331506
1629987279000,0.0006042296072507553
1629987309000,0.0
1629987339000,0.0
1629987369000,0.0
1629987399000,0.0
1629987429000,0.0
1629987459000,0.0
1629987489000,0.0
1629987519000,0.0
1629987549000,0.0
1629987579000,0.0
1629987609000,0.0006101281269066504
1629987639000,0.0006169031462060457
1629987669000,0.0
1629987699000,0.0
1629987729000,0.0
1629987759000,0.0
1629987789000,0.0
1629987819000,0.0005906674542232723
1629987849000,0.0006024096385542169
1629987879000,0.0
1629987909000,0.0006013229104028864
1629987939000,0.0
1629987969000,0.0006049606775559589
1629987999000,0.0
1629988029000,0.0
1629988059000,0.0006165228113440197
1629988089000,0.0
1629988119000,0.0
1629988149000,0.0
1629988179000,0.0
1629988209000,0.0
1629988239000,0.0
1629988269000,0.0
1629988299000,0.0005966587112171838
1629988329000,0.0
1629988359000,0.0
1629988389000,0.0006157635467980296
1629988419000,0.0
1629988449000,0.0
1629988479000,0.0
1629988509000,0.0
1629988539000,0.0
1629988569000,0.0
1629988599000,0.0
1629988629000,0.0
1629988659000,0.0
1629988689000,0.0006035003017501509
1629988719000,0.0
1629988749000,0.0006093845216331506
1629988779000,0.0006049606775559589
1629988809000,0.0
1629988839000,0.0
1629988869000,0.0
1629988899000,0.0
1629988929000,0.0
1629988959000,0.0006195786864931846
1629988989000,0.0
1629989019000,0.0
1629989049000,0.0
1629989079000,0.0006049606775559589
1629989109000,0.0
1629989139000,0.0
1629989169000,0.0006020469596628537
1629989199000,0.0
1629989229000,0.0
1629989259000,0.0
1629989289000,0.0
1629989319000,0.0
1629989349000,0.0
1629989379000,0.0012062726176115801
1629989409000,0.0
1629989439000,0.0
1629989469000,0.0
1629989499000,0.0005955926146515784
1629989529000,0.0
1629989559000,0.0
1629989589000,0.0
1629989619000,0.0
1629989649000,0.0
1629989679000,0.0006079027355623102
1629989709000,0.0
1629989739000,0.0
1629989769000,0.0006119951040391675
1629989799000,0.0
1629989829000,0.0006016847172081829
1629989859000,0.0
1629989889000,0.0
1629989919000,0.0
1629989949000,0.0006082725060827251
1629989979000,0.0
1629990009000,0.0006002400960384152
1629990039000,0.0
1629990069000,0.0006195786864931846
1629990099000,0.0
1629990129000,0.0
1629990159000,0.0
1629990189000,0.0012247397428046538
1629990219000,0.0006176652254478072
1629990249000,0.0
1629990279000,0.0006060606060606062
1629990309000,0.0
1629990339000,0.0
1629990369000,0.0006165228113440197
1629990399000,0.0006038647342995169
1629990429000,0.0006027727546714887
1629990459000,0.0
1629990489000,0.0012338062924120911
1629990519000,0.0
1629990549000,0.0
1629990579000,0.0
1629990609000,0.0
1629990639000,0.0
1629990669000,0.0006134969325153375
1629990699000,0.0
1629990729000,0.0006105006105006105
1629990759000,0.0005945303210463732
1629990789000,0.0
1629990819000,0.0
1629990849000,0.0
1629990879000,0.0
1629990909000,0.0
1629990939000,0.0
1629990969000,0.0
1629990999000,0.0
1629991029000,0.0006006006006006006
1629991059000,0.0
1629991089000,0.0
1629991119000,0.0
1629991149000,0.0
1629991179000,0.0
1629991209000,0.0005948839976204639
1629991239000,0.0006131207847946045
1629991269000,0.0
1629991299000,0.0
1629991329000,0.0
1629991359000,0.0
1629991389000,0.0
1629991419000,0.0006016847172081829
1629991449000,0.0005963029218843173
1629991479000,0.0
1629991509000,0.0
1629991539000,0.0
1629991569000,0.0
1629991599000,0.0
1629991629000,0.001212856276531231
1629991659000,0.0
1629991689000,0.0006031363088057902
1629991719000,0.0005977286312014345
1629991749000,0.0
1629991779000,0.0
1629991809000,0.0006112469437652813
1629991839000,0.0
1629991869000,0.0
1629991899000,0.0
1629991929000,0.0
1629991959000,0.0
1629991989000,0.0
1629992019000,0.0
1629992049000,0.0006123698714023269
1629992079000,0.0006067961165048543
1629992109000,0.0
1629992139000,0.0
1629992169000,0.0
1629992199000,0.0
1629992229000,0.0
1629992259000,0.0
1629992289000,0.0
1629992319000,0.0
1629992349000,0.0
1629992379000,0.0
1629992409000,0.0
1629992439000,0.0
1629992469000,0.0
1629992499000,0.0
1629992529000,0.0
1629992559000,0.0
1629992589000,0.0006150061500615006
1629992619000,0.0005973715651135006
1629992649000,0.0
1629992679000,0.0
1629992709000,0.0
1629992739000,0.0
1629992769000,0.0
1629992799000,0.0006119951040391675
1629992829000,0.0
1629992859000,0.0006024096385542169
1629992889000,0.0006027727546714887
1629992919000,0.0
1629992949000,0.0005931198102016608
1629992979000,0.0006150061500615006
1629993009000,0.0005924170616113746
1629993039000,0.0
1629993069000,0.0
1629993099000,0.0006097560975609756
1629993129000,0.0
1629993159000,0.0
1629993189000,0.0006123698714023269
1629993219000,0.0005927682276229994
1629993249000,0.0011983223487118035
1629993279000,0.0
1629993309000,0.0
1629993339000,0.0005934718100890207
1629993369000,0.0
1629993399000,0.0
1629993429000,0.0
1629993459000,0.0
1629993489000,0.0
1629993519000,0.0006031363088057902
1629993549000,0.0006134969325153375
1629993579000,0.0
1629993609000,0.0
1629993639000,0.0012345679012345679
1629993669000,0.0
1629993699000,0.0
1629993729000,0.0
1629993759000,0.0005980861244019139
1629993789000,0.0005966587112171838
1629993819000,0.0
1629993849000,0.0
1629993879000,0.0
1629993909000,0.0
1629993939000,0.0
1629993969000,0.0
1629993999000,0.0
1629994029000,0.0006013229104028864
1629994059000,0.0006006006006006006
1629994089000,0.0
1629994119000,0.0
1629994149000,0.0
1629994179000,0.0
1629994209000,0.0
1629994239000,0.0
1629994269000,0.0
1629994299000,0.0006097560975609756
1629994329000,0.0
1629994359000,0.0
1629994389000,0.0
1629994419000,0.0
1629994449000,0.0005980861244019139
1629994479000,0.0
1629994509000,0.0
1629994539000,0.0
1629994569000,0.0
1629994599000,0.0
1629994629000,0.0
1629994659000,0.0006013229104028864
1629994689000,0.0
1629994719000,0.0
1629994749000,0.0
1629994779000,0.0
1629994809000,0.0
1629994839000,0.0
1629994869000,0.0
1629994899000,0.0
1629994929000,0.0
1629994959000,0.0
1629994989000,0.0006027727546714887
1629995019000,0.0
1629995049000,0.0
1629995079000,0.0
1629995109000,0.0
1629995139000,0.0
1629995169000,0.0
1629995199000,0.0005959475566150177
1629995229000,0.0
1629995259000,0.0
1629995289000,0.0
1629995319000,0.0
1629995349000,0.0
1629995379000,0.0
1629995409000,0.0006060606060606062
1629995439000,0.0
1629995469000,0.0
1629995499000,0.0
1629995529000,0.0
1629995559000,0.0
1629995589000,0.0
1629995619000,0.0
1629995649000,0.0
1629995679000,0.0
1629995709000,0.0
1629995739000,0.0006049606775559589
1629995769000,0.0
1629995799000,0.0
1629995829000,0.0
1629995859000,0.0
1629995889000,0.0
1629995919000,0.0005948839976204639
1629995949000,0.0
1629995979000,0.0
1629996009000,0.0
1629996039000,0.0
1629996069000,0.0
1629996099000,0.0006038647342995169
1629996129000,0.0006165228113440197
1629996159000,0.0
1629996189000,0.0
1629996219000,0.0
1629996249000,0.0
1629996279000,0.0
1629996309000,0.0
1629996339000,0.0
1629996369000,0.0
1629996399000,0.0
1629996429000,0.0
1629996459000,0.0
1629996489000,0.0
1629996519000,0.0
1629996549000,0.0
1629996579000,0.0
1629996609000,0.0
1629996639000,0.0
1629996669000,0.0
1629996699000,0.0
1629996729000,0.0
1629996759000,0.0006172839506172839
1629996789000,0.0
1629996819000,0.0
1629996849000,0.0
1629996879000,0.0
1629996909000,0.0
1629996939000,0.0
1629996969000,0.0
1629996999000,0.0
1629997029000,0.0
1629997059000,0.0
1629997089000,0.0006093845216331506
1629997119000,0.0
1629997149000,0.0006105006105006105
1629997179000,0.0
1629997209000,0.0006002400960384152
1629997239000,0.0
1629997269000,0.0006071645415907711
1629997299000,0.0
1629997329000,0.0
1629997359000,0.0
1629997389000,0.0
1629997419000,0.0
1629997449000,0.0006119951040391675
1629997479000,0.0
1629997509000,0.0
1629997539000,0.0
1629997569000,0.0
1629997599000,0.0
1629997629000,0.0
1629997659000,0.0
1629997689000,0.0
1629997719000,0.0
1629997749000,0.0
1629997779000,0.0
1629997809000,0.0
1629997839000,0.0
1629997869000,0.0
1629997899000,0.0
1629997929000,0.0
1629997959000,0.0
1629997989000,0.0
1629998019000,0.0
1629998049000,0.0
1629998079000,0.0
1629998109000,0.0
1629998139000,0.0
1629998169000,0.0
1629998199000,0.0
1629998229000,0.0
1629998259000,0.0
1629998289000,0.0
1629998319000,0.0
1629998349000,0.0
1629998379000,0.0
1629998409000,0.0
1629998439000,0.0
1629998469000,0.0006146281499692684
1629998499000,0.0
1629998529000,0.0
1629998559000,0.0006035003017501509
1629998589000,0.0
1629998619000,0.0
1629998649000,0.0
1629998679000,0.0
1629998709000,0.0
1629998739000,0.0
1629998769000,0.0
1629998799000,0.0
1629998829000,0.0
1629998859000,0.0
1629998889000,0.0
1629998919000,0.0
1629998949000,0.0
1629998979000,0.0
1629999009000,0.0
1629999039000,0.0
1629999069000,0.0
1629999099000,0.0
1629999129000,0.0
1629999159000,0.0006142506142506142
1629999189000,0.0005970149253731342
1629999219000,0.0
1629999249000,0.0
1629999279000,0.0
1629999309000,0.0006142506142506142
1629999339000,0.0
1629999369000,0.0
1629999399000,0.0
1629999429000,0.0
1629999459000,0.0
1629999489000,0.0
1629999519000,0.0
1629999549000,0.0
1629999579000,0.0
1629999609000,0.0006071645415907711
1629999639000,0.0
1629999669000,0.0
1629999699000,0.0
1629999729000,0.0
1629999759000,0.0
1629999789000,0.0
1629999819000,0.0
1629999849000,0.0
1629999879000,0.0
1629999909000,0.0006161429451632778
1629999939000,0.0
1629999969000,0.0
1629999999000,0.0
1630000029000,0.0
1630000059000,0.0006006006006006006
1630000089000,0.0
1630000119000,0.0
1630000149000,0.0
1630000179000,0.0
1630000209000,0.0
1630000239000,0.0
1630000269000,0.0
1630000299000,0.0
1630000329000,0.0
1630000359000,0.0006002400960384152
1630000389000,0.0
1630000419000,0.0
1630000449000,0.0
1630000479000,0.0
1630000509000,0.0
1630000539000,0.0
1630000569000,0.0
1630000599000,0.0
1630000629000,0.0
1630000659000,0.0
1630000689000,0.0
1630000719000,0.0
1630000749000,0.0
1630000779000,0.0
1630000809000,0.0
1630000839000,0.0
1630000869000,0.0
1630000899000,0.0
1630000929000,0.0
1630000959000,0.0
1630000989000,0.0
1630001019000,0.0
1630001049000,0.0
1630001079000,0.0
1630001109000,0.0
1630001139000,0.0
1630001169000,0.0
1630001199000,0.0
1630001229000,0.0
1630001259000,0.0
1630001289000,0.0005963029218843173
1630001319000,0.0
1630001349000,0.0
1630001379000,0.0
1630001409000,0.0
1630001439000,0.0
1630001469000,0.0
1630001499000,0.0
1630001529000,0.0005959475566150177
1630001559000,0.0006116207951070336
1630001589000,0.0006016847172081829
1630001619000,0.0
1630001649000,0.0
1630001679000,0.0
1630001709000,0.0
1630001739000,0.0
1630001769000,0.0
1630001799000,0.0
1630001829000,0.0006161429451632778
1630001859000,0.0
1630001889000,0.0
1630001919000,0.0
1630001949000,0.0
1630001979000,0.0
1630002009000,0.0
1630002039000,0.0
1630002069000,0.0
1630002099000,0.0
1630002129000,0.0
1630002159000,0.0
1630002189000,0.0
1630002219000,0.0006123698714023269
1630002249000,0.0
1630002279000,0.0
1630002309000,0.0
1630002339000,0.0
1630002369000,0.0
1630002399000,0.0005963029218843173
1630002429000,0.0
1630002459000,0.0
1630002489000,0.0
1630002519000,0.0
1630002549000,0.0
1630002579000,0.0006127450980392157
1630002609000,0.0
1630002639000,0.0
1630002669000,0.0
1630002699000,0.0
1630002729000,0.0006161429451632778
1630002759000,0.0006071645415907711
1630002789000,0.0
1630002819000,0.0
1630002849000,0.0006131207847946045
1630002879000,0.0006013229104028864
1630002909000,0.0
1630002939000,0.0
1630002969000,0.0006045949214026603
1630002999000,0.0
1630003029000,0.0
1630003059000,0.0
1630003089000,0.0
1630003119000,0.0
1630003149000,0.0
1630003179000,0.0
1630003209000,0.0
1630003239000,0.0
1630003269000,0.0
1630003299000,0.0
1630003329000,0.0
1630003359000,0.0
1630003389000,0.0
1630003419000,0.0
1630003449000,0.0006056935190793457
1630003479000,0.0
1630003509000,0.0006075334143377885
1630003539000,0.0
1630003569000,0.0
1630003599000,0.0
1630003629000,0.0
1630003659000,0.0
1630003689000,0.0
1630003719000,0.0
1630003749000,0.0
1630003779000,0.0
1630003809000,0.0
1630003839000,0.0
1630003869000,0.0
1630003899000,0.0
1630003929000,0.0
1630003959000,0.0
1630003989000,0.0
1630004019000,0.0
1630004049000,0.0006138735420503376
1630004079000,0.0
1630004109000,0.0
1630004139000,0.0
1630004169000,0.0
1630004199000,0.0005963029218843173
1630004229000,0.0
1630004259000,0.0
1630004289000,0.0
1630004319000,0.0006009615384615385
1630004349000,0.0
1630004379000,0.0006086427267194157
1630004409000,0.0
1630004439000,0.0006020469596628537
1630004469000,0.0
1630004499000,0.0
1630004529000,0.0
1630004559000,0.0006097560975609756
1630004589000,0.0
1630004619000,0.0
1630004649000,0.0
1630004679000,0.0
1630004709000,0.0006119951040391675
1630004739000,0.0005820721769499418
1630004769000,0.0
1630004799000,0.0005977286312014345
1630004829000,0.0
1630004859000,0.0
1630004889000,0.0
1630004919000,0.0
1630004949000,0.0
1630004979000,0.0005966587112171838
1630005009000,0.0
1630005039000,0.0005963029218843173
1630005069000,0.0006093845216331506
1630005099000,0.0006127450980392157
1630005129000,0.0006038647342995169
1630005159000,0.0
1630005189000,0.0
1630005219000,0.0
1630005249000,0.0
1630005279000,0.0
1630005309000,0.0
1630005339000,0.0005917159763313611
1630005369000,0.0
1630005399000,0.0
1630005429000,0.0
1630005459000,0.0
1630005489000,0.0005973715651135006
1630005519000,0.0
1630005549000,0.0
1630005579000,0.0
1630005609000,0.0
1630005639000,0.0
1630005669000,0.0
1630005699000,0.0
1630005729000,0.0
1630005759000,0.0
1630005789000,0.0
1630005819000,0.0
1630005849000,0.0
1630005879000,0.0
1630005909000,0.0006009615384615385
1630005939000,0.0
1630005969000,0.0
1630005999000,0.0006150061500615006
1630006029000,0.0
1630006059000,0.0
1630006089000,0.0006006006006006006
1630006119000,0.0006035003017501509
1630006149000,0.0
1630006179000,0.0
1630006209000,0.0
1630006239000,0.0
1630006269000,0.0
1630006299000,0.0
1630006329000,0.0
1630006359000,0.0
1630006389000,0.0
1630006419000,0.0
1630006449000,0.0
1630006479000,0.0005998800239952009
1630006509000,0.0005963029218843173
1630006539000,0.0
1630006569000,0.0
1630006599000,0.0
1630006629000,0.0
1630006659000,0.0
1630006689000,0.0
1630006719000,0.0
1630006749000,0.0
1630006779000,0.0
1630006809000,0.0
1630006839000,0.0
1630006869000,0.0
1630006899000,0.0006146281499692684
1630006929000,0.0005970149253731342
1630006959000,0.0
1630006989000,0.0
1630007019000,0.0
1630007049000,0.0006123698714023269
1630007079000,0.0
1630007109000,0.0006093845216331506
1630007139000,0.0005934718100890207
1630007169000,0.0012232415902140672
1630007199000,0.0
1630007229000,0.0
1630007259000,0.0006013229104028864
1630007289000,0.0
1630007319000,0.0
1630007349000,0.0
1630007379000,0.0
1630007409000,0.0
1630007439000,0.0
1630007469000,0.0
1630007499000,0.0
1630007529000,0.0
1630007559000,0.0
1630007589000,0.0
1630007619000,0.0
1630007649000,0.0006097560975609756
1630007679000,0.0006105006105006105
1630007709000,0.0005945303210463732
1630007739000,0.0
1630007769000,0.0
1630007799000,0.0005995203836930455
1630007829000,0.0
1630007859000,0.0
1630007889000,0.0006075334143377885
1630007919000,0.0012202562538133007
1630007949000,0.0
1630007979000,0.0
1630008009000,0.0006056935190793457
1630008039000,0.0
1630008069000,0.0
1630008099000,0.0012202562538133007
1630008129000,0.0
1630008159000,0.0
1630008189000,0.0
1630008219000,0.0
1630008249000,0.0
1630008279000,0.0006131207847946045
1630008309000,0.0006146281499692684
1630008339000,0.0
1630008369000,0.0
1630008399000,0.0
1630008429000,0.0006079027355623102
1630008459000,0.0
1630008489000,0.0
1630008519000,0.0
1630008549000,0.0
1630008579000,0.0
1630008609000,0.0006101281269066504
1630008639000,0.0
1630008669000,0.0
1630008699000,0.0006053268765133173
1630008729000,0.0
1630008759000,0.0
1630008789000,0.001201923076923077
1630008819000,0.0
1630008849000,0.0
1630008879000,0.0006009615384615385
1630008909000,0.0
1630008939000,0.0
1630008969000,0.0
1630008999000,0.0006180469715698393
1630009029000,0.0005896226415094339
1630009059000,0.0
1630009089000,0.0
1630009119000,0.0005910165484633571
1630009149000,0.0006119951040391675
1630009179000,0.0
1630009209000,0.0
1630009239000,0.0
1630009269000,0.0
1630009299000,0.0005868544600938967
1630009329000,0.0
1630009359000,0.0005991611743559018
1630009389000,0.0
1630009419000,0.0006112469437652813
1630009449000,0.0
1630009479000,0.0006035003017501509
1630009509000,0.0005988023952095807
1630009539000,0.0
1630009569000,0.0006169031462060457
1630009599000,0.0
1630009629000,0.0006071645415907711
1630009659000,0.0005892751915144372
1630009689000,0.0
1630009719000,0.0
1630009749000,0.0
1630009779000,0.0
1630009809000,0.0
1630009839000,0.0006035003017501509
1630009869000,0.0
1630009899000,0.0
1630009929000,0.0
1630009959000,0.0005991611743559018
1630009989000,0.0
1630010019000,0.0
1630010049000,0.0
1630010079000,0.0006024096385542169
1630010109000,0.0
1630010139000,0.0
1630010169000,0.0006013229104028864
1630010199000,0.0
1630010229000,0.0
1630010259000,0.0
1630010289000,0.0006082725060827251
1630010319000,0.0006009615384615385
1630010349000,0.0
1630010379000,0.0
1630010409000,0.0
1630010439000,0.0
1630010469000,0.0
1630010499000,0.0
1630010529000,0.0
1630010559000,0.0
1630010589000,0.0
1630010619000,0.0006176652254478072
1630010649000,0.0005924170616113746
1630010679000,0.0006172839506172839
1630010709000,0.0011976047904191614
1630010739000,0.0
1630010769000,0.0
1630010799000,0.0006086427267194157
1630010829000,0.0
1630010859000,0.0
1630010889000,0.0
1630010919000,0.0
1630010949000,0.0
1630010979000,0.0
1630011009000,0.0
1630011039000,0.0
1630011069000,0.0
1630011099000,0.0006082725060827251
1630011129000,0.0
1630011159000,0.0
1630011189000,0.0
1630011219000,0.0
1630011249000,0.0
1630011279000,0.0
1630011309000,0.0
1630011339000,0.0
1630011369000,0.0
1630011399000,0.0
1630011429000,0.0
1630011459000,0.0
1630011489000,0.0
1630011519000,0.0
1630011549000,0.0006215040397762585
1630011579000,0.0
1630011609000,0.0
1630011639000,0.0
1630011669000,0.0
1630011699000,0.0
1630011729000,0.0
1630011759000,0.0
1630011789000,0.0006006006006006006
1630011819000,0.0005955926146515784
1630011849000,0.0
1630011879000,0.0
1630011909000,0.0
1630011939000,0.0
1630011969000,0.0
1630011999000,0.0006045949214026603
1630012029000,0.0
1630012059000,0.0
1630012089000,0.0
1630012119000,0.0
1630012149000,0.0005903187721369539
1630012179000,0.0
1630012209000,0.0006134969325153375
1630012239000,0.0006127450980392157
1630012269000,0.0006016847172081829
1630012299000,0.0
1630012329000,0.0
1630012359000,0.0
1630012389000,0.0
1630012419000,0.0
1630012449000,0.0
1630012479000,0.0006056935190793457
1630012509000,0.0
1630012539000,0.0006045949214026603
1630012569000,0.0
1630012599000,0.0
1630012629000,0.0
1630012659000,0.0
1630012689000,0.0
1630012719000,0.0
1630012749000,0.0
1630012779000,0.0
1630012809000,0.0
1630012839000,0.0
1630012869000,0.0
1630012899000,0.0
1630012929000,0.0
1630012959000,0.0005906674542232723
1630012989000,0.0006035003017501509
1630013019000,0.0
1630013049000,0.0012091898428053206
1630013079000,0.0
1630013109000,0.0
1630013139000,0.0006097560975609756
1630013169000,0.0
1630013199000,0.0
1630013229000,0.0005998800239952009
1630013259000,0.0
1630013289000,0.0
1630013319000,0.0
1630013349000,0.0005934718100890207
1630013379000,0.0
1630013409000,0.0
1630013439000,0.0
1630013469000,0.0
1630013499000,0.0
1630013529000,0.0
1630013559000,0.0
1630013589000,0.0
1630013619000,0.0006016847172081829
1630013649000,0.0
1630013679000,0.0005878894767783657
1630013709000,0.0006024096385542169
1630013739000,0.0
1630013769000,0.0
1630013799000,0.0
1630013829000,0.0
1630013859000,0.0006045949214026603
1630013889000,0.0
1630013919000,0.0006056935190793457
1630013949000,0.0005973715651135006
1630013979000,0.0006127450980392157
1630014009000,0.0
1630014039000,0.0
1630014069000,0.0
1630014099000,0.0006031363088057902
1630014129000,0.0
1630014159000,0.0
1630014189000,0.0
1630014219000,0.0
1630014249000,0.0
1630014279000,0.0
1630014309000,0.0
1630014339000,0.0
1630014369000,0.0
1630014399000,0.0
1630014429000,0.0
1630014459000,0.0
1630014489000,0.0
1630014519000,0.0
1630014549000,0.0
1630014579000,0.0
1630014609000,0.0006105006105006105
1630014639000,0.0
1630014669000,0.0
1630014699000,0.0
1630014729000,0.0005938242280285036
1630014759000,0.0
1630014789000,0.0
1630014819000,0.0
1630014849000,0.0
1630014879000,0.0
1630014909000,0.0006064281382656155
1630014939000,0.0
1630014969000,0.0
1630014999000,0.0
1630015029000,0.0
1630015059000,0.0006079027355623102
1630015089000,0.0
1630015119000,0.0
1630015149000,0.0
1630015179000,0.0
1630015209000,0.0
1630015239000,0.0
1630015269000,0.0
1630015299000,0.0
1630015329000,0.0
1630015359000,0.0
1630015389000,0.0005955926146515784
1630015419000,0.0
1630015449000,0.0
1630015479000,0.0005984440454817473
1630015509000,0.0
1630015539000,0.0
1630015569000,0.0
1630015599000,0.0005868544600938967
1630015629000,0.0
1630015659000,0.0
1630015689000,0.0006013229104028864
1630015719000,0.0
1630015749000,0.0
1630015779000,0.0
1630015809000,0.0005952380952380952
1630015839000,0.0
1630015869000,0.000588235294117647
1630015899000,0.0005941770647653001
1630015929000,0.0005834305717619603
1630015959000,0.0
1630015989000,0.0
1630016019000,0.0
1630016049000,0.0005959475566150177
1630016079000,0.0005988023952095807
1630016109000,0.0006024096385542169
1630016139000,0.0
1630016169000,0.0006153846153846153
1630016199000,0.0
1630016229000,0.0
1630016259000,0.0
1630016289000,0.0006042296072507553
1630016319000,0.0
1630016349000,0.0
1630016379000,0.0
1630016409000,0.0
1630016439000,0.0
1630016469000,0.0006071645415907711
1630016499000,0.0
1630016529000,0.0
1630016559000,0.0
1630016589000,0.0006142506142506142
1630016619000,0.0
1630016649000,0.0
1630016679000,0.0
1630016709000,0.0
1630016739000,0.0
1630016769000,0.0
1630016799000,0.0
1630016829000,0.0
1630016859000,0.0
1630016889000,0.0
1630016919000,0.0005934718100890207
1630016949000,0.0006060606060606062
1630016979000,0.0
1630017009000,0.0006123698714023269
1630017039000,0.0006119951040391675
1630017069000,0.0006119951040391675
1630017099000,0.0
1630017129000,0.0
1630017159000,0.0
1630017189000,0.0
1630017219000,0.0
1630017249000,0.0
1630017279000,0.0
1630017309000,0.0006161429451632778
1630017339000,0.0
1630017369000,0.0
1630017399000,0.0006123698714023269
1630017429000,0.0
1630017459000,0.0
1630017489000,0.0006180469715698393
1630017519000,0.0
1630017549000,0.0
1630017579000,0.0006112469437652813
1630017609000,0.0
1630017639000,0.0006112469437652813
1630017669000,0.0
1630017699000,0.0006101281269066504
1630017729000,0.0
1630017759000,0.0006031363088057902
1630017789000,0.0006157635467980296
1630017819000,0.0006049606775559589
1630017849000,0.0
1630017879000,0.0
1630017909000,0.0
1630017939000,0.0005934718100890207
1630017969000,0.0
1630017999000,0.0006042296072507553
1630018029000,0.0
1630018059000,0.0
1630018089000,0.0006020469596628537
1630018119000,0.0
1630018149000,0.0
1630018179000,0.0
1630018209000,0.0
1630018239000,0.0005834305717619603
1630018269000,0.0006027727546714887
1630018299000,0.0005984440454817473
1630018329000,0.0006053268765133173
1630018359000,0.0
1630018389000,0.0
1630018419000,0.0
1630018449000,0.0
1630018479000,0.0006002400960384152
1630018509000,0.0
1630018539000,0.0005952380952380952
1630018569000,0.0
1630018599000,0.0
1630018629000,0.0006027727546714887
1630018659000,0.0
1630018689000,0.0006035003017501509
1630018719000,0.0
1630018749000,0.0
1630018779000,0.0
1630018809000,0.0006131207847946045
1630018839000,0.0
1630018869000,0.0
1630018899000,0.0
1630018929000,0.0
1630018959000,0.0
1630018989000,0.0
1630019019000,0.0
1630019049000,0.0006056935190793457
1630019079000,0.0
1630019109000,0.0
1630019139000,0.0011862396204033216
1630019169000,0.0
1630019199000,0.0006031363088057902
1630019229000,0.0
1630019259000,0.0
1630019289000,0.0005952380952380952
1630019319000,0.0011869436201780415
1630019349000,0.0005980861244019139
1630019379000,0.0
1630019409000,0.0
1630019439000,0.0
1630019469000,0.0
1630019499000,0.0
1630019529000,0.0005851375073142189
1630019559000,0.0
1630019589000,0.0
1630019619000,0.0
1630019649000,0.0
1630019679000,0.0
1630019709000,0.0
1630019739000,0.0005980861244019139
1630019769000,0.0
1630019799000,0.0
1630019829000,0.0006112469437652813
1630019859000,0.0
1630019889000,0.0
1630019919000,0.0
1630019949000,0.0005998800239952009
1630019979000,0.0
1630020009000,0.0
1630020039000,0.0
1630020069000,0.0
1630020099000,0.0
1630020129000,0.0006020469596628537
1630020159000,0.0
1630020189000,0.0
1630020219000,0.0
1630020249000,0.0
1630020279000,0.0
1630020309000,0.0
1630020339000,0.0
1630020369000,0.0
1630020399000,0.0
1630020429000,0.0
1630020459000,0.0
1630020489000,0.0
1630020519000,0.0006097560975609756
1630020549000,0.0
1630020579000,0.0
1630020609000,0.0
1630020639000,0.0006035003017501509
1630020669000,0.0006082725060827251
1630020699000,0.0006027727546714887
1630020729000,0.0005998800239952009
1630020759000,0.0
1630020789000,0.0006038647342995169
1630020819000,0.0006020469596628537
1630020849000,0.0
1630020879000,0.0
1630020909000,0.0
1630020939000,0.0
1630020969000,0.0
1630020999000,0.0
1630021029000,0.0
1630021059000,0.0006060606060606062
1630021089000,0.0
1630021119000,0.0
1630021149000,0.0
1630021179000,0.0
1630021209000,0.0
1630021239000,0.0006123698714023269
1630021269000,0.0
1630021299000,0.0
1630021329000,0.0006071645415907711
1630021359000,0.0
1630021389000,0.0
1630021419000,0.0
1630021449000,0.0
1630021479000,0.0
1630021509000,0.0006172839506172839
1630021539000,0.0
1630021569000,0.0006071645415907711
1630021599000,0.0006142506142506142
1630021629000,0.0
1630021659000,0.0
1630021689000,0.0
1630021719000,0.0
1630021749000,0.0
1630021779000,0.0006024096385542169
1630021809000,0.0
1630021839000,0.0006020469596628537
1630021869000,0.0
1630021899000,0.0006009615384615385
1630021929000,0.0
1630021959000,0.0
1630021989000,0.0
1630022019000,0.0
1630022049000,0.0
1630022079000,0.0
1630022109000,0.0006056935190793457
1630022139000,0.0
1630022169000,0.0
1630022199000,0.0
1630022229000,0.0
1630022259000,0.0005991611743559018
1630022289000,0.0
1630022319000,0.0
1630022349000,0.0
1630022379000,0.0005984440454817473
1630022409000,0.0006161429451632778
1630022439000,0.0
1630022469000,0.0006020469596628537
1630022499000,0.0
1630022529000,0.0
1630022559000,0.0006027727546714887
1630022589000,0.0
1630022619000,0.0
1630022649000,0.0
1630022679000,0.0006101281269066504
1630022709000,0.0
1630022739000,0.0
1630022769000,0.0
1630022799000,0.0006064281382656155
1630022829000,0.0
1630022859000,0.0
1630022889000,0.0005977286312014345
1630022919000,0.0
1630022949000,0.0
1630022979000,0.0
1630023009000,0.0
1630023039000,0.0005988023952095807
1630023069000,0.0
1630023099000,0.0
1630023129000,0.0006161429451632778
1630023159000,0.0
1630023189000,0.0
1630023219000,0.0006027727546714887
1630023249000,0.0
1630023279000,0.0005963029218843173
1630023309000,0.0006020469596628537
1630023339000,0.0
1630023369000,0.0006053268765133173
1630023399000,0.0006165228113440197
1630023429000,0.0
1630023459000,0.0
1630023489000,0.0005995203836930455
1630023519000,0.0
1630023549000,0.0006006006006006006
1630023579000,0.0
1630023609000,0.0006082725060827251
1630023639000,0.0
1630023669000,0.0
1630023699000,0.0005995203836930455
1630023729000,0.0006064281382656155
1630023759000,0.0
1630023789000,0.0
1630023819000,0.0
1630023849000,0.0
1630023879000,0.0
1630023909000,0.0
1630023939000,0.0
1630023969000,0.0006082725060827251
1630023999000,0.0011918951132300355
1630024029000,0.0
1630024059000,0.0
1630024089000,0.0006165228113440197
1630024119000,0.0
1630024149000,0.0006042296072507553
1630024179000,0.0
1630024209000,0.0006093845216331506
1630024239000,0.0012300123001230013
1630024269000,0.0
1630024299000,0.0
1630024329000,0.0
1630024359000,0.0
1630024389000,0.0
1630024419000,0.0
1630024449000,0.0
1630024479000,0.0
1630024509000,0.0
1630024539000,0.0006027727546714887
1630024569000,0.0006053268765133173
1630024599000,0.0
1630024629000,0.0
1630024659000,0.0
1630024689000,0.0
1630024719000,0.0005966587112171838
1630024749000,0.0006027727546714887
1630024779000,0.0
1630024809000,0.0
1630024839000,0.0
1630024869000,0.0
1630024899000,0.0006108735491753207
1630024929000,0.0
1630024959000,0.0
1630024989000,0.0
1630025019000,0.0006024096385542169
1630025049000,0.0
1630025079000,0.0
1630025109000,0.0
1630025139000,0.0
1630025169000,0.0006090133982947625
1630025199000,0.0006146281499692684
1630025229000,0.0
1630025259000,0.0006090133982947625
1630025289000,0.0
1630025319000,0.0
1630025349000,0.0
1630025379000,0.0
1630025409000,0.0006199628022318662
1630025439000,0.0006016847172081829
1630025469000,0.0
1630025499000,0.0
1630025529000,0.0006082725060827251
1630025559000,0.0006002400960384152
1630025589000,0.0005973715651135006
1630025619000,0.0
1630025649000,0.0
1630025679000,0.0006056935190793457
1630025709000,0.0
1630025739000,0.0006176652254478072
1630025769000,0.0
1630025799000,0.0005948839976204639
1630025829000,0.0
1630025859000,0.0
1630025889000,0.0
1630025919000,0.0
1630025949000,0.0
1630025979000,0.0
1630026009000,0.0
1630026039000,0.0005988023952095807
1630026069000,0.0
1630026099000,0.0
1630026129000,0.0006142506142506142
1630026159000,0.0
1630026189000,0.0
1630026219000,0.0
1630026249000,0.0006146281499692684
1630026279000,0.0006169031462060457
1630026309000,0.0006035003017501509
1630026339000,0.0005913660555884093
1630026369000,0.0005889281507656067
1630026399000,0.0006127450980392157
1630026429000,0.0
1630026459000,0.0
1630026489000,0.0
1630026519000,0.0
1630026549000,0.0006053268765133173
1630026579000,0.0
1630026609000,0.0
1630026639000,0.0
1630026669000,0.0
1630026699000,0.0012091898428053206
1630026729000,0.0
1630026759000,0.0
1630026789000,0.0
1630026819000,0.0006112469437652813
1630026849000,0.0
1630026879000,0.0005920663114268798
1630026909000,0.0
1630026939000,0.0
1630026969000,0.0
1630026999000,0.0
1630027029000,0.0006013229104028864
1630027059000,0.0
1630027089000,0.0
1630027119000,0.0006020469596628537
1630027149000,0.0006045949214026603
1630027179000,0.0
1630027209000,0.0
1630027239000,0.0
1630027269000,0.0006116207951070336
1630027299000,0.0006105006105006105
1630027329000,0.0
1630027359000,0.0006090133982947625
1630027389000,0.0
1630027419000,0.0
1630027449000,0.0
1630027479000,0.0006006006006006006
1630027509000,0.0
1630027539000,0.0
1630027569000,0.0
1630027599000,0.0
1630027629000,0.0
1630027659000,0.0
1630027689000,0.0
1630027719000,0.0
1630027749000,0.0
1630027779000,0.0
1630027809000,0.0
1630027839000,0.0
1630027869000,0.0
1630027899000,0.0
1630027929000,0.0
1630027959000,0.0005973715651135006
1630027989000,0.0005899705014749262
1630028019000,0.0
1630028049000,0.0
1630028079000,0.0005995203836930455
1630028109000,0.0005920663114268798
1630028139000,0.0
1630028169000,0.0006165228113440197
1630028199000,0.0006006006006006006
1630028229000,0.0
1630028259000,0.0
1630028289000,0.0
1630028319000,0.0
1630028349000,0.0
1630028379000,0.0
1630028409000,0.0
1630028439000,0.0
1630028469000,0.0
1630028499000,0.0006002400960384152
1630028529000,0.0
1630028559000,0.0
1630028589000,0.0
1630028619000,0.0005955926146515784
1630028649000,0.0006176652254478072
1630028679000,0.0
1630028709000,0.0
1630028739000,0.0
1630028769000,0.0
1630028799000,0.0
1630028829000,0.0
1630028859000,0.0006097560975609756
1630028889000,0.0006131207847946045
1630028919000,0.0006067961165048543
1630028949000,0.0012172854534388314
1630028979000,0.0
1630029009000,0.0
1630029039000,0.0005977286312014345
1630029069000,0.0
1630029099000,0.0005955926146515784
1630029129000,0.0
1630029159000,0.0
1630029189000,0.0
1630029219000,0.0
1630029249000,0.0
1630029279000,0.0005903187721369539
1630029309000,0.0006180469715698393
1630029339000,0.0
1630029369000,0.0
1630029399000,0.0
1630029429000,0.0005878894767783657
1630029459000,0.0
1630029489000,0.0
1630029519000,0.0
1630029549000,0.0
1630029579000,0.0
1630029609000,0.0
1630029639000,0.0
1630029669000,0.0
1630029699000,0.0005885815185403178
1630029729000,0.0
1630029759000,0.0006060606060606062
1630029789000,0.0
1630029819000,0.0
1630029849000,0.0
1630029879000,0.0005924170616113746
1630029909000,0.0
1630029939000,0.0006060606060606062
1630029969000,0.0
1630029999000,0.0
1630030029000,0.0
1630030059000,0.0
1630030089000,0.0
1630030119000,0.0006127450980392157
1630030149000,0.0
1630030179000,0.0
1630030209000,0.0
1630030239000,0.0005952380952380952
1630030269000,0.0
1630030299000,0.0
1630030329000,0.0
1630030359000,0.0
1630030389000,0.0
1630030419000,0.0
1630030449000,0.0
1630030479000,0.0
1630030509000,0.0
1630030539000,0.0006090133982947625
1630030569000,0.0
1630030599000,0.0006013229104028864
1630030629000,0.0006020469596628537
1630030659000,0.0
1630030689000,0.0
1630030719000,0.0
1630030749000,0.0006082725060827251
1630030779000,0.0
1630030809000,0.0
1630030839000,0.0
1630030869000,0.0006169031462060457
1630030899000,0.0
1630030929000,0.0006075334143377885
1630030959000,0.0
1630030989000,0.0
1630031019000,0.0006056935190793457
1630031049000,0.0006146281499692684
1630031079000,0.0
1630031109000,0.0005913660555884093
1630031139000,0.0005910165484633571
1630031169000,0.0
1630031199000,0.0
1630031229000,0.0
1630031259000,0.0
1630031289000,0.0005963029218843173
1630031319000,0.0006045949214026603
1630031349000,0.0
1630031379000,0.0
1630031409000,0.0
1630031439000,0.0
1630031469000,0.0
1630031499000,0.0
1630031529000,0.0006075334143377885
1630031559000,0.0
1630031589000,0.0
1630031619000,0.0
1630031649000,0.0006138735420503376
1630031679000,0.0
1630031709000,0.0
1630031739000,0.0
1630031769000,0.0
1630031799000,0.0012004801920768304
1630031829000,0.0
1630031859000,0.0
1630031889000,0.0
1630031919000,0.0006123698714023269
1630031949000,0.0011940298507462687
1630031979000,0.0
1630032009000,0.0
1630032039000,0.0
1630032069000,0.0006150061500615006
1630032099000,0.0005868544600938967
1630032129000,0.0006013229104028864
1630032159000,0.0
1630032189000,0.0
1630032219000,0.0005970149253731342
1630032249000,0.0006086427267194157
1630032279000,0.0006060606060606062
1630032309000,0.0
1630032339000,0.0
1630032369000,0.0
1630032399000,0.0
1630032429000,0.0006105006105006105
1630032459000,0.0
1630032489000,0.0006042296072507553
1630032519000,0.0
1630032549000,0.0
1630032579000,0.0
1630032609000,0.0
1630032639000,0.0
1630032669000,0.0006082725060827251
1630032699000,0.0
1630032729000,0.0
1630032759000,0.0
1630032789000,0.0
1630032819000,0.0
1630032849000,0.0
1630032879000,0.0
1630032909000,0.0
1630032939000,0.0
1630032969000,0.0
1630032999000,0.0
1630033029000,0.0012376237623762374
1630033059000,0.0006045949214026603
1630033089000,0.0006169031462060457
1630033119000,0.0006002400960384152
1630033149000,0.0
1630033179000,0.0
1630033209000,0.0
1630033239000,0.0
1630033269000,0.0
1630033299000,0.0
1630033329000,0.0006013229104028864
1630033359000,0.0
1630033389000,0.0006191950464396285
1630033419000,0.0
1630033449000,0.0
1630033479000,0.001226241569589209
1630033509000,0.0
1630033539000,0.0
1630033569000,0.0
1630033599000,0.0005803830528148577
1630033629000,0.0
1630033659000,0.0
1630033689000,0.0
1630033719000,0.0006119951040391675
1630033749000,0.0
1630033779000,0.0
1630033809000,0.0
1630033839000,0.0
1630033869000,0.0006082725060827251
1630033899000,0.0
1630033929000,0.0
1630033959000,0.0
1630033989000,0.0005991611743559018
1630034019000,0.0006027727546714887
1630034049000,0.0006086427267194157
1630034079000,0.0
1630034109000,0.0
1630034139000,0.0
1630034169000,0.0
1630034199000,0.0
1630034229000,0.0006116207951070336
1630034259000,0.0006134969325153375
1630034289000,0.0
1630034319000,0.0006053268765133173
1630034349000,0.0
1630034379000,0.0006031363088057902
1630034409000,0.0006035003017501509
1630034439000,0.0012165450121654502
1630034469000,0.0005910165484633571
1630034499000,0.0
1630034529000,0.0
1630034559000,0.0
1630034589000,0.0
1630034619000,0.0006016847172081829
1630034649000,0.0
1630034679000,0.0006079027355623102
1630034709000,0.0006079027355623102
1630034739000,0.0
1630034769000,0.0
1630034799000,0.0
1630034829000,0.0
1630034859000,0.0
1630034889000,0.0006127450980392157
1630034919000,0.001215066828675577
1630034949000,0.0006127450980392157
1630034979000,0.0
1630035009000,0.0
1630035039000,0.0005952380952380952
1630035069000,0.0
1630035099000,0.0
1630035129000,0.0
1630035159000,0.0
1630035189000,0.0
1630035219000,0.0006027727546714887
1630035249000,0.0
1630035279000,0.0
1630035309000,0.0
1630035339000,0.0
1630035369000,0.0
1630035399000,0.0006009615384615385
1630035429000,0.0
1630035459000,0.0
1630035489000,0.0
1630035519000,0.0
1630035549000,0.0
1630035579000,0.0005966587112171838
1630035609000,0.0
1630035639000,0.0006056935190793457
1630035669000,0.0
1630035699000,0.0
1630035729000,0.0006082725060827251
1630035759000,0.0006116207951070336
1630035789000,0.0
1630035819000,0.0
1630035849000,0.0
1630035879000,0.0
1630035909000,0.0
1630035939000,0.0
1630035969000,0.0006090133982947625
1630035999000,0.0
1630036029000,0.0006138735420503376
1630036059000,0.0
1630036089000,0.0
1630036119000,0.0006172839506172839
1630036149000,0.0006016847172081829
1630036179000,0.0
1630036209000,0.0
1630036239000,0.0006013229104028864
1630036269000,0.0
1630036299000,0.0
1630036329000,0.0
1630036359000,0.0
1630036389000,0.0
1630036419000,0.0006016847172081829
1630036449000,0.0005885815185403178
1630036479000,0.0
1630036509000,0.0
1630036539000,0.0006116207951070336
1630036569000,0.0
1630036599000,0.0
1630036629000,0.0
1630036659000,0.0
1630036689000,0.0
1630036719000,0.0
1630036749000,0.0
1630036779000,0.0006097560975609756
1630036809000,0.0
1630036839000,0.0
1630036869000,0.0
1630036899000,0.0
1630036929000,0.0006042296072507553
1630036959000,0.0
1630036989000,0.0
1630037019000,0.0006082725060827251
1630037049000,0.0
1630037079000,0.0
1630037109000,0.0006119951040391675
1630037139000,0.0006016847172081829
1630037169000,0.0006093845216331506
1630037199000,0.0
1630037229000,0.0
1630037259000,0.0
1630037289000,0.0
1630037319000,0.0
1630037349000,0.0006053268765133173
1630037379000,0.0
1630037409000,0.0
1630037439000,0.0
1630037469000,0.0005988023952095807
1630037499000,0.0005970149253731342
1630037529000,0.0
1630037559000,0.0
1630037589000,0.0
1630037619000,0.0006049606775559589
1630037649000,0.0005941770647653001
1630037679000,0.0
1630037709000,0.0
1630037739000,0.0
1630037769000,0.0006165228113440197
1630037799000,0.0
1630037829000,0.0
1630037859000,0.0006053268765133173
1630037889000,0.0012055455093429774
1630037919000,0.0006161429451632778
1630037949000,0.0
1630037979000,0.0005980861244019139
1630038009000,0.0
1630038039000,0.0
1630038069000,0.0006071645415907711
1630038099000,0.0005977286312014345
1630038129000,0.0
1630038159000,0.0
1630038189000,0.0
1630038219000,0.0
1630038249000,0.0
1630038279000,0.0
1630038309000,0.0006002400960384152
1630038339000,0.0
1630038369000,0.0
1630038399000,0.0
1630038429000,0.0
1630038459000,0.0
1630038489000,0.0
1630038519000,0.0
1630038549000,0.0
1630038579000,0.0
1630038609000,0.0
1630038639000,0.0
1630038669000,0.0005966587112171838
1630038699000,0.0
1630038729000,0.0005952380952380952
1630038759000,0.0
1630038789000,0.0
1630038819000,0.0
1630038849000,0.0
1630038879000,0.0
1630038909000,0.0006211180124223603
1630038939000,0.0
1630038969000,0.0
1630038999000,0.0006060606060606062
1630039029000,0.0006188118811881187
1630039059000,0.0
1630039089000,0.0
1630039119000,0.0
1630039149000,0.0
1630039179000,0.0
1630039209000,0.0006042296072507553
1630039239000,0.0
1630039269000,0.0
1630039299000,0.0005963029218843173
1630039329000,0.0
1630039359000,0.0
1630039389000,0.0
1630039419000,0.0
1630039449000,0.0
1630039479000,0.0
1630039509000,0.0012224938875305626
1630039539000,0.0006079027355623102
1630039569000,0.0
1630039599000,0.0
1630039629000,0.0
1630039659000,0.0
1630039689000,0.0006153846153846153
1630039719000,0.0006123698714023269
1630039749000,0.0
1630039779000,0.0
1630039809000,0.0
1630039839000,0.0006134969325153375
1630039869000,0.0
1630039899000,0.0005991611743559018
1630039929000,0.0
1630039959000,0.0006038647342995169
1630039989000,0.0006006006006006006
1630040019000,0.0005924170616113746
1630040049000,0.0006082725060827251
1630040079000,0.0
1630040109000,0.0
1630040139000,0.0
1630040169000,0.0
1630040199000,0.0
1630040229000,0.0
1630040259000,0.0
1630040289000,0.0
1630040319000,0.0
1630040349000,0.0
1630040379000,0.0
1630040409000,0.0005966587112171838
1630040439000,0.0
1630040469000,0.0006075334143377885
1630040499000,0.0005998800239952009
1630040529000,0.0
1630040559000,0.0005948839976204639
1630040589000,0.0
1630040619000,0.0
1630040649000,0.0006035003017501509
1630040679000,0.0005948839976204639
1630040709000,0.001195457262402869
1630040739000,0.0
1630040769000,0.0
1630040799000,0.0006002400960384152
1630040829000,0.0
1630040859000,0.0
1630040889000,0.0006112469437652813
1630040919000,0.0
1630040949000,0.0
1630040979000,0.0
1630041009000,0.0
1630041039000,0.0
1630041069000,0.0
1630041099000,0.0
1630041129000,0.0006042296072507553
1630041159000,0.0
1630041189000,0.0
1630041219000,0.0
1630041249000,0.0005995203836930455
1630041279000,0.0006150061500615006
1630041309000,0.0
1630041339000,0.0
1630041369000,0.0
1630041399000,0.0
1630041429000,0.0
1630041459000,0.0
1630041489000,0.0006053268765133173
1630041519000,0.0006123698714023269
1630041549000,0.0
1630041579000,0.0
1630041609000,0.0006042296072507553
1630041639000,0.0
1630041669000,0.0
1630041699000,0.0
1630041729000,0.0005970149253731342
1630041759000,0.0005991611743559018
1630041789000,0.0
1630041819000,0.0
1630041849000,0.0
1630041879000,0.0
1630041909000,0.0006119951040391675
1630041939000,0.0
1630041969000,0.0006105006105006105
1630041999000,0.0
1630042029000,0.0
1630042059000,0.0
1630042089000,0.0
1630042119000,0.0
1630042149000,0.0006127450980392157
1630042179000,0.0
1630042209000,0.0
1630042239000,0.0006146281499692684
1630042269000,0.0
1630042299000,0.0
1630042329000,0.0006082725060827251
1630042359000,0.0
1630042389000,0.0
1630042419000,0.0006042296072507553
1630042449000,0.0
1630042479000,0.0005970149253731342
1630042509000,0.0006093845216331506
1630042539000,0.0
1630042569000,0.0
1630042599000,0.0006006006006006006
1630042629000,0.0
1630042659000,0.0006060606060606062
1630042689000,0.0005924170616113746
1630042719000,0.0006191950464396285
1630042749000,0.0
1630042779000,0.0
1630042809000,0.0
1630042839000,0.0012135922330097086
1630042869000,0.0
1630042899000,0.0
1630042929000,0.0006161429451632778
1630042959000,0.0006097560975609756
1630042989000,0.0
1630043019000,0.0
1630043049000,0.0
1630043079000,0.0
1630043109000,0.0
1630043139000,0.0
1630043169000,0.0
1630043199000,0.0
1630043229000,0.0006031363088057902
1630043259000,0.0
1630043289000,0.0
1630043319000,0.0
1630043349000,0.0
1630043379000,0.0
1630043409000,0.0
1630043439000,0.0
1630043469000,0.0
1630043499000,0.0
1630043529000,0.0
1630043559000,0.0006002400960384152
1630043589000,0.0
1630043619000,0.0
1630043649000,0.0006049606775559589
1630043679000,0.0
1630043709000,0.0005955926146515784
1630043739000,0.0
1630043769000,0.0
1630043799000,0.0
1630043829000,0.0006108735491753207
1630043859000,0.0
1630043889000,0.0
1630043919000,0.0
1630043949000,0.0
1630043979000,0.0
1630044009000,0.0
1630044039000,0.0
1630044069000,0.0
1630044099000,0.0
1630044129000,0.0
1630044159000,0.0
1630044189000,0.0
1630044219000,0.0006134969325153375
1630044249000,0.0
1630044279000,0.0006042296072507553
1630044309000,0.0006112469437652813
1630044339000,0.0
1630044369000,0.0005995203836930455
1630044399000,0.0006053268765133173
1630044429000,0.0
1630044459000,0.0
1630044489000,0.0
1630044519000,0.0
1630044549000,0.0
1630044579000,0.0
1630044609000,0.0
1630044639000,0.0
1630044669000,0.0006064281382656155
1630044699000,0.0012048192771084338
1630044729000,0.0006035003017501509
1630044759000,0.0
1630044789000,0.0006112469437652813
1630044819000,0.0
1630044849000,0.0
1630044879000,0.0
1630044909000,0.0
1630044939000,0.0
1630044969000,0.0
1630044999000,0.0
1630045029000,0.0
1630045059000,0.0
1630045089000,0.0006105006105006105
1630045119000,0.0
1630045149000,0.0006027727546714887
1630045179000,0.0
1630045209000,0.0
1630045239000,0.0
1630045269000,0.0
1630045299000,0.0
1630045329000,0.0
1630045359000,0.0006053268765133173
1630045389000,0.0
1630045419000,0.0
1630045449000,0.0
1630045479000,0.0
1630045509000,0.0
1630045539000,0.0
1630045569000,0.0006119951040391675
1630045599000,0.0
1630045629000,0.0006101281269066504
1630045659000,0.0
1630045689000,0.0
1630045719000,0.0
1630045749000,0.0
1630045779000,0.0
1630045809000,0.0005973715651135006
1630045839000,0.0
1630045869000,0.0
1630045899000,0.0005988023952095807
1630045929000,0.0
1630045959000,0.0006038647342995169
1630045989000,0.0
1630046019000,0.0
1630046049000,0.0
1630046079000,0.0
1630046109000,0.0
1630046139000,0.0
1630046169000,0.0
1630046199000,0.0
1630046229000,0.0
1630046259000,0.0
1630046289000,0.0
1630046319000,0.0006064281382656155
1630046349000,0.0
1630046379000,0.0
1630046409000,0.0
1630046439000,0.0
1630046469000,0.0006093845216331506
1630046499000,0.0
1630046529000,0.0
1630046559000,0.0
1630046589000,0.0006064281382656155
1630046619000,0.0
1630046649000,0.0006060606060606062
1630046679000,0.0
1630046709000,0.0006079027355623102
1630046739000,0.0
1630046769000,0.0
1630046799000,0.0
1630046829000,0.0006101281269066504
1630046859000,0.0
1630046889000,0.0
1630046919000,0.0
1630046949000,0.0006138735420503376
1630046979000,0.0
1630047009000,0.0005931198102016608
1630047039000,0.0
1630047069000,0.0
1630047099000,0.0
1630047129000,0.0
1630047159000,0.0006131207847946045
1630047189000,0.0
1630047219000,0.0
1630047249000,0.0006020469596628537
1630047279000,0.0
1630047309000,0.0
1630047339000,0.0
1630047369000,0.0
1630047399000,0.0
1630047429000,0.0006079027355623102
1630047459000,0.0
1630047489000,0.0
1630047519000,0.0006169031462060457
1630047549000,0.0005991611743559018
1630047579000,0.0
1630047609000,0.0
1630047639000,0.0006060606060606062
1630047669000,0.0
1630047699000,0.0
1630047729000,0.0
1630047759000,0.0
1630047789000,0.0
1630047819000,0.0
1630047849000,0.0
1630047879000,0.0
1630047909000,0.0
1630047939000,0.0
1630047969000,0.0006027727546714887
1630047999000,0.0006002400960384152
1630048029000,0.0
1630048059000,0.0
1630048089000,0.0006049606775559589
1630048119000,0.0
1630048149000,0.0
1630048179000,0.0
1630048209000,0.0006075334143377885
1630048239000,0.0
1630048269000,0.0
1630048299000,0.0
1630048329000,0.0
1630048359000,0.0006086427267194157
1630048389000,0.0
1630048419000,0.0006082725060827251
1630048449000,0.0006146281499692684
1630048479000,0.0
1630048509000,0.0
1630048539000,0.0
1630048569000,0.0012172854534388314
1630048599000,0.0
1630048629000,0.0
1630048659000,0.0
1630048689000,0.0
1630048719000,0.0005963029218843173
1630048749000,0.0006082725060827251
1630048779000,0.0
1630048809000,0.0006016847172081829
1630048839000,0.0
1630048869000,0.0
1630048899000,0.0
1630048929000,0.0
1630048959000,0.0006067961165048543
1630048989000,0.0006119951040391675
1630049019000,0.0006079027355623102
1630049049000,0.0
1630049079000,0.0006067961165048543
1630049109000,0.0006013229104028864
1630049139000,0.0
1630049169000,0.0
1630049199000,0.0006097560975609756
1630049229000,0.0006024096385542169
1630049259000,0.0
1630049289000,0.0006165228113440197
1630049319000,0.0005938242280285036
1630049349000,0.0
1630049379000,0.0005973715651135006
1630049409000,0.0
1630049439000,0.0
1630049469000,0.0
1630049499000,0.0006119951040391675
1630049529000,0.0006045949214026603
1630049559000,0.0
1630049589000,0.0
1630049619000,0.0
1630049649000,0.0
1630049679000,0.0
1630049709000,0.0006056935190793457
1630049739000,0.0
1630049769000,0.0
1630049799000,0.0005963029218843173
1630049829000,0.0
1630049859000,0.0005998800239952009
1630049889000,0.0
1630049919000,0.0
1630049949000,0.0
1630049979000,0.0006101281269066504
1630050009000,0.0
1630050039000,0.0006049606775559589
1630050069000,0.0
1630050099000,0.0006024096385542169
1630050129000,0.0005955926146515784
1630050159000,0.0005920663114268798
1630050189000,0.0
1630050219000,0.0
1630050249000,0.0
1630050279000,0.0006002400960384152
1630050309000,0.0
1630050339000,0.0
1630050369000,0.0
1630050399000,0.0
1630050429000,0.0005945303210463732
1630050459000,0.0006031363088057902
1630050489000,0.0
1630050519000,0.0
1630050549000,0.0
1630050579000,0.0006049606775559589
1630050609000,0.0
1630050639000,0.0
1630050669000,0.0
1630050699000,0.0
1630050729000,0.0006024096385542169
1630050759000,0.0
1630050789000,0.0
1630050819000,0.0
1630050849000,0.0
1630050879000,0.0006101281269066504
1630050909000,0.0
1630050939000,0.0
1630050969000,0.0006108735491753207
1630050999000,0.0
1630051029000,0.0
1630051059000,0.0
1630051089000,0.0006150061500615006
1630051119000,0.0
1630051149000,0.0005995203836930455
1630051179000,0.0006045949214026603
1630051209000,0.0
1630051239000,0.0
1630051269000,0.0
1630051299000,0.0006042296072507553
1630051329000,0.0
1630051359000,0.0006105006105006105
1630051389000,0.0006075334143377885
1630051419000,0.0
1630051449000,0.0
1630051479000,0.0
1630051509000,0.0
1630051539000,0.0
1630051569000,0.0
1630051599000,0.0006119951040391675
1630051629000,0.0
1630051659000,0.0
1630051689000,0.0
1630051719000,0.0
1630051749000,0.0
1630051779000,0.0
1630051809000,0.0006108735491753207
1630051839000,0.0
1630051869000,0.0
1630051899000,0.0
1630051929000,0.0
1630051959000,0.0006101281269066504
1630051989000,0.0
1630052019000,0.0
1630052049000,0.0
1630052079000,0.0
1630052109000,0.0006020469596628537
1630052139000,0.0006161429451632778
1630052169000,0.0
1630052199000,0.0
1630052229000,0.0006105006105006105
1630052259000,0.0005973715651135006
1630052289000,0.0
1630052319000,0.0
1630052349000,0.0006060606060606062
1630052379000,0.0006056935190793457
1630052409000,0.0
1630052439000,0.0
1630052469000,0.0
1630052499000,0.0006006006006006006
1630052529000,0.0006031363088057902
1630052559000,0.0
1630052589000,0.0
1630052619000,0.0
1630052649000,0.0006153846153846153
1630052679000,0.0
1630052709000,0.0005824111822947001
1630052739000,0.0005980861244019139
1630052769000,0.0
1630052799000,0.0
1630052829000,0.0
1630052859000,0.0
1630052889000,0.0
1630052919000,0.0005834305717619603
1630052949000,0.0
1630052979000,0.0
1630053009000,0.0005955926146515784
1630053039000,0.0
1630053069000,0.0005952380952380952
1630053099000,0.0
1630053129000,0.0
1630053159000,0.0
1630053189000,0.0
1630053219000,0.0
1630053249000,0.0
1630053279000,0.0
1630053309000,0.0
1630053339000,0.0
1630053369000,0.0
1630053399000,0.0
1630053429000,0.0
1630053459000,0.0
1630053489000,0.0
1630053519000,0.0005948839976204639
1630053549000,0.0
1630053579000,0.0006142506142506142
1630053609000,0.0
1630053639000,0.0
1630053669000,0.0
1630053699000,0.0005998800239952009
1630053729000,0.0
1630053759000,0.0
1630053789000,0.0
1630053819000,0.0
1630053849000,0.0006112469437652813
1630053879000,0.0
1630053909000,0.0006090133982947625
1630053939000,0.0
1630053969000,0.0
1630053999000,0.0
1630054029000,0.0
1630054059000,0.0
1630054089000,0.0005966587112171838
1630054119000,0.0006131207847946045
1630054149000,0.0006067961165048543
1630054179000,0.0
1630054209000,0.0
1630054239000,0.0
1630054269000,0.0
1630054299000,0.0
1630054329000,0.0
1630054359000,0.0
1630054389000,0.0
1630054419000,0.0005834305717619603
1630054449000,0.0012077294685990338
1630054479000,0.0006002400960384152
1630054509000,0.0
1630054539000,0.0
1630054569000,0.0006053268765133173
1630054599000,0.0
1630054629000,0.0
1630054659000,0.0005941770647653001
1630054689000,0.0006093845216331506
1630054719000,0.0
1630054749000,0.0
1630054779000,0.0
1630054809000,0.0006020469596628537
1630054839000,0.0
1630054869000,0.0
1630054899000,0.0
1630054929000,0.0
1630054959000,0.0
1630054989000,0.0006071645415907711
1630055019000,0.0
1630055049000,0.0
1630055079000,0.0
1630055109000,0.0
1630055139000,0.0
1630055169000,0.0
1630055199000,0.0
1630055229000,0.0
1630055259000,0.0
1630055289000,0.0
1630055319000,0.0
1630055349000,0.0005934718100890207
1630055379000,0.0
1630055409000,0.0
1630055439000,0.0
1630055469000,0.0
1630055499000,0.0
1630055529000,0.0
1630055559000,0.0
1630055589000,0.0
1630055619000,0.0
1630055649000,0.0
1630055679000,0.0006013229104028864
1630055709000,0.0
1630055739000,0.0005988023952095807
1630055769000,0.0006191950464396285
1630055799000,0.0
1630055829000,0.0
1630055859000,0.0
1630055889000,0.0006101281269066504
1630055919000,0.0
1630055949000,0.001212856276531231
1630055979000,0.0
1630056009000,0.0
1630056039000,0.0
1630056069000,0.0006067961165048543
1630056099000,0.0
1630056129000,0.0
1630056159000,0.0
1630056189000,0.0
1630056219000,0.0
1630056249000,0.0
1630056279000,0.0
1630056309000,0.0005998800239952009
1630056339000,0.0
1630056369000,0.0005991611743559018
1630056399000,0.0005973715651135006
1630056429000,0.0006119951040391675
1630056459000,0.0006042296072507553
1630056489000,0.0006053268765133173
1630056519000,0.0
1630056549000,0.0006146281499692684
1630056579000,0.0
1630056609000,0.0005955926146515784
1630056639000,0.0
1630056669000,0.0
1630056699000,0.0006165228113440197
1630056729000,0.0
1630056759000,0.0005945303210463732
1630056789000,0.0
1630056819000,0.0005963029218843173
1630056849000,0.0
1630056879000,0.0
1630056909000,0.0
1630056939000,0.0005924170616113746
1630056969000,0.0
1630056999000,0.0006075334143377885
1630057029000,0.0006056935190793457
1630057059000,0.0
1630057089000,0.0
1630057119000,0.0
1630057149000,0.0
1630057179000,0.0
1630057209000,0.0
1630057239000,0.0
1630057269000,0.0
1630057299000,0.0006013229104028864
1630057329000,0.0
1630057359000,0.0
1630057389000,0.0
1630057419000,0.0
1630057449000,0.0
1630057479000,0.0
1630057509000,0.0
1630057539000,0.0
1630057569000,0.0
1630057599000,0.0
1630057629000,0.0012091898428053206
1630057659000,0.0005910165484633571
1630057689000,0.0005980861244019139
1630057719000,0.0
1630057749000,0.0005984440454817473
1630057779000,0.0
1630057809000,0.0
1630057839000,0.0
1630057869000,0.0
1630057899000,0.0
1630057929000,0.0
1630057959000,0.0006176652254478072
1630057989000,0.0
1630058019000,0.0
1630058049000,0.0
1630058079000,0.0
1630058109000,0.0006056935190793457
1630058139000,0.0
1630058169000,0.0006134969325153375
1630058199000,0.0006016847172081829
1630058229000,0.0006031363088057902
1630058259000,0.0006142506142506142
1630058289000,0.0
1630058319000,0.0
1630058349000,0.0
1630058379000,0.0
1630058409000,0.0
1630058439000,0.0
1630058469000,0.0
1630058499000,0.0012247397428046538
1630058529000,0.0
1630058559000,0.0
1630058589000,0.0
1630058619000,0.0006079027355623102
1630058649000,0.0
1630058679000,0.0
1630058709000,0.0006101281269066504
1630058739000,0.0
1630058769000,0.0
1630058799000,0.0
1630058829000,0.0
1630058859000,0.0
1630058889000,0.0
1630058919000,0.0
1630058949000,0.0006035003017501509
1630058979000,0.0
1630059009000,0.0
1630059039000,0.0
1630059069000,0.0
1630059099000,0.0
1630059129000,0.0006016847172081829
1630059159000,0.0
1630059189000,0.0
1630059219000,0.0005970149253731342
1630059249000,0.0
1630059279000,0.0
1630059309000,0.0
1630059339000,0.0
1630059369000,0.0006013229104028864
1630059399000,0.0006097560975609756
1630059429000,0.0
1630059459000,0.0
1630059489000,0.0
1630059519000,0.0
1630059549000,0.0
1630059579000,0.0
1630059609000,0.0
1630059639000,0.0
1630059669000,0.0
1630059699000,0.0
1630059729000,0.0
1630059759000,0.0006045949214026603
1630059789000,0.0006138735420503376
1630059819000,0.0
1630059849000,0.0
1630059879000,0.0005948839976204639
1630059909000,0.0
1630059939000,0.0
1630059969000,0.0
1630059999000,0.0006013229104028864
1630060029000,0.0
1630060059000,0.0
1630060089000,0.0
1630060119000,0.0
1630060149000,0.0
1630060179000,0.0006053268765133173
1630060209000,0.0
1630060239000,0.0
1630060269000,0.0
1630060299000,0.0
1630060329000,0.0
1630060359000,0.0
1630060389000,0.0006071645415907711
1630060419000,0.0
1630060449000,0.0
1630060479000,0.0
1630060509000,0.0
1630060539000,0.0006123698714023269
1630060569000,0.0006016847172081829
1630060599000,0.0
1630060629000,0.0
1630060659000,0.0
1630060689000,0.0006064281382656155
1630060719000,0.0
1630060749000,0.0
1630060779000,0.0006031363088057902
1630060809000,0.0
1630060839000,0.0
1630060869000,0.0006131207847946045
1630060899000,0.0006042296072507553
1630060929000,0.0
1630060959000,0.0006146281499692684
1630060989000,0.0
1630061019000,0.0005980861244019139
1630061049000,0.0
1630061079000,0.0011785503830288745
1630061109000,0.0
1630061139000,0.0
1630061169000,0.0005934718100890207
1630061199000,0.0
1630061229000,0.0
1630061259000,0.0
1630061289000,0.0
1630061319000,0.0
1630061349000,0.0
1630061379000,0.0006027727546714887
1630061409000,0.0005998800239952009
1630061439000,0.0006142506142506142
1630061469000,0.0
1630061499000,0.0
1630061529000,0.0
1630061559000,0.0005980861244019139
1630061589000,0.0
1630061619000,0.0
1630061649000,0.0012004801920768304
1630061679000,0.0
1630061709000,0.0
1630061739000,0.0
1630061769000,0.0
1630061799000,0.0
1630061829000,0.0
1630061859000,0.0
1630061889000,0.0
1630061919000,0.0
1630061949000,0.0
1630061979000,0.0
1630062009000,0.0006049606775559589
1630062039000,0.0006038647342995169
1630062069000,0.0
1630062099000,0.0006006006006006006
1630062129000,0.0006013229104028864
1630062159000,0.0
1630062189000,0.0
1630062219000,0.0005945303210463732
1630062249000,0.0
1630062279000,0.0
1630062309000,0.0
1630062339000,0.0
1630062369000,0.0
1630062399000,0.0
1630062429000,0.0
1630062459000,0.0006119951040391675
1630062489000,0.0
1630062519000,0.0
1630062549000,0.0006105006105006105
1630062579000,0.0
1630062609000,0.0
1630062639000,0.0
1630062669000,0.0006020469596628537
1630062699000,0.0006067961165048543
1630062729000,0.0006207324643078832
1630062759000,0.0005945303210463732
1630062789000,0.0
1630062819000,0.0
1630062849000,0.0
1630062879000,0.0006093845216331506
1630062909000,0.0
1630062939000,0.0
1630062969000,0.0
1630062999000,0.0006002400960384152
1630063029000,0.0005970149253731342
1630063059000,0.0
1630063089000,0.0
1630063119000,0.0
1630063149000,0.0
1630063179000,0.0006131207847946045
1630063209000,0.0
1630063239000,0.0
1630063269000,0.0
1630063299000,0.0
1630063329000,0.0
1630063359000,0.0
1630063389000,0.0
1630063419000,0.0
1630063449000,0.0
1630063479000,0.0
1630063509000,0.0
1630063539000,0.0006042296072507553
1630063569000,0.0
1630063599000,0.0006071645415907711
1630063629000,0.0
1630063659000,0.0
1630063689000,0.0
1630063719000,0.0
1630063749000,0.0006195786864931846
1630063779000,0.0
1630063809000,0.0
1630063839000,0.0
1630063869000,0.0
1630063899000,0.0
1630063929000,0.0
1630063959000,0.0005970149253731342
1630063989000,0.0
1630064019000,0.0005980861244019139
1630064049000,0.0
1630064079000,0.0011961722488038275
1630064109000,0.0006064281382656155
1630064139000,0.0
1630064169000,0.0006101281269066504
1630064199000,0.0005998800239952009
1630064229000,0.0
1630064259000,0.0006184291898577612
1630064289000,0.0
1630064319000,0.0006067961165048543
1630064349000,0.0
1630064379000,0.0
1630064409000,0.0
1630064439000,0.0
1630064469000,0.0
1630064499000,0.0
1630064529000,0.0
1630064559000,0.0
1630064589000,0.0
1630064619000,0.0006013229104028864
1630064649000,0.0
1630064679000,0.0
1630064709000,0.0
1630064739000,0.0005988023952095807
1630064769000,0.0
1630064799000,0.0
1630064829000,0.0
1630064859000,0.0
1630064889000,0.0
1630064919000,0.0
1630064949000,0.0
1630064979000,0.0
1630065009000,0.0006075334143377885
1630065039000,0.0
1630065069000,0.0
1630065099000,0.0005934718100890207
1630065129000,0.0
1630065159000,0.0
1630065189000,0.0
1630065219000,0.0006071645415907711
1630065249000,0.0
1630065279000,0.0
1630065309000,0.0
1630065339000,0.0006002400960384152
1630065369000,0.0
1630065399000,0.0006079027355623102
1630065429000,0.0
1630065459000,0.0006009615384615385
1630065489000,0.0006108735491753207
1630065519000,0.0
1630065549000,0.0
1630065579000,0.0
1630065609000,0.0
1630065639000,0.0
1630065669000,0.0
1630065699000,0.0006146281499692684
1630065729000,0.0006049606775559589
1630065759000,0.0
1630065789000,0.0
1630065819000,0.0
1630065849000,0.0006157635467980296
1630065879000,0.0
1630065909000,0.0
1630065939000,0.0
1630065969000,0.0006150061500615006
1630065999000,0.0
1630066029000,0.001201923076923077
1630066059000,0.0005952380952380952
1630066089000,0.0
1630066119000,0.0
1630066149000,0.0006150061500615006
1630066179000,0.0
1630066209000,0.0
1630066239000,0.0006150061500615006
1630066269000,0.0
1630066299000,0.0006067961165048543
1630066329000,0.0
1630066359000,0.0
1630066389000,0.0006188118811881187
1630066419000,0.0
1630066449000,0.0
1630066479000,0.0
1630066509000,0.0
1630066539000,0.0005927682276229994
1630066569000,0.0
1630066599000,0.0
1630066629000,0.0
1630066659000,0.0
1630066689000,0.0
1630066719000,0.0005977286312014345
1630066749000,0.0
1630066779000,0.0
1630066809000,0.0
1630066839000,0.0
1630066869000,0.0
1630066899000,0.0
1630066929000,0.0
1630066959000,0.0
1630066989000,0.0
1630067019000,0.0
1630067049000,0.0
1630067079000,0.0
1630067109000,0.0
1630067139000,0.0
1630067169000,0.0006142506142506142
1630067199000,0.0005941770647653001
1630067229000,0.0
1630067259000,0.0
1630067289000,0.0
1630067319000,0.0
1630067349000,0.0
1630067379000,0.0005952380952380952
1630067409000,0.0
1630067439000,0.0005984440454817473
1630067469000,0.0
1630067499000,0.0
1630067529000,0.0
1630067559000,0.0006020469596628537
1630067589000,0.0
1630067619000,0.0
1630067649000,0.0
1630067679000,0.0
1630067709000,0.0006031363088057902
1630067739000,0.0
1630067769000,0.0
1630067799000,0.0
1630067829000,0.0
1630067859000,0.0
1630067889000,0.0006123698714023269
1630067919000,0.0
1630067949000,0.0
1630067979000,0.0
1630068009000,0.0
1630068039000,0.0
1630068069000,0.0
1630068099000,0.0006042296072507553
1630068129000,0.0006049606775559589
1630068159000,0.0
1630068189000,0.0006060606060606062
1630068219000,0.0
1630068249000,0.0
1630068279000,0.0006056935190793457
1630068309000,0.0
1630068339000,0.0006056935190793457
1630068369000,0.0
1630068399000,0.0
1630068429000,0.0
1630068459000,0.0006082725060827251
1630068489000,0.0006067961165048543
1630068519000,0.0
1630068549000,0.0
1630068579000,0.0
1630068609000,0.0
1630068639000,0.0006071645415907711
1630068669000,0.0
1630068699000,0.0006097560975609756
1630068729000,0.0006038647342995169
1630068759000,0.0005959475566150177
1630068789000,0.0
1630068819000,0.0
1630068849000,0.0006035003017501509
1630068879000,0.0
1630068909000,0.0
1630068939000,0.0
1630068969000,0.0
1630068999000,0.0
1630069029000,0.0006090133982947625
1630069059000,0.0005973715651135006
1630069089000,0.0005988023952095807
1630069119000,0.0006016847172081829
1630069149000,0.0
1630069179000,0.0006127450980392157
1630069209000,0.0
1630069239000,0.0
1630069269000,0.0
1630069299000,0.0
1630069329000,0.0006238303181534623
1630069359000,0.0
1630069389000,0.0011968880909634947
1630069419000,0.0
1630069449000,0.0
1630069479000,0.0
1630069509000,0.0
1630069539000,0.0
1630069569000,0.0006042296072507553
1630069599000,0.0
1630069629000,0.0006176652254478072
1630069659000,0.0
1630069689000,0.0
1630069719000,0.0
1630069749000,0.0006056935190793457
1630069779000,0.0
1630069809000,0.0
1630069839000,0.0
1630069869000,0.0012187690432663009
1630069899000,0.0006184291898577612
1630069929000,0.0
1630069959000,0.0006009615384615385
1630069989000,0.000588235294117647
1630070019000,0.0
1630070049000,0.0005991611743559018
1630070079000,0.0006009615384615385
1630070109000,0.0
1630070139000,0.0006075334143377885
1630070169000,0.0006131207847946045
1630070199000,0.0
1630070229000,0.0
1630070259000,0.0012055455093429774
1630070289000,0.0006009615384615385
1630070319000,0.0
1630070349000,0.0006222775357809582
1630070379000,0.0006024096385542169
1630070409000,0.0
1630070439000,0.0
1630070469000,0.0
1630070499000,0.0
1630070529000,0.0
1630070559000,0.0005963029218843173
1630070589000,0.0
1630070619000,0.0
1630070649000,0.0006112469437652813
1630070679000,0.0006035003017501509
1630070709000,0.0
1630070739000,0.0
1630070769000,0.0
1630070799000,0.0
1630070829000,0.0
1630070859000,0.0
1630070889000,0.0
1630070919000,0.0
1630070949000,0.0
1630070979000,0.0
1630071009000,0.0
1630071039000,0.0
1630071069000,0.0
1630071099000,0.0
1630071129000,0.0
1630071159000,0.0
1630071189000,0.0
1630071219000,0.0006020469596628537
1630071249000,0.0006119951040391675
1630071279000,0.0006016847172081829
1630071309000,0.0
1630071339000,0.0
1630071369000,0.0006067961165048543
1630071399000,0.0
1630071429000,0.0
1630071459000,0.0006131207847946045
1630071489000,0.0
1630071519000,0.0005878894767783657
1630071549000,0.0
1630071579000,0.0006090133982947625
1630071609000,0.0
1630071639000,0.0
1630071669000,0.0
1630071699000,0.0
1630071729000,0.0006002400960384152
1630071759000,0.0
1630071789000,0.0
1630071819000,0.0005899705014749262
1630071849000,0.0
1630071879000,0.0
1630071909000,0.0
1630071939000,0.0012187690432663009
1630071969000,0.0
1630071999000,0.0
1630072029000,0.0
1630072059000,0.0
1630072089000,0.0
1630072119000,0.0
1630072149000,0.0
1630072179000,0.0
1630072209000,0.0
1630072239000,0.0
1630072269000,0.0006082725060827251
1630072299000,0.0
1630072329000,0.0006053268765133173
1630072359000,0.0
1630072389000,0.0006180469715698393
1630072419000,0.0
1630072449000,0.0
1630072479000,0.0
1630072509000,0.0
1630072539000,0.0
1630072569000,0.0
1630072599000,0.0
1630072629000,0.0006161429451632778
1630072659000,0.0
1630072689000,0.0006038647342995169
1630072719000,0.0
1630072749000,0.0
1630072779000,0.0005917159763313611
1630072809000,0.0
1630072839000,0.0
1630072869000,0.0
1630072899000,0.0
1630072929000,0.0
1630072959000,0.0
1630072989000,0.0
1630073019000,0.0
1630073049000,0.0
1630073079000,0.0
1630073109000,0.0
1630073139000,0.0
1630073169000,0.0006060606060606062
1630073199000,0.0005952380952380952
1630073229000,0.0
1630073259000,0.0
1630073289000,0.0
1630073319000,0.0
1630073349000,0.0
1630073379000,0.0
1630073409000,0.0
1630073439000,0.0
1630073469000,0.0
1630073499000,0.0
1630073529000,0.0
1630073559000,0.0006108735491753207
1630073589000,0.0
1630073619000,0.0006049606775559589
1630073649000,0.0
1630073679000,0.0
1630073709000,0.0
1630073739000,0.0
1630073769000,0.0
1630073799000,0.0005991611743559018
1630073829000,0.0
1630073859000,0.0
1630073889000,0.0006119951040391675
1630073919000,0.0006079027355623102
1630073949000,0.0
1630073979000,0.0006042296072507553
1630074009000,0.0
1630074039000,0.0
1630074069000,0.0
1630074099000,0.0006038647342995169
1630074129000,0.0
1630074159000,0.0006093845216331506
1630074189000,0.0
1630074219000,0.0
1630074249000,0.0006116207951070336
1630074279000,0.0
1630074309000,0.0006031363088057902
1630074339000,0.0
1630074369000,0.0
1630074399000,0.0
1630074429000,0.0
1630074459000,0.0
1630074489000,0.0
1630074519000,0.0
1630074549000,0.0
1630074579000,0.0
1630074609000,0.0006016847172081829
1630074639000,0.0
1630074669000,0.0
1630074699000,0.0
1630074729000,0.0006112469437652813
1630074759000,0.0005970149253731342
1630074789000,0.0
1630074819000,0.0
1630074849000,0.0
1630074879000,0.0
1630074909000,0.0
1630074939000,0.0
1630074969000,0.0
1630074999000,0.0
1630075029000,0.0
1630075059000,0.0
1630075089000,0.0006009615384615385
1630075119000,0.0
1630075149000,0.0
1630075179000,0.0005977286312014345
1630075209000,0.0
1630075239000,0.0
1630075269000,0.0
1630075299000,0.0
1630075329000,0.0
1630075359000,0.0
1630075389000,0.0
1630075419000,0.0006071645415907711
1630075449000,0.0
1630075479000,0.0005998800239952009
1630075509000,0.0
1630075539000,0.0
1630075569000,0.0
1630075599000,0.0
1630075629000,0.0
1630075659000,0.0005977286312014345
1630075689000,0.0
1630075719000,0.0
1630075749000,0.0
1630075779000,0.0
1630075809000,0.0006134969325153375
1630075839000,0.0
1630075869000,0.0006191950464396285
1630075899000,0.0
1630075929000,0.0
1630075959000,0.0006027727546714887
1630075989000,0.0
1630076019000,0.0
1630076049000,0.0006016847172081829
1630076079000,0.0
1630076109000,0.0
1630076139000,0.0
1630076169000,0.0
1630076199000,0.0006108735491753207
1630076229000,0.0
1630076259000,0.0006049606775559589
1630076289000,0.0
1630076319000,0.0
1630076349000,0.0006060606060606062
1630076379000,0.0
1630076409000,0.0
1630076439000,0.0
1630076469000,0.0006142506142506142
1630076499000,0.0
1630076529000,0.0
1630076559000,0.0006060606060606062
1630076589000,0.0
1630076619000,0.0005920663114268798
1630076649000,0.0005924170616113746
1630076679000,0.0
1630076709000,0.0
1630076739000,0.0
1630076769000,0.0
1630076799000,0.0
1630076829000,0.0
1630076859000,0.0006060606060606062
1630076889000,0.0005984440454817473
1630076919000,0.0006112469437652813
1630076949000,0.0005980861244019139
1630076979000,0.0
1630077009000,0.0
1630077039000,0.0
1630077069000,0.0006222775357809582
1630077099000,0.0005970149253731342
1630077129000,0.0
1630077159000,0.0
1630077189000,0.0
1630077219000,0.0
1630077249000,0.0
1630077279000,0.0006060606060606062
1630077309000,0.0006067961165048543
1630077339000,0.0006013229104028864
1630077369000,0.0
1630077399000,0.0006101281269066504
1630077429000,0.0006035003017501509
1630077459000,0.0005991611743559018
1630077489000,0.0
1630077519000,0.0
1630077549000,0.0
1630077579000,0.0006086427267194157
1630077609000,0.0
1630077639000,0.0
1630077669000,0.0006157635467980296
1630077699000,0.0
1630077729000,0.0006016847172081829
1630077759000,0.0
1630077789000,0.0
1630077819000,0.0006101281269066504
1630077849000,0.0005998800239952009
1630077879000,0.0
1630077909000,0.0
1630077939000,0.0
1630077969000,0.0
1630077999000,0.0006060606060606062
1630078029000,0.0006002400960384152
1630078059000,0.0006119951040391675
1630078089000,0.0
1630078119000,0.0
1630078149000,0.0
1630078179000,0.0
1630078209000,0.0
1630078239000,0.0
1630078269000,0.0006157635467980296
1630078299000,0.0
1630078329000,0.0
1630078359000,0.0006153846153846153
1630078389000,0.0
1630078419000,0.0005924170616113746
1630078449000,0.0
1630078479000,0.0
1630078509000,0.0005913660555884093
1630078539000,0.0006006006006006006
1630078569000,0.0005998800239952009
1630078599000,0.0006020469596628537
1630078629000,0.0006146281499692684
1630078659000,0.0
1630078689000,0.0006049606775559589
1630078719000,0.0
1630078749000,0.0
1630078779000,0.0
1630078809000,0.0
1630078839000,0.0
1630078869000,0.0
1630078899000,0.0005973715651135006
1630078929000,0.0
1630078959000,0.0
1630078989000,0.0
1630079019000,0.0
1630079049000,0.0
1630079079000,0.0006075334143377885
1630079109000,0.0005970149253731342
1630079139000,0.0
1630079169000,0.0006053268765133173
1630079199000,0.0
1630079229000,0.0006153846153846153
1630079259000,0.0
1630079289000,0.0
1630079319000,0.0
1630079349000,0.0
1630079379000,0.0
1630079409000,0.0
1630079439000,0.0
1630079469000,0.0
1630079499000,0.0006038647342995169
1630079529000,0.0006031363088057902
1630079559000,0.0
1630079589000,0.0006060606060606062
1630079619000,0.0
1630079649000,0.0
1630079679000,0.0
1630079709000,0.0
1630079739000,0.0
1630079769000,0.0
1630079799000,0.0006053268765133173
1630079829000,0.0005970149253731342
1630079859000,0.0
1630079889000,0.0
1630079919000,0.0006016847172081829
1630079949000,0.0006013229104028864
1630079979000,0.0
1630080009000,0.0
1630080039000,0.0
1630080069000,0.0006097560975609756
1630080099000,0.0006031363088057902
1630080129000,0.0005977286312014345
1630080159000,0.0006013229104028864
1630080189000,0.0
1630080219000,0.0
1630080249000,0.0
1630080279000,0.0006093845216331506
1630080309000,0.0
1630080339000,0.0
1630080369000,0.0
1630080399000,0.0
1630080429000,0.0
1630080459000,0.0
1630080489000,0.0
1630080519000,0.0006064281382656155
1630080549000,0.0006075334143377885
1630080579000,0.0
1630080609000,0.0
1630080639000,0.0
1630080669000,0.0
1630080699000,0.0
1630080729000,0.0
1630080759000,0.0
1630080789000,0.00121580547112462
1630080819000,0.0006086427267194157
1630080849000,0.0
1630080879000,0.0
1630080909000,0.0005970149253731342
1630080939000,0.0
1630080969000,0.0
1630080999000,0.0
1630081029000,0.0
1630081059000,0.0
1630081089000,0.0006075334143377885
1630081119000,0.0006013229104028864
1630081149000,0.0
1630081179000,0.0
1630081209000,0.0
1630081239000,0.0
1630081269000,0.0
1630081299000,0.0005889281507656067
1630081329000,0.0006222775357809582
1630081359000,0.0
1630081389000,0.0006075334143377885
1630081419000,0.0
1630081449000,0.0
1630081479000,0.0
1630081509000,0.0
1630081539000,0.0
1630081569000,0.0
1630081599000,0.0
1630081629000,0.0006042296072507553
1630081659000,0.0
1630081689000,0.0
1630081719000,0.0006123698714023269
1630081749000,0.0
1630081779000,0.0006056935190793457
1630081809000,0.0
1630081839000,0.0
1630081869000,0.0005941770647653001
1630081899000,0.0
1630081929000,0.0
1630081959000,0.0
1630081989000,0.0
1630082019000,0.0
1630082049000,0.0
1630082079000,0.0
1630082109000,0.0006064281382656155
1630082139000,0.0
1630082169000,0.0
1630082199000,0.0
1630082229000,0.0006031363088057902
1630082259000,0.0
1630082289000,0.0006079027355623102
1630082319000,0.0
1630082349000,0.0
1630082379000,0.0
1630082409000,0.0
1630082439000,0.0005952380952380952
1630082469000,0.0005906674542232723
1630082499000,0.0006049606775559589
1630082529000,0.0
1630082559000,0.0
1630082589000,0.0
1630082619000,0.0
1630082649000,0.0006134969325153375
1630082679000,0.0011792452830188679
1630082709000,0.0006134969325153375
1630082739000,0.0006042296072507553
1630082769000,0.0006211180124223603
1630082799000,0.0006013229104028864
1630082829000,0.0
1630082859000,0.0
1630082889000,0.0
1630082919000,0.0006161429451632778
1630082949000,0.0
1630082979000,0.0
1630083009000,0.0
1630083039000,0.0
1630083069000,0.0
1630083099000,0.0
1630083129000,0.0
1630083159000,0.0
1630083189000,0.0006075334143377885
1630083219000,0.0006131207847946045
1630083249000,0.0006105006105006105
1630083279000,0.0
1630083309000,0.0
1630083339000,0.0
1630083369000,0.0
1630083399000,0.0006038647342995169
1630083429000,0.0
1630083459000,0.0
1630083489000,0.0006153846153846153
1630083519000,0.0
1630083549000,0.0006024096385542169
1630083579000,0.0
1630083609000,0.0
1630083639000,0.001223990208078335
1630083669000,0.0
1630083699000,0.0
1630083729000,0.0
1630083759000,0.0
1630083789000,0.0
1630083819000,0.0006108735491753207
1630083849000,0.0
1630083879000,0.0
1630083909000,0.0006031363088057902
1630083939000,0.0006071645415907711
1630083969000,0.0006123698714023269
1630083999000,0.0
1630084029000,0.0
1630084059000,0.0
1630084089000,0.0006082725060827251
1630084119000,0.0
1630084149000,0.0
1630084179000,0.0005934718100890207
1630084209000,0.0006027727546714887
1630084239000,0.0
1630084269000,0.0
1630084299000,0.0
1630084329000,0.0
1630084359000,0.0
1630084389000,0.0005963029218843173
1630084419000,0.0006031363088057902
1630084449000,0.0
1630084479000,0.0
1630084509000,0.0
1630084539000,0.0
1630084569000,0.0006142506142506142
1630084599000,0.0
1630084629000,0.0
1630084659000,0.0006116207951070336
1630084689000,0.0006146281499692684
1630084719000,0.0006134969325153375
1630084749000,0.0
1630084779000,0.0
1630084809000,0.0
1630084839000,0.0
1630084869000,0.0006024096385542169
1630084899000,0.0
1630084929000,0.0
1630084959000,0.0
1630084989000,0.0
1630085019000,0.0
1630085049000,0.0
1630085079000,0.0
1630085109000,0.0006116207951070336
1630085139000,0.0005973715651135006
1630085169000,0.0005934718100890207
1630085199000,0.0
1630085229000,0.0
1630085259000,0.0005875440658049354
1630085289000,0.0
1630085319000,0.0
1630085349000,0.0006146281499692684
1630085379000,0.0
1630085409000,0.0006097560975609756
1630085439000,0.0
1630085469000,0.0006035003017501509
1630085499000,0.0
1630085529000,0.0
1630085559000,0.0
1630085589000,0.0006035003017501509
1630085619000,0.0
1630085649000,0.0
1630085679000,0.0006071645415907711
1630085709000,0.0
1630085739000,0.0
1630085769000,0.0
1630085799000,0.0006020469596628537
1630085829000,0.0
1630085859000,0.0006016847172081829
1630085889000,0.0
1630085919000,0.0
1630085949000,0.0005934718100890207
1630085979000,0.0005998800239952009
1630086009000,0.0
1630086039000,0.0012406947890818859
1630086069000,0.0
1630086099000,0.0
1630086129000,0.0006112469437652813
1630086159000,0.0
1630086189000,0.0
1630086219000,0.0006013229104028864
1630086249000,0.0
1630086279000,0.0
1630086309000,0.0
1630086339000,0.0
1630086369000,0.0
1630086399000,0.0
1630086429000,0.0
1630086459000,0.0006134969325153375
1630086489000,0.0
1630086519000,0.0
1630086549000,0.0
1630086579000,0.001203369434416366
1630086609000,0.0
1630086639000,0.0005966587112171838
1630086669000,0.0
1630086699000,0.0
1630086729000,0.0011883541295306002
1630086759000,0.0006134969325153375
1630086789000,0.0
1630086819000,0.0
1630086849000,0.0
1630086879000,0.0
1630086909000,0.0006045949214026603
1630086939000,0.0
1630086969000,0.0006238303181534623
1630086999000,0.0006101281269066504
1630087029000,0.0
1630087059000,0.0006031363088057902
1630087089000,0.0
1630087119000,0.0
1630087149000,0.0
1630087179000,0.0
1630087209000,0.0
1630087239000,0.0006024096385542169
1630087269000,0.0
1630087299000,0.0006079027355623102
1630087329000,0.0
1630087359000,0.0006020469596628537
1630087389000,0.0
1630087419000,0.0005875440658049354
1630087449000,0.0
1630087479000,0.0
1630087509000,0.0
1630087539000,0.0
1630087569000,0.0006049606775559589
1630087599000,0.0
1630087629000,0.0
1630087659000,0.0
1630087689000,0.0
1630087719000,0.0012070006035003018
1630087749000,0.0006108735491753207
1630087779000,0.0
1630087809000,0.0
1630087839000,0.0
1630087869000,0.0
1630087899000,0.0006045949214026603
1630087929000,0.0
1630087959000,0.0
1630087989000,0.0
1630088019000,0.0
1630088049000,0.0
1630088079000,0.0
1630088109000,0.0
1630088139000,0.0
1630088169000,0.0
1630088199000,0.0
1630088229000,0.0
1630088259000,0.0
1630088289000,0.0
1630088319000,0.0
1630088349000,0.0006027727546714887
1630088379000,0.0
1630088409000,0.0
1630088439000,0.0
1630088469000,0.0
1630088499000,0.0
1630088529000,0.0005970149253731342
1630088559000,0.0
1630088589000,0.0
1630088619000,0.0
1630088649000,0.0
1630088679000,0.0
1630088709000,0.0
1630088739000,0.0
1630088769000,0.0006112469437652813
1630088799000,0.0
1630088829000,0.0
1630088859000,0.0
1630088889000,0.0
1630088919000,0.0
1630088949000,0.0
1630088979000,0.0
1630089009000,0.0
1630089039000,0.0006024096385542169
1630089069000,0.0
1630089099000,0.0005980861244019139
1630089129000,0.0
1630089159000,0.0
1630089189000,0.0
1630089219000,0.0006127450980392157
1630089249000,0.0
1630089279000,0.0
1630089309000,0.0006067961165048543
1630089339000,0.0
1630089369000,0.0012091898428053206
1630089399000,0.0
1630089429000,0.0
1630089459000,0.0006169031462060457
1630089489000,0.0
1630089519000,0.0006090133982947625
1630089549000,0.0
1630089579000,0.0
1630089609000,0.001212856276531231
1630089639000,0.0
1630089669000,0.0
1630089699000,0.0
1630089729000,0.0
1630089759000,0.0
1630089789000,0.0
1630089819000,0.0
1630089849000,0.0
1630089879000,0.0
1630089909000,0.0005995203836930455
1630089939000,0.0
1630089969000,0.0
1630089999000,0.0
1630090029000,0.0
1630090059000,0.0005817335660267597
1630090089000,0.0
1630090119000,0.0006009615384615385
1630090149000,0.0
1630090179000,0.0005924170616113746
1630090209000,0.0
1630090239000,0.0
1630090269000,0.0
1630090299000,0.0
1630090329000,0.0006016847172081829
1630090359000,0.0006038647342995169
1630090389000,0.0
1630090419000,0.0
1630090449000,0.0
1630090479000,0.0
1630090509000,0.0
1630090539000,0.0006013229104028864
1630090569000,0.0
1630090599000,0.0
1630090629000,0.0
1630090659000,0.0005973715651135006
1630090689000,0.0
1630090719000,0.0005913660555884093
1630090749000,0.0
1630090779000,0.0
1630090809000,0.0
1630090839000,0.0006093845216331506
1630090869000,0.0
1630090899000,0.0005984440454817473
1630090929000,0.0012040939193257074
1630090959000,0.0
1630090989000,0.0
1630091019000,0.0
1630091049000,0.0
1630091079000,0.0006075334143377885
1630091109000,0.0
1630091139000,0.0
1630091169000,0.0
1630091199000,0.0
1630091229000,0.0
1630091259000,0.0
1630091289000,0.0
1630091319000,0.0
1630091349000,0.0
1630091379000,0.0
1630091409000,0.0006131207847946045
1630091439000,0.0
1630091469000,0.0006112469437652813
1630091499000,0.0
1630091529000,0.0
1630091559000,0.0
1630091589000,0.0006131207847946045
1630091619000,0.0
1630091649000,0.0
1630091679000,0.0
1630091709000,0.0
1630091739000,0.0
1630091769000,0.0
1630091799000,0.0
1630091829000,0.0
1630091859000,0.0
1630091889000,0.0
1630091919000,0.0005780346820809249
1630091949000,0.0
1630091979000,0.0
1630092009000,0.0
1630092039000,0.0
1630092069000,0.0
1630092099000,0.0005955926146515784
1630092129000,0.0006027727546714887
1630092159000,0.0
1630092189000,0.0
1630092219000,0.0
1630092249000,0.0
1630092279000,0.0
1630092309000,0.001215066828675577
1630092339000,0.0
1630092369000,0.0
1630092399000,0.0
1630092429000,0.0
1630092459000,0.0
1630092489000,0.0005977286312014345
1630092519000,0.0
1630092549000,0.0006031363088057902
1630092579000,0.0006093845216331506
1630092609000,0.0
1630092639000,0.0
1630092669000,0.0
1630092699000,0.0
1630092729000,0.0
1630092759000,0.0
1630092789000,0.0
1630092819000,0.0
1630092849000,0.0006086427267194157
1630092879000,0.0
1630092909000,0.0006150061500615006
1630092939000,0.0006035003017501509
1630092969000,0.0
1630092999000,0.0
1630093029000,0.0
1630093059000,0.0005885815185403178
1630093089000,0.0
1630093119000,0.0
1630093149000,0.0
1630093179000,0.0
1630093209000,0.0006090133982947625
1630093239000,0.0
1630093269000,0.0
1630093299000,0.0006079027355623102
1630093329000,0.0
1630093359000,0.0
1630093389000,0.0
1630093419000,0.0
1630093449000,0.0
1630093479000,0.0
1630093509000,0.0
1630093539000,0.0
1630093569000,0.0006060606060606062
1630093599000,0.0006108735491753207
1630093629000,0.0
1630093659000,0.0
1630093689000,0.0
1630093719000,0.0006027727546714887
1630093749000,0.0
1630093779000,0.0011961722488038275
1630093809000,0.0
1630093839000,0.0005945303210463732
1630093869000,0.0
1630093899000,0.0006045949214026603
1630093929000,0.0
1630093959000,0.0
1630093989000,0.0006035003017501509
1630094019000,0.0
1630094049000,0.0005917159763313611
1630094079000,0.0006123698714023269
1630094109000,0.0006071645415907711
1630094139000,0.0
1630094169000,0.0
1630094199000,0.0
1630094229000,0.0006006006006006006
1630094259000,0.0
1630094289000,0.0
1630094319000,0.0006027727546714887
1630094349000,0.0
1630094379000,0.0
1630094409000,0.0
1630094439000,0.0
1630094469000,0.0005924170616113746
1630094499000,0.0
1630094529000,0.0
1630094559000,0.0005945303210463732
1630094589000,0.0
1630094619000,0.0
1630094649000,0.0006035003017501509
1630094679000,0.0
1630094709000,0.0
1630094739000,0.0
1630094769000,0.0
1630094799000,0.0006082725060827251
1630094829000,0.0006042296072507553
1630094859000,0.0
1630094889000,0.0
1630094919000,0.0
1630094949000,0.0006060606060606062
1630094979000,0.0
1630095009000,0.0
1630095039000,0.0
1630095069000,0.0
1630095099000,0.0
1630095129000,0.0
1630095159000,0.0
1630095189000,0.0006013229104028864
1630095219000,0.0
1630095249000,0.0
1630095279000,0.0006009615384615385
1630095309000,0.0006027727546714887
1630095339000,0.0
1630095369000,0.0
1630095399000,0.0
1630095429000,0.0
1630095459000,0.0
1630095489000,0.0
1630095519000,0.0
1630095549000,0.0
1630095579000,0.0
1630095609000,0.0005973715651135006
1630095639000,0.0006049606775559589
1630095669000,0.0
1630095699000,0.0
1630095729000,0.0
1630095759000,0.0
1630095789000,0.0
1630095819000,0.0005920663114268798
1630095849000,0.0
1630095879000,0.0005892751915144372
1630095909000,0.001221001221001221
1630095939000,0.0006079027355623102
1630095969000,0.0
1630095999000,0.0006071645415907711
1630096029000,0.0
1630096059000,0.0
1630096089000,0.0006101281269066504
1630096119000,0.0
1630096149000,0.0
1630096179000,0.0
1630096209000,0.0006108735491753207
1630096239000,0.0
1630096269000,0.0006042296072507553
1630096299000,0.0
1630096329000,0.0006006006006006006
1630096359000,0.0
1630096389000,0.0006093845216331506
1630096419000,0.0006016847172081829
1630096449000,0.0006056935190793457
1630096479000,0.0006127450980392157
1630096509000,0.0006090133982947625
1630096539000,0.0006090133982947625
1630096569000,0.0012406947890818859
1630096599000,0.0006045949214026603
1630096629000,0.0
1630096659000,0.0
1630096689000,0.0006031363088057902
1630096719000,0.0
1630096749000,0.0006093845216331506
1630096779000,0.0006153846153846153
1630096809000,0.0006035003017501509
1630096839000,0.0
1630096869000,0.0
1630096899000,0.0
1630096929000,0.0
1630096959000,0.0006097560975609756
1630096989000,0.0
1630097019000,0.0
1630097049000,0.0
1630097079000,0.0
1630097109000,0.0
1630097139000,0.0
1630097169000,0.0
1630097199000,0.0006031363088057902
1630097229000,0.0
1630097259000,0.0
1630097289000,0.0006112469437652813
1630097319000,0.0
1630097349000,0.0
1630097379000,0.0006075334143377885
1630097409000,0.0
1630097439000,0.0
1630097469000,0.0006116207951070336
1630097499000,0.0
1630097529000,0.0006116207951070336
1630097559000,0.0
1630097589000,0.0006064281382656155
1630097619000,0.0
1630097649000,0.0006038647342995169
1630097679000,0.0
1630097709000,0.0
1630097739000,0.0
1630097769000,0.0
1630097799000,0.0006134969325153375
1630097829000,0.0
1630097859000,0.0
1630097889000,0.0005941770647653001
1630097919000,0.0
1630097949000,0.0
1630097979000,0.0
1630098009000,0.0
1630098039000,0.0
1630098069000,0.0006009615384615385
1630098099000,0.0006191950464396285
1630098129000,0.0
1630098159000,0.0
1630098189000,0.0
1630098219000,0.0
1630098249000,0.0006093845216331506
1630098279000,0.0
1630098309000,0.0006049606775559589
1630098339000,0.0
1630098369000,0.0006006006006006006
1630098399000,0.0
1630098429000,0.0005988023952095807
1630098459000,0.0006056935190793457
1630098489000,0.0
1630098519000,0.0
1630098549000,0.0006131207847946045
1630098579000,0.0
1630098609000,0.0005988023952095807
1630098639000,0.0
1630098669000,0.0006002400960384152
1630098699000,0.0
1630098729000,0.0
1630098759000,0.0
1630098789000,0.0006056935190793457
1630098819000,0.0
1630098849000,0.0
1630098879000,0.0
1630098909000,0.0
1630098939000,0.0
1630098969000,0.0
1630098999000,0.0
1630099029000,0.0
1630099059000,0.0
1630099089000,0.0
1630099119000,0.0
1630099149000,0.0
1630099179000,0.0006153846153846153
1630099209000,0.0
1630099239000,0.0
1630099269000,0.0
1630099299000,0.0006180469715698393
1630099329000,0.0
1630099359000,0.0
1630099389000,0.0
1630099419000,0.0
1630099449000,0.0
1630099479000,0.0006101281269066504
1630099509000,0.0
1630099539000,0.0
1630099569000,0.0
1630099599000,0.0
1630099629000,0.0
1630099659000,0.0
1630099689000,0.0006169031462060457
1630099719000,0.0
1630099749000,0.0005998800239952009
1630099779000,0.0006024096385542169
1630099809000,0.0
1630099839000,0.0
1630099869000,0.0
1630099899000,0.0
1630099929000,0.0006180469715698393
1630099959000,0.0
1630099989000,0.0
1630100019000,0.0
1630100049000,0.0
1630100079000,0.0
1630100109000,0.0
1630100139000,0.0
1630100169000,0.0006116207951070336
1630100199000,0.0
1630100229000,0.0
1630100259000,0.0
1630100289000,0.0
1630100319000,0.0
1630100349000,0.0
1630100379000,0.0005991611743559018
1630100409000,0.0
1630100439000,0.0
1630100469000,0.0
1630100499000,0.0
1630100529000,0.0
1630100559000,0.0005995203836930455
1630100589000,0.0
1630100619000,0.0005920663114268798
1630100649000,0.0
1630100679000,0.0006119951040391675
1630100709000,0.0
1630100739000,0.0006056935190793457
1630100769000,0.0
1630100799000,0.0
1630100829000,0.0
1630100859000,0.0
1630100889000,0.0005991611743559018
1630100919000,0.0006038647342995169
1630100949000,0.0
1630100979000,0.000585480093676815
1630101009000,0.0006112469437652813
1630101039000,0.0
1630101069000,0.0
1630101099000,0.0006067961165048543
1630101129000,0.0006134969325153375
1630101159000,0.0
1630101189000,0.0
1630101219000,0.0
1630101249000,0.0
1630101279000,0.0
1630101309000,0.0
1630101339000,0.0006053268765133173
1630101369000,0.0
1630101399000,0.0
1630101429000,0.0
1630101459000,0.0006016847172081829
1630101489000,0.0
1630101519000,0.0
1630101549000,0.0
1630101579000,0.0005966587112171838
1630101609000,0.0
1630101639000,0.0006157635467980296
1630101669000,0.0
1630101699000,0.0012012012012012011
1630101729000,0.0
1630101759000,0.0
1630101789000,0.0
1630101819000,0.0
1630101849000,0.0006013229104028864
1630101879000,0.0
1630101909000,0.0
1630101939000,0.0006116207951070336
1630101969000,0.0
1630101999000,0.0005927682276229994
1630102029000,0.0
1630102059000,0.0006009615384615385
1630102089000,0.0
1630102119000,0.0
1630102149000,0.0
1630102179000,0.0
1630102209000,0.0
1630102239000,0.0
1630102269000,0.0
1630102299000,0.0
1630102329000,0.0
1630102359000,0.0
1630102389000,0.0
1630102419000,0.0
1630102449000,0.0006108735491753207
1630102479000,0.0
1630102509000,0.0
1630102539000,0.0006093845216331506
1630102569000,0.0
1630102599000,0.0006086427267194157
1630102629000,0.0
1630102659000,0.0
1630102689000,0.0
1630102719000,0.0005988023952095807
1630102749000,0.0
1630102779000,0.0
1630102809000,0.0
1630102839000,0.0
1630102869000,0.0006020469596628537
1630102899000,0.0
1630102929000,0.0
1630102959000,0.0
1630102989000,0.0006035003017501509
1630103019000,0.000625
1630103049000,0.0006112469437652813
1630103079000,0.0
1630103109000,0.0
1630103139000,0.0
1630103169000,0.0
1630103199000,0.0
1630103229000,0.0
1630103259000,0.0005906674542232723
1630103289000,0.0
1630103319000,0.0
1630103349000,0.0
1630103379000,0.0012224938875305626
1630103409000,0.0
1630103439000,0.0006112469437652813
1630103469000,0.0
1630103499000,0.0
1630103529000,0.0006049606775559589
1630103559000,0.0
1630103589000,0.0006079027355623102
1630103619000,0.0
1630103649000,0.0005995203836930455
1630103679000,0.0
1630103709000,0.0006067961165048543
1630103739000,0.0
1630103769000,0.0006176652254478072
1630103799000,0.0
1630103829000,0.0
1630103859000,0.0
1630103889000,0.0005988023952095807
1630103919000,0.0
1630103949000,0.0
1630103979000,0.0
1630104009000,0.0
1630104039000,0.0005966587112171838
1630104069000,0.0
1630104099000,0.0005903187721369539
1630104129000,0.0
1630104159000,0.0
1630104189000,0.0006105006105006105
1630104219000,0.0
1630104249000,0.0
1630104279000,0.0
1630104309000,0.0
1630104339000,0.0006053268765133173
1630104369000,0.0006006006006006006
1630104399000,0.0
1630104429000,0.0006093845216331506
1630104459000,0.0005988023952095807
1630104489000,0.0
1630104519000,0.0011848341232227491
1630104549000,0.0
1630104579000,0.0
1630104609000,0.0
1630104639000,0.0
1630104669000,0.0006090133982947625
1630104699000,0.0
1630104729000,0.0
1630104759000,0.0006082725060827251
1630104789000,0.0
1630104819000,0.0
1630104849000,0.0
1630104879000,0.0006127450980392157
1630104909000,0.0
1630104939000,0.0
1630104969000,0.0
1630104999000,0.0
1630105029000,0.0005980861244019139
1630105059000,0.0
1630105089000,0.0006006006006006006
1630105119000,0.0
1630105149000,0.0
1630105179000,0.0
1630105209000,0.0
1630105239000,0.0
1630105269000,0.0
1630105299000,0.0
1630105329000,0.0
1630105359000,0.0
1630105389000,0.0005984440454817473
1630105419000,0.0
1630105449000,0.0
1630105479000,0.0
1630105509000,0.0
1630105539000,0.0005945303210463732
1630105569000,0.0012217470983506415
1630105599000,0.0006045949214026603
1630105629000,0.0
1630105659000,0.0
1630105689000,0.0011855364552459987
1630105719000,0.0
1630105749000,0.0006071645415907711
1630105779000,0.0
1630105809000,0.0006127450980392157
1630105839000,0.0
1630105869000,0.0006169031462060457
1630105899000,0.0006027727546714887
1630105929000,0.0
1630105959000,0.0
1630105989000,0.0
1630106019000,0.0005927682276229994
1630106049000,0.0
1630106079000,0.0
1630106109000,0.0
1630106139000,0.0
1630106169000,0.0
1630106199000,0.0
1630106229000,0.0006188118811881187
1630106259000,0.0005970149253731342
1630106289000,0.0006045949214026603
1630106319000,0.0006002400960384152
1630106349000,0.0
1630106379000,0.0006016847172081829
1630106409000,0.0006056935190793457
1630106439000,0.0006112469437652813
1630106469000,0.0006053268765133173
1630106499000,0.0
1630106529000,0.0
1630106559000,0.0
1630106589000,0.0
1630106619000,0.0006153846153846153
1630106649000,0.0006184291898577612
1630106679000,0.0
1630106709000,0.0
1630106739000,0.0
1630106769000,0.0006075334143377885
1630106799000,0.0
1630106829000,0.0
1630106859000,0.0
1630106889000,0.0
1630106919000,0.0
1630106949000,0.0
1630106979000,0.0
1630107009000,0.0
1630107039000,0.0
1630107069000,0.0006071645415907711
1630107099000,0.0
1630107129000,0.0006042296072507553
1630107159000,0.0005963029218843173
1630107189000,0.0006157635467980296
1630107219000,0.0
1630107249000,0.0
1630107279000,0.0
1630107309000,0.0005920663114268798
1630107339000,0.0006049606775559589
1630107369000,0.0
1630107399000,0.0011918951132300355
1630107429000,0.0006105006105006105
1630107459000,0.0
1630107489000,0.0011933174224343676
1630107519000,0.0006002400960384152
1630107549000,0.0005995203836930455
1630107579000,0.0006161429451632778
1630107609000,0.0006146281499692684
1630107639000,0.0
1630107669000,0.0
1630107699000,0.0006161429451632778
1630107729000,0.0
1630107759000,0.0006006006006006006
1630107789000,0.0006116207951070336
1630107819000,0.0
1630107849000,0.0
1630107879000,0.0
1630107909000,0.0
1630107939000,0.0006079027355623102
1630107969000,0.0005991611743559018
1630107999000,0.0
1630108029000,0.0006123698714023269
1630108059000,0.0
1630108089000,0.0
1630108119000,0.0
1630108149000,0.0
1630108179000,0.0
1630108209000,0.0
1630108239000,0.0006031363088057902
1630108269000,0.0
1630108299000,0.0
1630108329000,0.0
1630108359000,0.0
1630108389000,0.0
1630108419000,0.0006009615384615385
1630108449000,0.0012048192771084338
1630108479000,0.0
1630108509000,0.0
1630108539000,0.0
1630108569000,0.0
1630108599000,0.0
1630108629000,0.0006165228113440197
1630108659000,0.0
1630108689000,0.0
1630108719000,0.0
1630108749000,0.0
1630108779000,0.0
1630108809000,0.0
1630108839000,0.0005980861244019139
1630108869000,0.0
1630108899000,0.0006215040397762585
1630108929000,0.0
1630108959000,0.0
1630108989000,0.0
1630109019000,0.0
1630109049000,0.0
1630109079000,0.0
1630109109000,0.0
1630109139000,0.0
1630109169000,0.0
1630109199000,0.0006064281382656155
1630109229000,0.0005995203836930455
1630109259000,0.0005858230814294082
1630109289000,0.0
1630109319000,0.0
1630109349000,0.0
1630109379000,0.0
1630109409000,0.0
1630109439000,0.0
1630109469000,0.0
1630109499000,0.0006035003017501509
1630109529000,0.0006134969325153375
1630109559000,0.0
1630109589000,0.0
1630109619000,0.0
1630109649000,0.0
1630109679000,0.0005941770647653001
1630109709000,0.0
1630109739000,0.0
1630109769000,0.0
1630109799000,0.0005903187721369539
1630109829000,0.0
1630109859000,0.0
1630109889000,0.0006123698714023269
1630109919000,0.0006016847172081829
1630109949000,0.0
1630109979000,0.0
1630110009000,0.0005896226415094339
1630110039000,0.0
1630110069000,0.0
1630110099000,0.0006079027355623102
1630110129000,0.0
1630110159000,0.0
1630110189000,0.0
1630110219000,0.0
1630110249000,0.0
1630110279000,0.0
1630110309000,0.0006079027355623102
1630110339000,0.0
1630110369000,0.0
1630110399000,0.0006064281382656155
1630110429000,0.0
1630110459000,0.0
1630110489000,0.0
1630110519000,0.0006097560975609756
1630110549000,0.0
1630110579000,0.0
1630110609000,0.0006157635467980296
1630110639000,0.0
1630110669000,0.0
1630110699000,0.0006075334143377885
1630110729000,0.0
1630110759000,0.0
1630110789000,0.0
1630110819000,0.0
1630110849000,0.0
1630110879000,0.0005970149253731342
1630110909000,0.0006045949214026603
1630110939000,0.0005995203836930455
1630110969000,0.0
1630110999000,0.0006146281499692684
1630111029000,0.0
1630111059000,0.0
1630111089000,0.0
1630111119000,0.0
1630111149000,0.0
1630111179000,0.0
1630111209000,0.0006038647342995169
1630111239000,0.0006097560975609756
1630111269000,0.0
1630111299000,0.0005875440658049354
1630111329000,0.0
1630111359000,0.0
1630111389000,0.0005991611743559018
1630111419000,0.0
1630111449000,0.0
1630111479000,0.0
1630111509000,0.0
1630111539000,0.0006082725060827251
1630111569000,0.0
1630111599000,0.0005931198102016608
1630111629000,0.0011983223487118035
1630111659000,0.0006188118811881187
1630111689000,0.0005998800239952009
1630111719000,0.0006064281382656155
1630111749000,0.0
1630111779000,0.0
1630111809000,0.0006045949214026603
1630111839000,0.0
1630111869000,0.0006027727546714887
1630111899000,0.0006086427267194157
1630111929000,0.0005973715651135006
1630111959000,0.0
1630111989000,0.0
1630112019000,0.0
1630112049000,0.0
1630112079000,0.0
1630112109000,0.0006138735420503376
1630112139000,0.0006150061500615006
1630112169000,0.0
1630112199000,0.0
1630112229000,0.0
1630112259000,0.0
1630112289000,0.0006131207847946045
1630112319000,0.0006060606060606062
1630112349000,0.0
1630112379000,0.0
1630112409000,0.0
1630112439000,0.0005934718100890207
1630112469000,0.0006002400960384152
1630112499000,0.0
1630112529000,0.0005991611743559018
1630112559000,0.0006090133982947625
1630112589000,0.0006016847172081829
1630112619000,0.0005998800239952009
1630112649000,0.0
1630112679000,0.0
1630112709000,0.0
1630112739000,0.0
1630112769000,0.0006108735491753207
1630112799000,0.0
1630112829000,0.0
1630112859000,0.0
1630112889000,0.0
1630112919000,0.0006002400960384152
1630112949000,0.0
1630112979000,0.0006218905472636817
1630113009000,0.0
1630113039000,0.0
1630113069000,0.0006086427267194157
1630113099000,0.0
1630113129000,0.0
1630113159000,0.0
1630113189000,0.0006112469437652813
1630113219000,0.0011947431302270011
1630113249000,0.0
1630113279000,0.0006116207951070336
1630113309000,0.0
1630113339000,0.0
1630113369000,0.0
1630113399000,0.0
1630113429000,0.0
1630113459000,0.0
1630113489000,0.0005927682276229994
1630113519000,0.0
1630113549000,0.0
1630113579000,0.0
1630113609000,0.0
1630113639000,0.0
1630113669000,0.0
1630113699000,0.0
1630113729000,0.0
1630113759000,0.0
1630113789000,0.0
1630113819000,0.0
1630113849000,0.0005959475566150177
1630113879000,0.0
1630113909000,0.0
1630113939000,0.0
1630113969000,0.0006060606060606062
1630113999000,0.0
1630114029000,0.0012055455093429774
1630114059000,0.0006101281269066504
1630114089000,0.0
1630114119000,0.0
1630114149000,0.0
1630114179000,0.0
1630114209000,0.0
1630114239000,0.0005858230814294082
1630114269000,0.001223990208078335
1630114299000,0.0
1630114329000,0.0006108735491753207
1630114359000,0.0
1630114389000,0.0006112469437652813
1630114419000,0.0
1630114449000,0.0
1630114479000,0.0006134969325153375
1630114509000,0.0006009615384615385
1630114539000,0.0
1630114569000,0.0
1630114599000,0.0
1630114629000,0.0005973715651135006
1630114659000,0.0
1630114689000,0.0
1630114719000,0.0006150061500615006
1630114749000,0.0006176652254478072
1630114779000,0.0
1630114809000,0.0006101281269066504
1630114839000,0.0
1630114869000,0.0
1630114899000,0.0
1630114929000,0.0
1630114959000,0.0
1630114989000,0.0
1630115019000,0.0005984440454817473
1630115049000,0.0
1630115079000,0.0
1630115109000,0.0
1630115139000,0.0
1630115169000,0.0006093845216331506
1630115199000,0.0
1630115229000,0.0
1630115259000,0.0
1630115289000,0.0
1630115319000,0.0006097560975609756
1630115349000,0.0
1630115379000,0.0006038647342995169
1630115409000,0.0006075334143377885
1630115439000,0.0
1630115469000,0.0
1630115499000,0.0
1630115529000,0.0
1630115559000,0.0
1630115589000,0.0
1630115619000,0.0
1630115649000,0.0
1630115679000,0.0005991611743559018
1630115709000,0.0
1630115739000,0.0
1630115769000,0.0
1630115799000,0.0
1630115829000,0.0
1630115859000,0.0006093845216331506
1630115889000,0.0
1630115919000,0.0
1630115949000,0.0
1630115979000,0.0006105006105006105
1630116009000,0.0
1630116039000,0.0
1630116069000,0.0
1630116099000,0.0
1630116129000,0.0
1630116159000,0.0
1630116189000,0.0
1630116219000,0.0006090133982947625
1630116249000,0.0
1630116279000,0.0006035003017501509
1630116309000,0.0006153846153846153
1630116339000,0.0
1630116369000,0.0
1630116399000,0.0005927682276229994
1630116429000,0.0
1630116459000,0.0
1630116489000,0.0
1630116519000,0.0006042296072507553
1630116549000,0.0
1630116579000,0.0
1630116609000,0.0005938242280285036
1630116639000,0.0
1630116669000,0.0006101281269066504
1630116699000,0.0005963029218843173
1630116729000,0.0
1630116759000,0.0
1630116789000,0.0006075334143377885
1630116819000,0.0
1630116849000,0.0006082725060827251
1630116879000,0.0
1630116909000,0.0
1630116939000,0.0006060606060606062
1630116969000,0.0
1630116999000,0.0
1630117029000,0.0
1630117059000,0.0
1630117089000,0.0
1630117119000,0.0
1630117149000,0.0
1630117179000,0.0
1630117209000,0.0
1630117239000,0.0
1630117269000,0.0
1630117299000,0.0006049606775559589
1630117329000,0.0
1630117359000,0.0
1630117389000,0.0
1630117419000,0.0
1630117449000,0.0
1630117479000,0.0
1630117509000,0.0
1630117539000,0.0006009615384615385
1630117569000,0.0
1630117599000,0.0
1630117629000,0.0006038647342995169
1630117659000,0.0
1630117689000,0.0006067961165048543
1630117719000,0.0
1630117749000,0.0
1630117779000,0.0006127450980392157
1630117809000,0.0
1630117839000,0.0005970149253731342
1630117869000,0.0005973715651135006
1630117899000,0.0006056935190793457
1630117929000,0.0
1630117959000,0.0
1630117989000,0.0005988023952095807
1630118019000,0.0
1630118049000,0.0
1630118079000,0.0
1630118109000,0.0
1630118139000,0.0
1630118169000,0.0
1630118199000,0.0006203473945409428
1630118229000,0.0006016847172081829
1630118259000,0.0
1630118289000,0.0
1630118319000,0.0006108735491753207
1630118349000,0.0
1630118379000,0.0
1630118409000,0.0006105006105006105
1630118439000,0.0
1630118469000,0.0
1630118499000,0.0
1630118529000,0.0
1630118559000,0.0
1630118589000,0.0005959475566150177
1630118619000,0.0
1630118649000,0.0
1630118679000,0.0
1630118709000,0.0
1630118739000,0.0006020469596628537
1630118769000,0.0005991611743559018
1630118799000,0.0
1630118829000,0.0005970149253731342
1630118859000,0.0
1630118889000,0.0006101281269066504
1630118919000,0.0
1630118949000,0.0
1630118979000,0.0
1630119009000,0.0
1630119039000,0.0
1630119069000,0.0
1630119099000,0.0
1630119129000,0.0
1630119159000,0.0006142506142506142
1630119189000,0.0006067961165048543
1630119219000,0.0
1630119249000,0.0
1630119279000,0.0
1630119309000,0.0
1630119339000,0.0
1630119369000,0.0
1630119399000,0.0
1630119429000,0.0
1630119459000,0.0
1630119489000,0.0
1630119519000,0.0005885815185403178
1630119549000,0.0
1630119579000,0.0
1630119609000,0.0006138735420503376
1630119639000,0.0
1630119669000,0.0006049606775559589
1630119699000,0.0
1630119729000,0.0
1630119759000,0.0
1630119789000,0.0
1630119819000,0.0006191950464396285
1630119849000,0.0005980861244019139
1630119879000,0.0005984440454817473
1630119909000,0.0
1630119939000,0.0
1630119969000,0.0
1630119999000,0.0
1630120029000,0.0005910165484633571
1630120059000,0.0
1630120089000,0.0
1630120119000,0.0
1630120149000,0.0006079027355623102
1630120179000,0.0
1630120209000,0.0
1630120239000,0.0
1630120269000,0.0
1630120299000,0.0
1630120329000,0.0005934718100890207
1630120359000,0.0
1630120389000,0.0
1630120419000,0.0
1630120449000,0.0006064281382656155
1630120479000,0.0
1630120509000,0.0
1630120539000,0.0
1630120569000,0.0006060606060606062
1630120599000,0.0
1630120629000,0.0005988023952095807
1630120659000,0.0
1630120689000,0.0
1630120719000,0.0
1630120749000,0.0
1630120779000,0.0
1630120809000,0.0
1630120839000,0.0
1630120869000,0.0006123698714023269
1630120899000,0.0006082725060827251
1630120929000,0.0
1630120959000,0.0
1630120989000,0.0
1630121019000,0.0012376237623762374
1630121049000,0.0
1630121079000,0.0006020469596628537
1630121109000,0.0
1630121139000,0.0
1630121169000,0.0006108735491753207
1630121199000,0.0
1630121229000,0.0006191950464396285
1630121259000,0.0
1630121289000,0.0
1630121319000,0.0
1630121349000,0.0
1630121379000,0.0006146281499692684
1630121409000,0.0
1630121439000,0.0012165450121654502
1630121469000,0.0
1630121499000,0.0
1630121529000,0.0006079027355623102
1630121559000,0.0005980861244019139
1630121589000,0.0
1630121619000,0.0006075334143377885
1630121649000,0.0
1630121679000,0.0005977286312014345
1630121709000,0.0005878894767783657
1630121739000,0.0
1630121769000,0.0
1630121799000,0.0
1630121829000,0.0006049606775559589
1630121859000,0.0006184291898577612
1630121889000,0.0
1630121919000,0.0006157635467980296
1630121949000,0.0
1630121979000,0.0
1630122009000,0.0005861664712778429
1630122039000,0.0006013229104028864
1630122069000,0.0
1630122099000,0.0012135922330097086
1630122129000,0.0
1630122159000,0.0
1630122189000,0.0006006006006006006
1630122219000,0.0006042296072507553
1630122249000,0.0
1630122279000,0.0
1630122309000,0.0
1630122339000,0.0
1630122369000,0.0
1630122399000,0.0
1630122429000,0.0
1630122459000,0.0012254901960784314
1630122489000,0.0
1630122519000,0.0006172839506172839
1630122549000,0.0006142506142506142
1630122579000,0.0
1630122609000,0.0
1630122639000,0.0
1630122669000,0.0
1630122699000,0.0
1630122729000,0.0006169031462060457
1630122759000,0.0
1630122789000,0.0006053268765133173
1630122819000,0.0
1630122849000,0.0006024096385542169
1630122879000,0.0
1630122909000,0.0005970149253731342
1630122939000,0.0
1630122969000,0.0006150061500615006
1630122999000,0.0
1630123029000,0.0
1630123059000,0.0
1630123089000,0.0
1630123119000,0.0
1630123149000,0.0
1630123179000,0.0
1630123209000,0.0006207324643078832
1630123239000,0.0
1630123269000,0.0
1630123299000,0.0
1630123329000,0.0
1630123359000,0.0
1630123389000,0.0006180469715698393
1630123419000,0.0006013229104028864
1630123449000,0.0006134969325153375
1630123479000,0.0006161429451632778
1630123509000,0.0
1630123539000,0.0005868544600938967
1630123569000,0.0
1630123599000,0.0
1630123629000,0.0006031363088057902
1630123659000,0.0
1630123689000,0.0006082725060827251
1630123719000,0.0
1630123749000,0.0
1630123779000,0.0
1630123809000,0.0
1630123839000,0.0006116207951070336
1630123869000,0.0
1630123899000,0.0006049606775559589
1630123929000,0.0
1630123959000,0.0005899705014749262
1630123989000,0.0
1630124019000,0.0
1630124049000,0.0
1630124079000,0.0
1630124109000,0.0
1630124139000,0.0
1630124169000,0.0
1630124199000,0.0
1630124229000,0.0006079027355623102
1630124259000,0.0
1630124289000,0.0
1630124319000,0.0005820721769499418
1630124349000,0.0006090133982947625
1630124379000,0.0
1630124409000,0.0
1630124439000,0.0
1630124469000,0.0006049606775559589
1630124499000,0.0005963029218843173
1630124529000,0.0006150061500615006
1630124559000,0.0
1630124589000,0.0
1630124619000,0.0006038647342995169
1630124649000,0.0
1630124679000,0.0
1630124709000,0.0
1630124739000,0.0
1630124769000,0.0
1630124799000,0.0006105006105006105
1630124829000,0.0
1630124859000,0.0
1630124889000,0.0012285012285012285
1630124919000,0.0006093845216331506
1630124949000,0.0
1630124979000,0.0006049606775559589
1630125009000,0.0
1630125039000,0.0
1630125069000,0.0
1630125099000,0.0
1630125129000,0.0
1630125159000,0.0005952380952380952
1630125189000,0.0
1630125219000,0.0
1630125249000,0.0
1630125279000,0.0006082725060827251
1630125309000,0.0
1630125339000,0.0
1630125369000,0.0
1630125399000,0.0
1630125429000,0.0
1630125459000,0.0
1630125489000,0.0
1630125519000,0.0
1630125549000,0.0006013229104028864
1630125579000,0.0005952380952380952
1630125609000,0.0
1630125639000,0.0006108735491753207
1630125669000,0.0005988023952095807
1630125699000,0.0
1630125729000,0.0
1630125759000,0.0
1630125789000,0.0
1630125819000,0.0006142506142506142
1630125849000,0.0
1630125879000,0.0
1630125909000,0.0
1630125939000,0.0
1630125969000,0.0
1630125999000,0.0
1630126029000,0.0006056935190793457
1630126059000,0.0
1630126089000,0.0
1630126119000,0.0
1630126149000,0.0
1630126179000,0.0
1630126209000,0.0006079027355623102
1630126239000,0.0
1630126269000,0.0
1630126299000,0.0006086427267194157
1630126329000,0.0
1630126359000,0.0006075334143377885
1630126389000,0.0012012012012012011
1630126419000,0.0
1630126449000,0.0
1630126479000,0.0
1630126509000,0.0
1630126539000,0.0
1630126569000,0.0
1630126599000,0.0005927682276229994
1630126629000,0.0
1630126659000,0.0
1630126689000,0.0
1630126719000,0.0
1630126749000,0.0
1630126779000,0.0006016847172081829
1630126809000,0.0
1630126839000,0.0005913660555884093
1630126869000,0.0005924170616113746
1630126899000,0.0006053268765133173
1630126929000,0.0
1630126959000,0.0
1630126989000,0.0006067961165048543
1630127019000,0.0
1630127049000,0.0
1630127079000,0.0005945303210463732
1630127109000,0.0
1630127139000,0.0006035003017501509
1630127169000,0.0
1630127199000,0.0
1630127229000,0.0
1630127259000,0.0006153846153846153
1630127289000,0.0006112469437652813
1630127319000,0.0
1630127349000,0.0
1630127379000,0.0
1630127409000,0.0
1630127439000,0.0
1630127469000,0.0
1630127499000,0.0
1630127529000,0.0006060606060606062
1630127559000,0.0
1630127589000,0.0
1630127619000,0.0
1630127649000,0.0006090133982947625
1630127679000,0.0006165228113440197
1630127709000,0.0
1630127739000,0.0
1630127769000,0.0006112469437652813
1630127799000,0.0006134969325153375
1630127829000,0.0006165228113440197
1630127859000,0.0
1630127889000,0.0
1630127919000,0.0
1630127949000,0.0
1630127979000,0.001218026796589525
1630128009000,0.0
1630128039000,0.0
1630128069000,0.0006064281382656155
1630128099000,0.0
1630128129000,0.0
1630128159000,0.0005970149253731342
1630128189000,0.0
1630128219000,0.0
1630128249000,0.0
1630128279000,0.0
1630128309000,0.0
1630128339000,0.0
1630128369000,0.0
1630128399000,0.0
1630128429000,0.0006116207951070336
1630128459000,0.0
1630128489000,0.0
1630128519000,0.0
1630128549000,0.0
1630128579000,0.0
1630128609000,0.0
1630128639000,0.0
1630128669000,0.0
1630128699000,0.0
1630128729000,0.0
1630128759000,0.0
1630128789000,0.0
1630128819000,0.0
1630128849000,0.0
1630128879000,0.0
1630128909000,0.0
1630128939000,0.0
1630128969000,0.0
1630128999000,0.0006024096385542169
1630129029000,0.0
1630129059000,0.0
1630129089000,0.0
1630129119000,0.0
1630129149000,0.0
1630129179000,0.0
1630129209000,0.0
1630129239000,0.0
1630129269000,0.0
1630129299000,0.0
1630129329000,0.0
1630129359000,0.0
1630129389000,0.0006207324643078832
1630129419000,0.0
1630129449000,0.0
1630129479000,0.0
1630129509000,0.0
1630129539000,0.0006035003017501509
1630129569000,0.0006101281269066504
1630129599000,0.0005980861244019139
1630129629000,0.0006116207951070336
1630129659000,0.0
1630129689000,0.0
1630129719000,0.0
1630129749000,0.0006093845216331506
1630129779000,0.0
1630129809000,0.0
1630129839000,0.0
1630129869000,0.0
1630129899000,0.0
1630129929000,0.0
1630129959000,0.0005945303210463732
1630129989000,0.0005970149253731342
1630130019000,0.0
1630130049000,0.0
1630130079000,0.0
1630130109000,0.0
1630130139000,0.0005970149253731342
1630130169000,0.0
1630130199000,0.0
1630130229000,0.0
1630130259000,0.0
1630130289000,0.0005980861244019139
1630130319000,0.0006060606060606062
1630130349000,0.0006060606060606062
1630130379000,0.0006090133982947625
1630130409000,0.0
1630130439000,0.0
1630130469000,0.0005998800239952009
1630130499000,0.0006020469596628537
1630130529000,0.0
1630130559000,0.0
1630130589000,0.0
1630130619000,0.0
1630130649000,0.0
1630130679000,0.0
1630130709000,0.0005948839976204639
1630130739000,0.0
1630130769000,0.0
1630130799000,0.0006056935190793457
1630130829000,0.0005851375073142189
1630130859000,0.0005899705014749262
1630130889000,0.0
1630130919000,0.0
1630130949000,0.0011926058437686346
1630130979000,0.0
1630131009000,0.0005984440454817473
1630131039000,0.0
1630131069000,0.0006045949214026603
1630131099000,0.0006150061500615006
1630131129000,0.0
1630131159000,0.0006060606060606062
1630131189000,0.0
1630131219000,0.0
1630131249000,0.0
1630131279000,0.0
1630131309000,0.0
1630131339000,0.0
1630131369000,0.0
1630131399000,0.0006138735420503376
1630131429000,0.0006134969325153375
1630131459000,0.0
1630131489000,0.0
1630131519000,0.0
1630131549000,0.0
1630131579000,0.0006060606060606062
1630131609000,0.0
1630131639000,0.0
1630131669000,0.0
1630131699000,0.0
1630131729000,0.0
1630131759000,0.0005941770647653001
1630131789000,0.0
1630131819000,0.0005941770647653001
1630131849000,0.0
1630131879000,0.0
1630131909000,0.0006123698714023269
1630131939000,0.0
1630131969000,0.0
1630131999000,0.0
1630132029000,0.0
1630132059000,0.0005998800239952009
1630132089000,0.0
1630132119000,0.0
1630132149000,0.0006101281269066504
1630132179000,0.0005973715651135006
1630132209000,0.0
1630132239000,0.0006056935190793457
1630132269000,0.0006013229104028864
1630132299000,0.0006079027355623102
1630132329000,0.0006009615384615385
1630132359000,0.0
1630132389000,0.0
1630132419000,0.0
1630132449000,0.0006045949214026603
1630132479000,0.0
1630132509000,0.0
1630132539000,0.0006134969325153375
1630132569000,0.0
1630132599000,0.0
1630132629000,0.0
1630132659000,0.0006031363088057902
1630132689000,0.0006020469596628537
1630132719000,0.0
1630132749000,0.0006119951040391675
1630132779000,0.0
1630132809000,0.0006246096189881324
1630132839000,0.0006082725060827251
1630132869000,0.0
1630132899000,0.0
1630132929000,0.0
1630132959000,0.0
1630132989000,0.0
1630133019000,0.0006049606775559589
1630133049000,0.0
1630133079000,0.0005934718100890207
1630133109000,0.0
1630133139000,0.0005998800239952009
1630133169000,0.0
1630133199000,0.0
1630133229000,0.0
1630133259000,0.0005952380952380952
1630133289000,0.0006218905472636817
1630133319000,0.0005910165484633571
1630133349000,0.0
1630133379000,0.0006112469437652813
1630133409000,0.0
1630133439000,0.0
1630133469000,0.0
1630133499000,0.0
1630133529000,0.0005998800239952009
1630133559000,0.0
1630133589000,0.0006045949214026603
1630133619000,0.001199040767386091
1630133649000,0.0
1630133679000,0.0
1630133709000,0.0
1630133739000,0.0006006006006006006
1630133769000,0.0
1630133799000,0.0
1630133829000,0.0
1630133859000,0.0
1630133889000,0.0
1630133919000,0.0
1630133949000,0.0005906674542232723
1630133979000,0.0
1630134009000,0.0
1630134039000,0.0006079027355623102
1630134069000,0.0
1630134099000,0.0
1630134129000,0.0006108735491753207
1630134159000,0.0006086427267194157
1630134189000,0.0
1630134219000,0.0006027727546714887
1630134249000,0.0
1630134279000,0.0
1630134309000,0.0
1630134339000,0.0
1630134369000,0.0
1630134399000,0.0
1630134429000,0.0006097560975609756
1630134459000,0.0
1630134489000,0.0
1630134519000,0.0
1630134549000,0.0006035003017501509
1630134579000,0.0
1630134609000,0.0006013229104028864
1630134639000,0.0006002400960384152
1630134669000,0.0
1630134699000,0.0
1630134729000,0.0
1630134759000,0.0011983223487118035
1630134789000,0.0
1630134819000,0.0
1630134849000,0.0
1630134879000,0.0
1630134909000,0.0
1630134939000,0.0
1630134969000,0.0
1630134999000,0.0005834305717619603
1630135029000,0.0
1630135059000,0.0006006006006006006
1630135089000,0.0006112469437652813
1630135119000,0.0
1630135149000,0.0
1630135179000,0.0
1630135209000,0.0006082725060827251
1630135239000,0.0
1630135269000,0.0
1630135299000,0.0
1630135329000,0.0
1630135359000,0.0
1630135389000,0.0006020469596628537
1630135419000,0.0006013229104028864
1630135449000,0.0
1630135479000,0.0
1630135509000,0.0
1630135539000,0.0
1630135569000,0.0
1630135599000,0.0
1630135629000,0.0006161429451632778
1630135659000,0.0
1630135689000,0.0011997600479904018
1630135719000,0.0005941770647653001
1630135749000,0.0
1630135779000,0.0
1630135809000,0.0012099213551119178
1630135839000,0.0
1630135869000,0.0
1630135899000,0.0
1630135929000,0.0
1630135959000,0.0
1630135989000,0.0
1630136019000,0.0
1630136049000,0.0
1630136079000,0.0
1630136109000,0.0
1630136139000,0.0
1630136169000,0.0
1630136199000,0.0
1630136229000,0.0
1630136259000,0.0
1630136289000,0.0
1630136319000,0.0
1630136349000,0.0006101281269066504
1630136379000,0.0
1630136409000,0.0
1630136439000,0.0
1630136469000,0.0006097560975609756
1630136499000,0.0006031363088057902
1630136529000,0.0
1630136559000,0.0
1630136589000,0.0006020469596628537
1630136619000,0.0
1630136649000,0.0
1630136679000,0.0
1630136709000,0.0
1630136739000,0.0
1630136769000,0.0
1630136799000,0.0
1630136829000,0.0
1630136859000,0.0
1630136889000,0.0006056935190793457
1630136919000,0.0
1630136949000,0.0
1630136979000,0.0
1630137009000,0.0
1630137039000,0.0
1630137069000,0.0006002400960384152
1630137099000,0.0005963029218843173
1630137129000,0.0
1630137159000,0.0
1630137189000,0.0
1630137219000,0.0005941770647653001
1630137249000,0.0
1630137279000,0.0
1630137309000,0.0
1630137339000,0.0
1630137369000,0.0
1630137399000,0.0
1630137429000,0.00121580547112462
1630137459000,0.0
1630137489000,0.0
1630137519000,0.0
1630137549000,0.0
1630137579000,0.0005973715651135006
1630137609000,0.0
1630137639000,0.0
1630137669000,0.0
1630137699000,0.0
1630137729000,0.0006176652254478072
1630137759000,0.0
1630137789000,0.0005948839976204639
1630137819000,0.0006016847172081829
1630137849000,0.0
1630137879000,0.0006056935190793457
1630137909000,0.0005924170616113746
1630137939000,0.0
1630137969000,0.0006150061500615006
1630137999000,0.0
1630138029000,0.0
1630138059000,0.0
1630138089000,0.0
1630138119000,0.0
1630138149000,0.0
1630138179000,0.0006049606775559589
1630138209000,0.0
1630138239000,0.0
1630138269000,0.0
1630138299000,0.0
1630138329000,0.0006123698714023269
1630138359000,0.0
1630138389000,0.0
1630138419000,0.0
1630138449000,0.0
1630138479000,0.0005948839976204639
1630138509000,0.0006035003017501509
1630138539000,0.0006075334143377885
1630138569000,0.0006042296072507553
1630138599000,0.0
1630138629000,0.0006071645415907711
1630138659000,0.0006079027355623102
1630138689000,0.0
1630138719000,0.0
1630138749000,0.0
1630138779000,0.0
1630138809000,0.0
1630138839000,0.0
1630138869000,0.0
1630138899000,0.0
1630138929000,0.0
1630138959000,0.0
1630138989000,0.0006169031462060457
1630139019000,0.0006002400960384152
1630139049000,0.0
1630139079000,0.0005966587112171838
1630139109000,0.0006038647342995169
1630139139000,0.0
1630139169000,0.0
1630139199000,0.0
1630139229000,0.0006056935190793457
1630139259000,0.0
1630139289000,0.0005988023952095807
1630139319000,0.0005977286312014345
1630139349000,0.0
1630139379000,0.0006053268765133173
1630139409000,0.0
1630139439000,0.0005885815185403178
1630139469000,0.0
1630139499000,0.0006020469596628537
1630139529000,0.0006006006006006006
1630139559000,0.0006105006105006105
1630139589000,0.0
1630139619000,0.0
1630139649000,0.0
1630139679000,0.0
1630139709000,0.0
1630139739000,0.0
1630139769000,0.0011792452830188679
1630139799000,0.0
1630139829000,0.0006090133982947625
1630139859000,0.0005871990604815032
1630139889000,0.0006101281269066504
1630139919000,0.0
1630139949000,0.0
1630139979000,0.0006038647342995169
1630140009000,0.0
1630140039000,0.0
1630140069000,0.0
1630140099000,0.0011940298507462687
1630140129000,0.0006195786864931846
1630140159000,0.0
1630140189000,0.0
1630140219000,0.0
1630140249000,0.0
1630140279000,0.0
1630140309000,0.0
1630140339000,0.0006002400960384152
1630140369000,0.0006097560975609756
1630140399000,0.0012070006035003018
1630140429000,0.0
1630140459000,0.0
1630140489000,0.0
1630140519000,0.0
1630140549000,0.0
1630140579000,0.0
1630140609000,0.0006119951040391675
1630140639000,0.0
1630140669000,0.0
1630140699000,0.0
1630140729000,0.0
1630140759000,0.0
1630140789000,0.0006165228113440197
1630140819000,0.0
1630140849000,0.0
1630140879000,0.0005980861244019139
1630140909000,0.0
1630140939000,0.0
1630140969000,0.0
1630140999000,0.0
1630141029000,0.0
1630141059000,0.0006142506142506142
1630141089000,0.0
1630141119000,0.0
1630141149000,0.0005998800239952009
1630141179000,0.0
1630141209000,0.0
1630141239000,0.0
1630141269000,0.0
1630141299000,0.0006079027355623102
1630141329000,0.0005963029218843173
1630141359000,0.0006013229104028864
1630141389000,0.0
1630141419000,0.0006053268765133173
1630141449000,0.0
1630141479000,0.0
1630141509000,0.0
1630141539000,0.0
1630141569000,0.0006093845216331506
1630141599000,0.0
1630141629000,0.0
1630141659000,0.0006024096385542169
1630141689000,0.0
1630141719000,0.0
1630141749000,0.0
1630141779000,0.0006020469596628537
1630141809000,0.0
1630141839000,0.0006142506142506142
1630141869000,0.0
1630141899000,0.0006045949214026603
1630141929000,0.0012202562538133007
1630141959000,0.0
1630141989000,0.0
1630142019000,0.0
1630142049000,0.0
1630142079000,0.0006142506142506142
1630142109000,0.0006157635467980296
1630142139000,0.0
1630142169000,0.0
1630142199000,0.0005931198102016608
1630142229000,0.0
1630142259000,0.0
1630142289000,0.0
1630142319000,0.0
1630142349000,0.0
1630142379000,0.0006079027355623102
1630142409000,0.0006031363088057902
1630142439000,0.0
1630142469000,0.0
1630142499000,0.0
1630142529000,0.0
1630142559000,0.0
1630142589000,0.0
1630142619000,0.0
1630142649000,0.0
1630142679000,0.0
1630142709000,0.0
1630142739000,0.0
1630142769000,0.0006071645415907711
1630142799000,0.0006157635467980296
1630142829000,0.0
1630142859000,0.0
1630142889000,0.0
1630142919000,0.0
1630142949000,0.0
1630142979000,0.0
1630143009000,0.0006093845216331506
1630143039000,0.0
1630143069000,0.0006169031462060457
1630143099000,0.0
1630143129000,0.0006056935190793457
1630143159000,0.0
1630143189000,0.0006009615384615385
1630143219000,0.0
1630143249000,0.0
1630143279000,0.0
1630143309000,0.0
1630143339000,0.0006161429451632778
1630143369000,0.0
1630143399000,0.0006016847172081829
1630143429000,0.0
1630143459000,0.0005892751915144372
1630143489000,0.0
1630143519000,0.0
1630143549000,0.0
1630143579000,0.0
1630143609000,0.0
1630143639000,0.0006131207847946045
1630143669000,0.0
1630143699000,0.0006027727546714887
1630143729000,0.0006097560975609756
1630143759000,0.0
1630143789000,0.0
1630143819000,0.0
1630143849000,0.0006105006105006105
1630143879000,0.0006101281269066504
1630143909000,0.0006053268765133173
1630143939000,0.0
1630143969000,0.0
1630143999000,0.0
1630144029000,0.0
1630144059000,0.0005998800239952009
1630144089000,0.0
1630144119000,0.0
1630144149000,0.0
1630144179000,0.0
1630144209000,0.0
1630144239000,0.0006090133982947625
1630144269000,0.0
1630144299000,0.0005868544600938967
1630144329000,0.0
1630144359000,0.0
1630144389000,0.0
1630144419000,0.0
1630144449000,0.0
1630144479000,0.0006060606060606062
1630144509000,0.0
1630144539000,0.0005991611743559018
1630144569000,0.0
1630144599000,0.0
1630144629000,0.0
1630144659000,0.0
1630144689000,0.0
1630144719000,0.0006086427267194157
1630144749000,0.0006045949214026603
1630144779000,0.0
1630144809000,0.0006116207951070336
1630144839000,0.0
1630144869000,0.0
1630144899000,0.0006049606775559589
1630144929000,0.0
1630144959000,0.0
1630144989000,0.0005931198102016608
1630145019000,0.0
1630145049000,0.0006119951040391675
1630145079000,0.0
1630145109000,0.0
1630145139000,0.0
1630145169000,0.0
1630145199000,0.0
1630145229000,0.0
1630145259000,0.0
1630145289000,0.0006142506142506142
1630145319000,0.0
1630145349000,0.0006191950464396285
1630145379000,0.0
1630145409000,0.0005984440454817473
1630145439000,0.0006031363088057902
1630145469000,0.0
1630145499000,0.0006176652254478072
1630145529000,0.0
1630145559000,0.0
1630145589000,0.0011997600479904018
1630145619000,0.0005931198102016608
1630145649000,0.0
1630145679000,0.0005984440454817473
1630145709000,0.0
1630145739000,0.0
1630145769000,0.0
1630145799000,0.0005851375073142189
1630145829000,0.0
1630145859000,0.0006064281382656155
1630145889000,0.0012026458208057728
1630145919000,0.0
1630145949000,0.0
1630145979000,0.0
1630146009000,0.0005970149253731342
1630146039000,0.0
1630146069000,0.0
1630146099000,0.0
1630146129000,0.0
1630146159000,0.0
1630146189000,0.0
1630146219000,0.0006071645415907711
1630146249000,0.0
1630146279000,0.0
1630146309000,0.0
1630146339000,0.0006002400960384152
1630146369000,0.0
1630146399000,0.0
1630146429000,0.0006064281382656155
1630146459000,0.0
1630146489000,0.0
1630146519000,0.0
1630146549000,0.0
1630146579000,0.0
1630146609000,0.0006064281382656155
1630146639000,0.0
1630146669000,0.0
1630146699000,0.0006090133982947625
1630146729000,0.0
1630146759000,0.0
1630146789000,0.0
1630146819000,0.0
1630146849000,0.0
1630146879000,0.0
1630146909000,0.0
1630146939000,0.0
1630146969000,0.0
1630146999000,0.0
1630147029000,0.0
1630147059000,0.0
1630147089000,0.0006075334143377885
1630147119000,0.0
1630147149000,0.0
1630147179000,0.0
1630147209000,0.0
1630147239000,0.0006131207847946045
1630147269000,0.0
1630147299000,0.001226993865030675
1630147329000,0.0005963029218843173
1630147359000,0.0
1630147389000,0.0006053268765133173
1630147419000,0.0
1630147449000,0.0005941770647653001
1630147479000,0.0
1630147509000,0.0
1630147539000,0.0
1630147569000,0.0006101281269066504
1630147599000,0.0
1630147629000,0.0
1630147659000,0.0006146281499692684
1630147689000,0.0
1630147719000,0.0
1630147749000,0.0
1630147779000,0.0
1630147809000,0.0
1630147839000,0.0005931198102016608
1630147869000,0.0
1630147899000,0.0006049606775559589
1630147929000,0.0
1630147959000,0.0006090133982947625
1630147989000,0.0
1630148019000,0.0
1630148049000,0.0
1630148079000,0.0006067961165048543
1630148109000,0.0006112469437652813
1630148139000,0.0006086427267194157
1630148169000,0.0006180469715698393
1630148199000,0.0
1630148229000,0.0
1630148259000,0.0
1630148289000,0.0006075334143377885
1630148319000,0.0
1630148349000,0.0006176652254478072
1630148379000,0.0
1630148409000,0.0006006006006006006
1630148439000,0.0
1630148469000,0.0
1630148499000,0.0
1630148529000,0.0
1630148559000,0.0
1630148589000,0.0
1630148619000,0.0006013229104028864
1630148649000,0.0
1630148679000,0.0
1630148709000,0.0
1630148739000,0.0
1630148769000,0.0
1630148799000,0.0
1630148829000,0.0
1630148859000,0.0005995203836930455
1630148889000,0.0
1630148919000,0.0
1630148949000,0.0
1630148979000,0.0005858230814294082
1630149009000,0.0
1630149039000,0.0
1630149069000,0.0
1630149099000,0.0
1630149129000,0.0006064281382656155
1630149159000,0.0005924170616113746
1630149189000,0.0
1630149219000,0.0
1630149249000,0.0
1630149279000,0.0006195786864931846
1630149309000,0.0006142506142506142
1630149339000,0.0
1630149369000,0.0
1630149399000,0.0005998800239952009
1630149429000,0.0006188118811881187
1630149459000,0.0
1630149489000,0.0
1630149519000,0.0
1630149549000,0.0
1630149579000,0.0
1630149609000,0.0006086427267194157
1630149639000,0.0
1630149669000,0.0
1630149699000,0.0
1630149729000,0.0006101281269066504
1630149759000,0.0006056935190793457
1630149789000,0.0006035003017501509
1630149819000,0.0
1630149849000,0.0
1630149879000,0.0
1630149909000,0.0
1630149939000,0.0
1630149969000,0.0006105006105006105
1630149999000,0.0
1630150029000,0.0
1630150059000,0.0006142506142506142
1630150089000,0.0
1630150119000,0.0006134969325153375
1630150149000,0.0
1630150179000,0.0005966587112171838
1630150209000,0.0006049606775559589
1630150239000,0.0
1630150269000,0.0005959475566150177
1630150299000,0.0005995203836930455
1630150329000,0.0
1630150359000,0.0
1630150389000,0.0
1630150419000,0.0
1630150449000,0.0
1630150479000,0.0
1630150509000,0.0006071645415907711
1630150539000,0.0
1630150569000,0.0
1630150599000,0.0
1630150629000,0.0
1630150659000,0.0
1630150689000,0.0006093845216331506
1630150719000,0.0
1630150749000,0.0
1630150779000,0.0
1630150809000,0.0006161429451632778
1630150839000,0.0
1630150869000,0.0
1630150899000,0.0006097560975609756
1630150929000,0.0
1630150959000,0.0
1630150989000,0.0
1630151019000,0.0
1630151049000,0.0
1630151079000,0.0
1630151109000,0.0
1630151139000,0.0006101281269066504
1630151169000,0.0
1630151199000,0.0012195121951219512
1630151229000,0.0
1630151259000,0.0
1630151289000,0.0
1630151319000,0.0
1630151349000,0.0005970149253731342
1630151379000,0.0
1630151409000,0.0
1630151439000,0.0
1630151469000,0.0
1630151499000,0.0
1630151529000,0.0
1630151559000,0.0
1630151589000,0.0005970149253731342
1630151619000,0.0
1630151649000,0.0
1630151679000,0.0012143290831815425
1630151709000,0.0
1630151739000,0.0
1630151769000,0.0
1630151799000,0.0006020469596628537
1630151829000,0.0
1630151859000,0.0
1630151889000,0.0
1630151919000,0.0
1630151949000,0.0005878894767783657
1630151979000,0.0006020469596628537
1630152009000,0.0006097560975609756
1630152039000,0.0
1630152069000,0.0
1630152099000,0.0
1630152129000,0.0
1630152159000,0.0
1630152189000,0.0
1630152219000,0.0
1630152249000,0.0
1630152279000,0.0006071645415907711
1630152309000,0.0006093845216331506
1630152339000,0.0
1630152369000,0.0006082725060827251
1630152399000,0.0005980861244019139
1630152429000,0.0
1630152459000,0.0
1630152489000,0.0
1630152519000,0.0
1630152549000,0.0
1630152579000,0.0
1630152609000,0.0
1630152639000,0.0006067961165048543
1630152669000,0.0
1630152699000,0.0
1630152729000,0.0
1630152759000,0.000588235294117647
1630152789000,0.0005984440454817473
1630152819000,0.0
1630152849000,0.0
1630152879000,0.0
1630152909000,0.0006097560975609756
1630152939000,0.0006127450980392157
1630152969000,0.0006071645415907711
1630152999000,0.0
1630153029000,0.0
1630153059000,0.0
1630153089000,0.0
1630153119000,0.0
1630153149000,0.0
1630153179000,0.0
1630153209000,0.0
1630153239000,0.0006071645415907711
1630153269000,0.0
1630153299000,0.0
1630153329000,0.0
1630153359000,0.0006112469437652813
1630153389000,0.0006180469715698393
1630153419000,0.0
1630153449000,0.0006079027355623102
1630153479000,0.0
1630153509000,0.0
1630153539000,0.0
1630153569000,0.0
1630153599000,0.0
1630153629000,0.0
1630153659000,0.0
1630153689000,0.0
1630153719000,0.0
1630153749000,0.0
1630153779000,0.0005995203836930455
1630153809000,0.0
1630153839000,0.0
1630153869000,0.0
1630153899000,0.0
1630153929000,0.0005998800239952009
1630153959000,0.0
1630153989000,0.0
1630154019000,0.0005998800239952009
1630154049000,0.0006199628022318662
1630154079000,0.0
1630154109000,0.0006045949214026603
1630154139000,0.0
1630154169000,0.0006116207951070336
1630154199000,0.0
1630154229000,0.0
1630154259000,0.0
1630154289000,0.0
1630154319000,0.0005966587112171838
1630154349000,0.0006071645415907711
1630154379000,0.0
1630154409000,0.0005973715651135006
1630154439000,0.0
1630154469000,0.0
1630154499000,0.0
1630154529000,0.0006013229104028864
1630154559000,0.0
1630154589000,0.0
1630154619000,0.0
1630154649000,0.0
1630154679000,0.0
1630154709000,0.0
1630154739000,0.0
1630154769000,0.0
1630154799000,0.0
1630154829000,0.0006184291898577612
1630154859000,0.0
1630154889000,0.0
1630154919000,0.0006134969325153375
1630154949000,0.0006016847172081829
1630154979000,0.0
1630155009000,0.0006153846153846153
1630155039000,0.0005941770647653001
1630155069000,0.0
1630155099000,0.0
1630155129000,0.0
1630155159000,0.0005924170616113746
1630155189000,0.0
1630155219000,0.0
1630155249000,0.0
1630155279000,0.0006006006006006006
1630155309000,0.0
1630155339000,0.0
1630155369000,0.0
1630155399000,0.0
1630155429000,0.0
1630155459000,0.0
1630155489000,0.0
1630155519000,0.0
1630155549000,0.0005934718100890207
1630155579000,0.0006086427267194157
1630155609000,0.0
1630155639000,0.0
1630155669000,0.0
1630155699000,0.0
1630155729000,0.0006165228113440197
1630155759000,0.0
1630155789000,0.0006112469437652813
1630155819000,0.0006056935190793457
1630155849000,0.0006075334143377885
1630155879000,0.0006172839506172839
1630155909000,0.0
1630155939000,0.0005945303210463732
1630155969000,0.0006108735491753207
1630155999000,0.0
1630156029000,0.0
1630156059000,0.0006056935190793457
1630156089000,0.0005931198102016608
1630156119000,0.0
1630156149000,0.0
1630156179000,0.0006188118811881187
1630156209000,0.0
1630156239000,0.0
1630156269000,0.0
1630156299000,0.0006172839506172839
1630156329000,0.0
1630156359000,0.0
1630156389000,0.0
1630156419000,0.0
1630156449000,0.0
1630156479000,0.0006064281382656155
1630156509000,0.0
1630156539000,0.0
1630156569000,0.0
1630156599000,0.0
1630156629000,0.0005995203836930455
1630156659000,0.0
1630156689000,0.0
1630156719000,0.0006006006006006006
1630156749000,0.0
1630156779000,0.0005938242280285036
1630156809000,0.0
1630156839000,0.0
1630156869000,0.0
1630156899000,0.0
1630156929000,0.0
1630156959000,0.0005970149253731342
1630156989000,0.0
1630157019000,0.0
1630157049000,0.0
1630157079000,0.0
1630157109000,0.0
1630157139000,0.0
1630157169000,0.0
1630157199000,0.0
1630157229000,0.0
1630157259000,0.0
1630157289000,0.0
1630157319000,0.0
1630157349000,0.0
1630157379000,0.0
1630157409000,0.0
1630157439000,0.0
1630157469000,0.0
1630157499000,0.0
1630157529000,0.0006064281382656155
1630157559000,0.0
1630157589000,0.0
1630157619000,0.0
1630157649000,0.0
1630157679000,0.0005973715651135006
1630157709000,0.0
1630157739000,0.0
1630157769000,0.0
1630157799000,0.0
1630157829000,0.0
1630157859000,0.0
1630157889000,0.0
1630157919000,0.0
1630157949000,0.0
1630157979000,0.0
1630158009000,0.0006064281382656155
1630158039000,0.0006053268765133173
1630158069000,0.0
1630158099000,0.0
1630158129000,0.0
1630158159000,0.0006097560975609756
1630158189000,0.0
1630158219000,0.0006127450980392157
1630158249000,0.0006075334143377885
1630158279000,0.0
1630158309000,0.0
1630158339000,0.0
1630158369000,0.0
1630158399000,0.0005931198102016608
1630158429000,0.0006016847172081829
1630158459000,0.0
1630158489000,0.0
1630158519000,0.0
1630158549000,0.0
1630158579000,0.0011976047904191614
1630158609000,0.0
1630158639000,0.0006002400960384152
1630158669000,0.0
1630158699000,0.0006071645415907711
1630158729000,0.0006142506142506142
1630158759000,0.0
1630158789000,0.0005998800239952009
1630158819000,0.0
1630158849000,0.0
1630158879000,0.0
1630158909000,0.0
1630158939000,0.0006013229104028864
1630158969000,0.0006038647342995169
1630158999000,0.0
1630159029000,0.0
1630159059000,0.0
1630159089000,0.0
1630159119000,0.0005959475566150177
1630159149000,0.0
1630159179000,0.0
1630159209000,0.0
1630159239000,0.0
1630159269000,0.0
1630159299000,0.0006097560975609756
1630159329000,0.0
1630159359000,0.0
1630159389000,0.0006218905472636817
1630159419000,0.0
1630159449000,0.0
1630159479000,0.0
1630159509000,0.0
1630159539000,0.0
1630159569000,0.0
1630159599000,0.0
1630159629000,0.0
1630159659000,0.0
1630159689000,0.0
1630159719000,0.0
1630159749000,0.0
1630159779000,0.0006024096385542169
1630159809000,0.0006009615384615385
1630159839000,0.0006112469437652813
1630159869000,0.0
1630159899000,0.0006053268765133173
1630159929000,0.0
1630159959000,0.0
1630159989000,0.0
1630160019000,0.0
1630160049000,0.0
1630160079000,0.0
1630160109000,0.0
1630160139000,0.0011933174224343676
1630160169000,0.0005970149253731342
1630160199000,0.0006075334143377885
1630160229000,0.0006082725060827251
1630160259000,0.0006123698714023269
1630160289000,0.0006127450980392157
1630160319000,0.0
1630160349000,0.0006153846153846153
1630160379000,0.0006071645415907711
1630160409000,0.0
1630160439000,0.0012048192771084338
1630160469000,0.0
1630160499000,0.0
1630160529000,0.0006045949214026603
1630160559000,0.0
1630160589000,0.0
1630160619000,0.0
1630160649000,0.0006024096385542169
1630160679000,0.0
1630160709000,0.0012202562538133007
1630160739000,0.0
1630160769000,0.0
1630160799000,0.0006142506142506142
1630160829000,0.0005988023952095807
1630160859000,0.0
1630160889000,0.0006157635467980296
1630160919000,0.0
1630160949000,0.0006075334143377885
1630160979000,0.0006207324643078832
1630161009000,0.0
1630161039000,0.0
1630161069000,0.0
1630161099000,0.0
1630161129000,0.0
1630161159000,0.0
1630161189000,0.0
1630161219000,0.0
1630161249000,0.0
1630161279000,0.0006180469715698393
1630161309000,0.0
1630161339000,0.0
1630161369000,0.0
1630161399000,0.0
1630161429000,0.0
1630161459000,0.0
1630161489000,0.0005920663114268798
1630161519000,0.0
1630161549000,0.0
1630161579000,0.0006086427267194157
1630161609000,0.0
1630161639000,0.0
1630161669000,0.0006071645415907711
1630161699000,0.0
1630161729000,0.0
1630161759000,0.0
1630161789000,0.0006172839506172839
1630161819000,0.0
1630161849000,0.0005980861244019139
1630161879000,0.0
1630161909000,0.0006075334143377885
1630161939000,0.0
1630161969000,0.0
1630161999000,0.0
1630162029000,0.0006131207847946045
1630162059000,0.0
1630162089000,0.0
1630162119000,0.0006049606775559589
1630162149000,0.0005941770647653001
1630162179000,0.0
1630162209000,0.0
1630162239000,0.0006082725060827251
1630162269000,0.0
1630162299000,0.0
1630162329000,0.0
1630162359000,0.0006090133982947625
1630162389000,0.0
1630162419000,0.0
1630162449000,0.0006013229104028864
1630162479000,0.0
1630162509000,0.0006071645415907711
1630162539000,0.0006013229104028864
1630162569000,0.0
1630162599000,0.0
1630162629000,0.0
1630162659000,0.0006006006006006006
1630162689000,0.0
1630162719000,0.0
1630162749000,0.0
1630162779000,0.0006064281382656155
1630162809000,0.0
1630162839000,0.0006013229104028864
1630162869000,0.0
1630162899000,0.0006086427267194157
1630162929000,0.0
1630162959000,0.0
1630162989000,0.0
1630163019000,0.0
1630163049000,0.0
1630163079000,0.0005913660555884093
1630163109000,0.0
1630163139000,0.0
1630163169000,0.0005963029218843173
1630163199000,0.0
1630163229000,0.0
1630163259000,0.0
1630163289000,0.0005991611743559018
1630163319000,0.0
1630163349000,0.0006150061500615006
1630163379000,0.0006108735491753207
1630163409000,0.0012399256044637321
1630163439000,0.0
1630163469000,0.0
1630163499000,0.0
1630163529000,0.0
1630163559000,0.0
1630163589000,0.0
1630163619000,0.0
1630163649000,0.0
1630163679000,0.0
1630163709000,0.0
1630163739000,0.0
1630163769000,0.0
1630163799000,0.0
1630163829000,0.0
1630163859000,0.0
1630163889000,0.0006161429451632778
1630163919000,0.0
1630163949000,0.0
1630163979000,0.0
1630164009000,0.0006131207847946045
1630164039000,0.0
1630164069000,0.0
1630164099000,0.0011702750146284375
1630164129000,0.0
1630164159000,0.0
1630164189000,0.0006112469437652813
1630164219000,0.0006053268765133173
1630164249000,0.0006157635467980296
1630164279000,0.0
1630164309000,0.0
1630164339000,0.0
1630164369000,0.0
1630164399000,0.0
1630164429000,0.0
1630164459000,0.0
1630164489000,0.0
1630164519000,0.0006067961165048543
1630164549000,0.0006056935190793457
1630164579000,0.0
1630164609000,0.0
1630164639000,0.0
1630164669000,0.0
1630164699000,0.0
1630164729000,0.0
1630164759000,0.0006009615384615385
1630164789000,0.0006116207951070336
1630164819000,0.0
1630164849000,0.0
1630164879000,0.0005959475566150177
1630164909000,0.0
1630164939000,0.0
1630164969000,0.0
1630164999000,0.0
1630165029000,0.0005871990604815032
1630165059000,0.0
1630165089000,0.0011883541295306002
1630165119000,0.0
1630165149000,0.0
1630165179000,0.0006035003017501509
1630165209000,0.0
1630165239000,0.0
1630165269000,0.0
1630165299000,0.0006042296072507553
1630165329000,0.0006013229104028864
1630165359000,0.0
1630165389000,0.0
1630165419000,0.0
1630165449000,0.0006101281269066504
1630165479000,0.0006042296072507553
1630165509000,0.001215066828675577
1630165539000,0.0
1630165569000,0.0
1630165599000,0.0
1630165629000,0.0
1630165659000,0.0
1630165689000,0.0
1630165719000,0.0006086427267194157
1630165749000,0.0
1630165779000,0.0
1630165809000,0.0
1630165839000,0.0006042296072507553
1630165869000,0.0005970149253731342
1630165899000,0.0
1630165929000,0.0
1630165959000,0.0006112469437652813
1630165989000,0.0
1630166019000,0.0
1630166049000,0.0
1630166079000,0.0006116207951070336
1630166109000,0.0
1630166139000,0.0005977286312014345
1630166169000,0.0
1630166199000,0.0005980861244019139
1630166229000,0.0
1630166259000,0.0006049606775559589
1630166289000,0.0005998800239952009
1630166319000,0.0006067961165048543
1630166349000,0.0006119951040391675
1630166379000,0.0
1630166409000,0.0
1630166439000,0.0005963029218843173
1630166469000,0.0006101281269066504
1630166499000,0.0006079027355623102
1630166529000,0.0
1630166559000,0.0
1630166589000,0.0006119951040391675
1630166619000,0.0
1630166649000,0.0
1630166679000,0.0
1630166709000,0.0006035003017501509
1630166739000,0.0006180469715698393
1630166769000,0.0006053268765133173
1630166799000,0.0
1630166829000,0.0
1630166859000,0.0
1630166889000,0.0006138735420503376
1630166919000,0.0
1630166949000,0.0
1630166979000,0.0006116207951070336
1630167009000,0.0
1630167039000,0.0006027727546714887
1630167069000,0.0
1630167099000,0.0
1630167129000,0.0
1630167159000,0.0
1630167189000,0.0
1630167219000,0.0
1630167249000,0.0
1630167279000,0.0006067961165048543
1630167309000,0.0012202562538133007
1630167339000,0.0
1630167369000,0.0
1630167399000,0.0006082725060827251
1630167429000,0.0
1630167459000,0.0
1630167489000,0.0006116207951070336
1630167519000,0.0
1630167549000,0.0006153846153846153
1630167579000,0.0
1630167609000,0.0
1630167639000,0.0
1630167669000,0.0
1630167699000,0.0006031363088057902
1630167729000,0.0
1630167759000,0.0006067961165048543
1630167789000,0.0
1630167819000,0.0
1630167849000,0.0006172839506172839
1630167879000,0.0
1630167909000,0.0
1630167939000,0.0006031363088057902
1630167969000,0.0
1630167999000,0.0005955926146515784
1630168029000,0.0006169031462060457
1630168059000,0.0
1630168089000,0.0
1630168119000,0.0
1630168149000,0.0005927682276229994
1630168179000,0.0005998800239952009
1630168209000,0.0
1630168239000,0.0
1630168269000,0.0005924170616113746
1630168299000,0.0
1630168329000,0.0006075334143377885
1630168359000,0.0
1630168389000,0.0006067961165048543
1630168419000,0.0
1630168449000,0.0
1630168479000,0.0
1630168509000,0.0
1630168539000,0.0
1630168569000,0.0
1630168599000,0.0005977286312014345
1630168629000,0.0
1630168659000,0.0006056935190793457
1630168689000,0.0006090133982947625
1630168719000,0.0006049606775559589
1630168749000,0.0
1630168779000,0.0
1630168809000,0.0
1630168839000,0.0012040939193257074
1630168869000,0.0011904761904761904
1630168899000,0.0005988023952095807
1630168929000,0.0
1630168959000,0.0
1630168989000,0.0
1630169019000,0.0
1630169049000,0.0006075334143377885
1630169079000,0.0
1630169109000,0.0
1630169139000,0.0
1630169169000,0.0
1630169199000,0.0
1630169229000,0.0012099213551119178
1630169259000,0.0
1630169289000,0.0
1630169319000,0.0
1630169349000,0.0
1630169379000,0.0
1630169409000,0.0
1630169439000,0.0006027727546714887
1630169469000,0.0
1630169499000,0.0
1630169529000,0.0006101281269066504
1630169559000,0.0
1630169589000,0.0
1630169619000,0.0006064281382656155
1630169649000,0.0006138735420503376
1630169679000,0.0
1630169709000,0.0
1630169739000,0.0
1630169769000,0.0005959475566150177
1630169799000,0.0006138735420503376
1630169829000,0.0
1630169859000,0.0
1630169889000,0.0006172839506172839
1630169919000,0.0005945303210463732
1630169949000,0.0
1630169979000,0.0
1630170009000,0.0
1630170039000,0.0
1630170069000,0.0
1630170099000,0.0005995203836930455
1630170129000,0.0
1630170159000,0.0006101281269066504
1630170189000,0.0
1630170219000,0.0005970149253731342
1630170249000,0.0
1630170279000,0.0
1630170309000,0.0
1630170339000,0.0012091898428053206
1630170369000,0.0
1630170399000,0.0
1630170429000,0.0
1630170459000,0.0
1630170489000,0.0
1630170519000,0.0
1630170549000,0.0
1630170579000,0.0
1630170609000,0.0
1630170639000,0.0
1630170669000,0.0
1630170699000,0.0
1630170729000,0.0011848341232227491
1630170759000,0.0006053268765133173
1630170789000,0.0006009615384615385
1630170819000,0.0
1630170849000,0.0
1630170879000,0.0006045949214026603
1630170909000,0.001223990208078335
1630170939000,0.0006056935190793457
1630170969000,0.0
1630170999000,0.0
1630171029000,0.0
1630171059000,0.0006020469596628537
1630171089000,0.0
1630171119000,0.0006090133982947625
1630171149000,0.0006112469437652813
1630171179000,0.0006020469596628537
1630171209000,0.0
1630171239000,0.0006127450980392157
1630171269000,0.0
1630171299000,0.0006134969325153375
1630171329000,0.0
1630171359000,0.0
1630171389000,0.0
1630171419000,0.0006013229104028864
1630171449000,0.0
1630171479000,0.0
1630171509000,0.0006045949214026603
1630171539000,0.0006006006006006006
1630171569000,0.0
1630171599000,0.0
1630171629000,0.0
1630171659000,0.0
1630171689000,0.0
1630171719000,0.0
1630171749000,0.0
1630171779000,0.0
1630171809000,0.0
1630171839000,0.0006127450980392157
1630171869000,0.0006024096385542169
1630171899000,0.0
1630171929000,0.0005995203836930455
1630171959000,0.0
1630171989000,0.0
1630172019000,0.0006075334143377885
1630172049000,0.0
1630172079000,0.0
1630172109000,0.0005906674542232723
1630172139000,0.0
1630172169000,0.0
1630172199000,0.0
1630172229000,0.0
1630172259000,0.0
1630172289000,0.0
1630172319000,0.0006045949214026603
1630172349000,0.0
1630172379000,0.0
1630172409000,0.0006131207847946045
1630172439000,0.0006108735491753207
1630172469000,0.0
1630172499000,0.0
1630172529000,0.0
1630172559000,0.0006101281269066504
1630172589000,0.0
1630172619000,0.0
1630172649000,0.0
1630172679000,0.0
1630172709000,0.0
1630172739000,0.0
1630172769000,0.0
1630172799000,0.0
1630172829000,0.0006093845216331506
1630172859000,0.0006119951040391675
1630172889000,0.0
1630172919000,0.0006150061500615006
1630172949000,0.0
1630172979000,0.0006097560975609756
1630173009000,0.0
1630173039000,0.0
1630173069000,0.0005980861244019139
1630173099000,0.0006108735491753207
1630173129000,0.0006002400960384152
1630173159000,0.0
1630173189000,0.0006127450980392157
1630173219000,0.0006053268765133173
1630173249000,0.0006013229104028864
1630173279000,0.0
1630173309000,0.0
1630173339000,0.0006086427267194157
1630173369000,0.0
1630173399000,0.0
1630173429000,0.0
1630173459000,0.0006097560975609756
1630173489000,0.0
1630173519000,0.0
1630173549000,0.0
1630173579000,0.0
1630173609000,0.0
1630173639000,0.0
1630173669000,0.0006035003017501509
1630173699000,0.0
1630173729000,0.0006116207951070336
1630173759000,0.0006105006105006105
1630173789000,0.0
1630173819000,0.0
1630173849000,0.0006071645415907711
1630173879000,0.0
1630173909000,0.0012399256044637321
1630173939000,0.0005988023952095807
1630173969000,0.0006067961165048543
1630173999000,0.0
1630174029000,0.0006086427267194157
1630174059000,0.0
1630174089000,0.0
1630174119000,0.0
1630174149000,0.0
1630174179000,0.0
1630174209000,0.0
1630174239000,0.0
1630174269000,0.0
1630174299000,0.0006075334143377885
1630174329000,0.0
1630174359000,0.0
1630174389000,0.0
1630174419000,0.0
1630174449000,0.0
1630174479000,0.0
1630174509000,0.0006067961165048543
1630174539000,0.0
1630174569000,0.0006153846153846153
1630174599000,0.0
1630174629000,0.0005977286312014345
1630174659000,0.0
1630174689000,0.0
1630174719000,0.0
1630174749000,0.0006027727546714887
1630174779000,0.0005910165484633571
1630174809000,0.0
1630174839000,0.0
1630174869000,0.0
1630174899000,0.0
1630174929000,0.0
1630174959000,0.0
1630174989000,0.0006161429451632778
1630175019000,0.0
1630175049000,0.0006157635467980296
1630175079000,0.0
1630175109000,0.0
1630175139000,0.0
1630175169000,0.0
1630175199000,0.0
1630175229000,0.0
1630175259000,0.0006142506142506142
1630175289000,0.0
1630175319000,0.0
1630175349000,0.0
1630175379000,0.0
1630175409000,0.0
1630175439000,0.0
1630175469000,0.0
1630175499000,0.0
1630175529000,0.0
1630175559000,0.0
1630175589000,0.0
1630175619000,0.0
1630175649000,0.0
1630175679000,0.0
1630175709000,0.0006101281269066504
1630175739000,0.0005977286312014345
1630175769000,0.0
1630175799000,0.0
1630175829000,0.0006013229104028864
1630175859000,0.0
1630175889000,0.0
1630175919000,0.0
1630175949000,0.0
1630175979000,0.0
1630176009000,0.0
1630176039000,0.0005920663114268798
1630176069000,0.0006116207951070336
1630176099000,0.0006031363088057902
1630176129000,0.0
1630176159000,0.0
1630176189000,0.0
1630176219000,0.0006060606060606062
1630176249000,0.0
1630176279000,0.0
1630176309000,0.0
1630176339000,0.0
1630176369000,0.0
1630176399000,0.0006056935190793457
1630176429000,0.0
1630176459000,0.0
1630176489000,0.0006020469596628537
1630176519000,0.0011890606420927464
1630176549000,0.0006090133982947625
1630176579000,0.0
1630176609000,0.0005998800239952009
1630176639000,0.0
1630176669000,0.0
1630176699000,0.0
1630176729000,0.0
1630176759000,0.0
1630176789000,0.0
1630176819000,0.0006031363088057902
1630176849000,0.0006060606060606062
1630176879000,0.0
1630176909000,0.0
1630176939000,0.0
1630176969000,0.0005966587112171838
1630176999000,0.0
1630177029000,0.0
1630177059000,0.0005913660555884093
1630177089000,0.0
1630177119000,0.0006020469596628537
1630177149000,0.0
1630177179000,0.0
1630177209000,0.0
1630177239000,0.0
1630177269000,0.0006138735420503376
1630177299000,0.0
1630177329000,0.0005959475566150177
1630177359000,0.0005931198102016608
1630177389000,0.0
1630177419000,0.0
1630177449000,0.0
1630177479000,0.0
1630177509000,0.0
1630177539000,0.0
1630177569000,0.0
1630177599000,0.0006006006006006006
1630177629000,0.0
1630177659000,0.0
1630177689000,0.0
1630177719000,0.0
1630177749000,0.0
1630177779000,0.0006123698714023269
1630177809000,0.0006153846153846153
1630177839000,0.0
1630177869000,0.001201923076923077
1630177899000,0.0006006006006006006
1630177929000,0.0
1630177959000,0.0
1630177989000,0.0006045949214026603
1630178019000,0.0
1630178049000,0.0
1630178079000,0.0
1630178109000,0.0
1630178139000,0.0
1630178169000,0.0
1630178199000,0.0006138735420503376
1630178229000,0.0
1630178259000,0.0006079027355623102
1630178289000,0.0
1630178319000,0.0
1630178349000,0.0
1630178379000,0.0
1630178409000,0.0
1630178439000,0.0
1630178469000,0.0
1630178499000,0.0006108735491753207
1630178529000,0.0
1630178559000,0.0
1630178589000,0.0
1630178619000,0.0
1630178649000,0.0
1630178679000,0.0
1630178709000,0.0
1630178739000,0.0005858230814294082
1630178769000,0.0
1630178799000,0.0005941770647653001
1630178829000,0.0
1630178859000,0.0006006006006006006
1630178889000,0.0
1630178919000,0.0006105006105006105
1630178949000,0.0006042296072507553
1630178979000,0.0
1630179009000,0.0
1630179039000,0.0
1630179069000,0.0
1630179099000,0.0006116207951070336
1630179129000,0.0006157635467980296
1630179159000,0.0
1630179189000,0.0006067961165048543
1630179219000,0.0006112469437652813
1630179249000,0.0
1630179279000,0.0006013229104028864
1630179309000,0.0
1630179339000,0.0
1630179369000,0.0
1630179399000,0.0
1630179429000,0.0005977286312014345
1630179459000,0.0005998800239952009
1630179489000,0.0006172839506172839
1630179519000,0.0
1630179549000,0.0
1630179579000,0.0
1630179609000,0.0
1630179639000,0.0005934718100890207
1630179669000,0.0
1630179699000,0.0
1630179729000,0.0006013229104028864
1630179759000,0.0006116207951070336
1630179789000,0.0
1630179819000,0.0
1630179849000,0.0005878894767783657
1630179879000,0.0006056935190793457
1630179909000,0.0005984440454817473
1630179939000,0.0005924170616113746
1630179969000,0.0
1630179999000,0.0
1630180029000,0.0005885815185403178
1630180059000,0.0
1630180089000,0.0
1630180119000,0.0
1630180149000,0.0
1630180179000,0.0
1630180209000,0.0
1630180239000,0.0
1630180269000,0.0
1630180299000,0.001212856276531231
1630180329000,0.0
1630180359000,0.0
1630180389000,0.0
1630180419000,0.0006038647342995169
1630180449000,0.0005963029218843173
1630180479000,0.0
1630180509000,0.0006002400960384152
1630180539000,0.0006071645415907711
1630180569000,0.0
1630180599000,0.0
1630180629000,0.0
1630180659000,0.0
1630180689000,0.0
1630180719000,0.0
1630180749000,0.0006134969325153375
1630180779000,0.0
1630180809000,0.0006090133982947625
1630180839000,0.0
1630180869000,0.0
1630180899000,0.0
1630180929000,0.0
1630180959000,0.0
1630180989000,0.0006035003017501509
1630181019000,0.0005988023952095807
1630181049000,0.0
1630181079000,0.0005948839976204639
1630181109000,0.0
1630181139000,0.0
1630181169000,0.0
1630181199000,0.0
1630181229000,0.0
1630181259000,0.0006009615384615385
1630181289000,0.0
1630181319000,0.0005910165484633571
1630181349000,0.0
1630181379000,0.0005970149253731342
1630181409000,0.0
1630181439000,0.0
1630181469000,0.0
1630181499000,0.0
1630181529000,0.0005948839976204639
1630181559000,0.0
1630181589000,0.0
1630181619000,0.0
1630181649000,0.0
1630181679000,0.0006093845216331506
1630181709000,0.0
1630181739000,0.0
1630181769000,0.0
1630181799000,0.0
1630181829000,0.0006013229104028864
1630181859000,0.0
1630181889000,0.0006134969325153375
1630181919000,0.0
1630181949000,0.0005991611743559018
1630181979000,0.0
1630182009000,0.0
1630182039000,0.0
1630182069000,0.0
1630182099000,0.0005963029218843173
1630182129000,0.0
1630182159000,0.0
1630182189000,0.0
1630182219000,0.0006127450980392157
1630182249000,0.0
1630182279000,0.0011961722488038275
1630182309000,0.0
1630182339000,0.0006150061500615006
1630182369000,0.0
1630182399000,0.0006112469437652813
1630182429000,0.0005889281507656067
1630182459000,0.0006119951040391675
1630182489000,0.0005948839976204639
1630182519000,0.0006060606060606062
1630182549000,0.0
1630182579000,0.0006086427267194157
1630182609000,0.0
1630182639000,0.0011750881316098707
1630182669000,0.0
1630182699000,0.0
1630182729000,0.0005988023952095807
1630182759000,0.0
1630182789000,0.0
1630182819000,0.0
1630182849000,0.0
1630182879000,0.001223990208078335
1630182909000,0.0
1630182939000,0.0
1630182969000,0.0
1630182999000,0.0006146281499692684
1630183029000,0.0
1630183059000,0.0
1630183089000,0.0
1630183119000,0.0
1630183149000,0.0
1630183179000,0.0005984440454817473
1630183209000,0.0
1630183239000,0.0005998800239952009
1630183269000,0.0
1630183299000,0.0
1630183329000,0.0
1630183359000,0.0
1630183389000,0.0
1630183419000,0.0
1630183449000,0.0
1630183479000,0.0
1630183509000,0.0
1630183539000,0.0
1630183569000,0.0
1630183599000,0.0006067961165048543
1630183629000,0.0
1630183659000,0.0006138735420503376
1630183689000,0.0
1630183719000,0.0
1630183749000,0.0
1630183779000,0.0006093845216331506
1630183809000,0.0
1630183839000,0.0
1630183869000,0.0
1630183899000,0.0005892751915144372
1630183929000,0.0
1630183959000,0.0006031363088057902
1630183989000,0.0
1630184019000,0.0
1630184049000,0.0
1630184079000,0.0
1630184109000,0.0
1630184139000,0.0
1630184169000,0.0
1630184199000,0.0006112469437652813
1630184229000,0.0
1630184259000,0.0
1630184289000,0.0
1630184319000,0.0
1630184349000,0.0005917159763313611
1630184379000,0.0006020469596628537
1630184409000,0.0
1630184439000,0.0
1630184469000,0.0
1630184499000,0.0
1630184529000,0.0
1630184559000,0.0006056935190793457
1630184589000,0.0
1630184619000,0.0
1630184649000,0.0006013229104028864
1630184679000,0.0
1630184709000,0.0
1630184739000,0.0
1630184769000,0.0
1630184799000,0.0
1630184829000,0.0006203473945409428
1630184859000,0.0
1630184889000,0.0
1630184919000,0.0006045949214026603
1630184949000,0.0006038647342995169
1630184979000,0.0
1630185009000,0.0
1630185039000,0.0
1630185069000,0.0
1630185099000,0.0006075334143377885
1630185129000,0.0
1630185159000,0.0
1630185189000,0.0005984440454817473
1630185219000,0.0
1630185249000,0.0006042296072507553
1630185279000,0.0
1630185309000,0.0
1630185339000,0.0
1630185369000,0.0005991611743559018
1630185399000,0.0
1630185429000,0.0
1630185459000,0.0006067961165048543
1630185489000,0.0005955926146515784
1630185519000,0.0
1630185549000,0.0
1630185579000,0.0012368583797155227
1630185609000,0.0
1630185639000,0.0006042296072507553
1630185669000,0.0
1630185699000,0.0
1630185729000,0.0
1630185759000,0.0006053268765133173
1630185789000,0.0
1630185819000,0.0006027727546714887
1630185849000,0.0
1630185879000,0.0
1630185909000,0.0
1630185939000,0.0006161429451632778
1630185969000,0.0
1630185999000,0.0
1630186029000,0.0
1630186059000,0.0
1630186089000,0.0006064281382656155
1630186119000,0.0005984440454817473
1630186149000,0.0006053268765133173
1630186179000,0.0006053268765133173
1630186209000,0.0
1630186239000,0.0006071645415907711
1630186269000,0.0006119951040391675
1630186299000,0.0
1630186329000,0.0
1630186359000,0.0005963029218843173
1630186389000,0.0
1630186419000,0.0
1630186449000,0.0
1630186479000,0.0006116207951070336
1630186509000,0.0006105006105006105
1630186539000,0.0006079027355623102
1630186569000,0.0
1630186599000,0.0
1630186629000,0.0
1630186659000,0.0
1630186689000,0.0006064281382656155
1630186719000,0.0
1630186749000,0.0
1630186779000,0.0
1630186809000,0.0
1630186839000,0.0
1630186869000,0.0
1630186899000,0.0006071645415907711
1630186929000,0.0
1630186959000,0.0005973715651135006
1630186989000,0.0
1630187019000,0.0012300123001230013
1630187049000,0.0
1630187079000,0.0
1630187109000,0.0
1630187139000,0.0005977286312014345
1630187169000,0.0
1630187199000,0.0
1630187229000,0.0
1630187259000,0.0
1630187289000,0.0
1630187319000,0.0
1630187349000,0.0
1630187379000,0.0006013229104028864
1630187409000,0.0
1630187439000,0.0006053268765133173
1630187469000,0.0
1630187499000,0.0006082725060827251
1630187529000,0.0
1630187559000,0.0
1630187589000,0.0
1630187619000,0.0
1630187649000,0.0
1630187679000,0.0
1630187709000,0.0
1630187739000,0.0
1630187769000,0.0
1630187799000,0.0
1630187829000,0.0006042296072507553
1630187859000,0.0
1630187889000,0.0
1630187919000,0.0
1630187949000,0.0
1630187979000,0.0006131207847946045
1630188009000,0.0
1630188039000,0.0005948839976204639
1630188069000,0.0
1630188099000,0.0
1630188129000,0.0
1630188159000,0.0
1630188189000,0.0
1630188219000,0.0005934718100890207
1630188249000,0.0
1630188279000,0.0
1630188309000,0.0
1630188339000,0.0
1630188369000,0.0
1630188399000,0.0
1630188429000,0.0006119951040391675
1630188459000,0.0006218905472636817
1630188489000,0.0
1630188519000,0.0
1630188549000,0.0006082725060827251
1630188579000,0.0
1630188609000,0.0
1630188639000,0.0
1630188669000,0.0006086427267194157
1630188699000,0.0
1630188729000,0.0
1630188759000,0.0
1630188789000,0.0
1630188819000,0.0
1630188849000,0.0
1630188879000,0.0
1630188909000,0.0
1630188939000,0.0
1630188969000,0.0
1630188999000,0.0
1630189029000,0.0
1630189059000,0.0
1630189089000,0.0006090133982947625
1630189119000,0.0
1630189149000,0.0
1630189179000,0.0006119951040391675
1630189209000,0.0
1630189239000,0.0
1630189269000,0.0
1630189299000,0.0
1630189329000,0.0
1630189359000,0.0006064281382656155
1630189389000,0.0
1630189419000,0.0
1630189449000,0.0006056935190793457
1630189479000,0.0
1630189509000,0.0
1630189539000,0.0
1630189569000,0.0
1630189599000,0.0
1630189629000,0.0
1630189659000,0.0006027727546714887
1630189689000,0.0
1630189719000,0.0
1630189749000,0.0
1630189779000,0.0005966587112171838
1630189809000,0.0
1630189839000,0.0
1630189869000,0.0006108735491753207
1630189899000,0.0
1630189929000,0.0
1630189959000,0.0
1630189989000,0.0006169031462060457
1630190019000,0.0
1630190049000,0.0
1630190079000,0.0
1630190109000,0.0006172839506172839
1630190139000,0.0
1630190169000,0.0005980861244019139
1630190199000,0.0
1630190229000,0.0
1630190259000,0.0
1630190289000,0.0006172839506172839
1630190319000,0.0
1630190349000,0.0006138735420503376
1630190379000,0.0005948839976204639
1630190409000,0.0
1630190439000,0.0
1630190469000,0.0
1630190499000,0.0006053268765133173
1630190529000,0.0006006006006006006
1630190559000,0.0006230529595015578
1630190589000,0.0
1630190619000,0.0
1630190649000,0.0
1630190679000,0.0
1630190709000,0.0
1630190739000,0.0
1630190769000,0.0
1630190799000,0.0
1630190829000,0.0
1630190859000,0.0006031363088057902
1630190889000,0.0005980861244019139
1630190919000,0.0
1630190949000,0.0
1630190979000,0.0006006006006006006
1630191009000,0.0006020469596628537
1630191039000,0.0005952380952380952
1630191069000,0.0
1630191099000,0.0006016847172081829
1630191129000,0.0006053268765133173
1630191159000,0.0
1630191189000,0.0006105006105006105
1630191219000,0.0
1630191249000,0.0
1630191279000,0.0
1630191309000,0.0
1630191339000,0.0
1630191369000,0.0
1630191399000,0.0
1630191429000,0.0
1630191459000,0.0006153846153846153
1630191489000,0.0
1630191519000,0.0006056935190793457
1630191549000,0.0
1630191579000,0.0
1630191609000,0.0
1630191639000,0.0
1630191669000,0.001221001221001221
1630191699000,0.0
1630191729000,0.0006101281269066504
1630191759000,0.0006086427267194157
1630191789000,0.0006045949214026603
1630191819000,0.0
1630191849000,0.0
1630191879000,0.0
1630191909000,0.0
1630191939000,0.0
1630191969000,0.0
1630191999000,0.0
1630192029000,0.0
1630192059000,0.0
1630192089000,0.0005973715651135006
1630192119000,0.0006031363088057902
1630192149000,0.0006176652254478072
1630192179000,0.0
1630192209000,0.0006016847172081829
1630192239000,0.0006116207951070336
1630192269000,0.0
1630192299000,0.0006016847172081829
1630192329000,0.0
1630192359000,0.0
1630192389000,0.0006064281382656155
1630192419000,0.0
1630192449000,0.0
1630192479000,0.0
1630192509000,0.0
1630192539000,0.0006195786864931846
1630192569000,0.0
1630192599000,0.0006024096385542169
1630192629000,0.0
1630192659000,0.0
1630192689000,0.0
1630192719000,0.0
1630192749000,0.0
1630192779000,0.0
1630192809000,0.0006056935190793457
1630192839000,0.0
1630192869000,0.0
1630192899000,0.0006127450980392157
1630192929000,0.0
1630192959000,0.0
1630192989000,0.0006031363088057902
1630193019000,0.0006097560975609756
1630193049000,0.0
1630193079000,0.0005917159763313611
1630193109000,0.0
1630193139000,0.0
1630193169000,0.0
1630193199000,0.0
1630193229000,0.0006038647342995169
1630193259000,0.0005963029218843173
1630193289000,0.0
1630193319000,0.0
1630193349000,0.0005952380952380952
1630193379000,0.0
1630193409000,0.0006006006006006006
1630193439000,0.0
1630193469000,0.0
1630193499000,0.0
1630193529000,0.0006097560975609756
1630193559000,0.0
1630193589000,0.0006013229104028864
1630193619000,0.0005927682276229994
1630193649000,0.0006123698714023269
1630193679000,0.0
1630193709000,0.0
1630193739000,0.0006024096385542169
1630193769000,0.0
1630193799000,0.0006146281499692684
1630193829000,0.0006002400960384152
1630193859000,0.0006119951040391675
1630193889000,0.0006093845216331506
1630193919000,0.0006053268765133173
1630193949000,0.0
1630193979000,0.0005865102639296188
1630194009000,0.0
1630194039000,0.0005963029218843173
1630194069000,0.0
1630194099000,0.0
1630194129000,0.0
1630194159000,0.0005955926146515784
1630194189000,0.0
1630194219000,0.0
1630194249000,0.0
1630194279000,0.0005966587112171838
1630194309000,0.0006161429451632778
1630194339000,0.0
1630194369000,0.0
1630194399000,0.0005970149253731342
1630194429000,0.0006146281499692684
1630194459000,0.0
1630194489000,0.0
1630194519000,0.0005910165484633571
1630194549000,0.0006071645415907711
1630194579000,0.0006180469715698393
1630194609000,0.0
1630194639000,0.0
1630194669000,0.0
1630194699000,0.0
1630194729000,0.0
1630194759000,0.0
1630194789000,0.0
1630194819000,0.0006027727546714887
1630194849000,0.0
1630194879000,0.0
1630194909000,0.0006024096385542169
1630194939000,0.0
1630194969000,0.0
1630194999000,0.0
1630195029000,0.0
1630195059000,0.0
1630195089000,0.0006157635467980296
1630195119000,0.0
1630195149000,0.0006105006105006105
1630195179000,0.0
1630195209000,0.0
1630195239000,0.0
1630195269000,0.0
1630195299000,0.0
1630195329000,0.0
1630195359000,0.0
1630195389000,0.0005952380952380952
1630195419000,0.0006060606060606062
1630195449000,0.0
1630195479000,0.0006045949214026603
1630195509000,0.0006199628022318662
1630195539000,0.0
1630195569000,0.0005934718100890207
1630195599000,0.0
1630195629000,0.0
1630195659000,0.0
1630195689000,0.0006090133982947625
1630195719000,0.0
1630195749000,0.0
1630195779000,0.0
1630195809000,0.0
1630195839000,0.0
1630195869000,0.0
1630195899000,0.0
1630195929000,0.0005899705014749262
1630195959000,0.0
1630195989000,0.0006067961165048543
1630196019000,0.0
1630196049000,0.0006060606060606062
1630196079000,0.0
1630196109000,0.0
1630196139000,0.0
1630196169000,0.0
1630196199000,0.0
1630196229000,0.0006090133982947625
1630196259000,0.0005995203836930455
1630196289000,0.0
1630196319000,0.0006146281499692684
1630196349000,0.0
1630196379000,0.0
1630196409000,0.0
1630196439000,0.0
1630196469000,0.0
1630196499000,0.0006097560975609756
1630196529000,0.0
1630196559000,0.0012172854534388314
1630196589000,0.0
1630196619000,0.0
1630196649000,0.0
1630196679000,0.0
1630196709000,0.0
1630196739000,0.0
1630196769000,0.0
1630196799000,0.0
1630196829000,0.0
1630196859000,0.0006024096385542169
1630196889000,0.0
1630196919000,0.0
1630196949000,0.0
1630196979000,0.0
1630197009000,0.0
1630197039000,0.0
1630197069000,0.0006053268765133173
1630197099000,0.0
1630197129000,0.0
1630197159000,0.0
1630197189000,0.0
1630197219000,0.0
1630197249000,0.0
1630197279000,0.0
1630197309000,0.0
1630197339000,0.0
1630197369000,0.0
1630197399000,0.0
1630197429000,0.0
1630197459000,0.0
1630197489000,0.0006020469596628537
1630197519000,0.0
1630197549000,0.0005980861244019139
1630197579000,0.0006123698714023269
1630197609000,0.0
1630197639000,0.0
1630197669000,0.0
1630197699000,0.0
1630197729000,0.0
1630197759000,0.0
1630197789000,0.0
1630197819000,0.0006075334143377885
1630197849000,0.0
1630197879000,0.0006060606060606062
1630197909000,0.0
1630197939000,0.0
1630197969000,0.0
1630197999000,0.0
1630198029000,0.0012165450121654502
1630198059000,0.0
1630198089000,0.0006207324643078832
1630198119000,0.0
1630198149000,0.0
1630198179000,0.0
1630198209000,0.0
1630198239000,0.0
1630198269000,0.0
1630198299000,0.0
1630198329000,0.0
1630198359000,0.0006060606060606062
1630198389000,0.0
1630198419000,0.0005998800239952009
1630198449000,0.0
1630198479000,0.0
1630198509000,0.0005910165484633571
1630198539000,0.0
1630198569000,0.0006142506142506142
1630198599000,0.0006024096385542169
1630198629000,0.0
1630198659000,0.0
1630198689000,0.0
1630198719000,0.0006042296072507553
1630198749000,0.0006116207951070336
1630198779000,0.0
1630198809000,0.0
1630198839000,0.0
1630198869000,0.0
1630198899000,0.0005896226415094339
1630198929000,0.0
1630198959000,0.0006093845216331506
1630198989000,0.0
1630199019000,0.0006002400960384152
1630199049000,0.0006027727546714887
1630199079000,0.0
1630199109000,0.0
1630199139000,0.0
1630199169000,0.0
1630199199000,0.0
1630199229000,0.0
1630199259000,0.0
1630199289000,0.0
1630199319000,0.0
1630199349000,0.0005980861244019139
1630199379000,0.0006086427267194157
1630199409000,0.0
1630199439000,0.0005970149253731342
1630199469000,0.0
1630199499000,0.0006161429451632778
1630199529000,0.0
1630199559000,0.0
1630199589000,0.0
1630199619000,0.0
1630199649000,0.0
1630199679000,0.0006056935190793457
1630199709000,0.0
1630199739000,0.0
1630199769000,0.0
1630199799000,0.0006075334143377885
1630199829000,0.0
1630199859000,0.0
1630199889000,0.0
1630199919000,0.0
1630199949000,0.0006049606775559589
1630199979000,0.0
1630200009000,0.0006038647342995169
1630200039000,0.0
1630200069000,0.0006101281269066504
1630200099000,0.0005896226415094339
1630200129000,0.0
1630200159000,0.0006101281269066504
1630200189000,0.0006045949214026603
1630200219000,0.0
1630200249000,0.0
1630200279000,0.0
1630200309000,0.0
1630200339000,0.0006031363088057902
1630200369000,0.0
1630200399000,0.0006082725060827251
1630200429000,0.0
1630200459000,0.0
1630200489000,0.0005980861244019139
1630200519000,0.0
1630200549000,0.0
1630200579000,0.0
1630200609000,0.0
1630200639000,0.0006056935190793457
1630200669000,0.0
1630200699000,0.0
1630200729000,0.0
1630200759000,0.0
1630200789000,0.0
1630200819000,0.0006105006105006105
1630200849000,0.0
1630200879000,0.0006097560975609756
1630200909000,0.0
1630200939000,0.0
1630200969000,0.0
1630200999000,0.0
1630201029000,0.0006035003017501509
1630201059000,0.0006071645415907711
1630201089000,0.0
1630201119000,0.0006079027355623102
1630201149000,0.0
1630201179000,0.0006188118811881187
1630201209000,0.0006123698714023269
1630201239000,0.0
1630201269000,0.0
1630201299000,0.0
1630201329000,0.0
1630201359000,0.0005931198102016608
1630201389000,0.0
1630201419000,0.0
1630201449000,0.0
1630201479000,0.0
1630201509000,0.0
1630201539000,0.0
1630201569000,0.0005980861244019139
1630201599000,0.0
1630201629000,0.0
1630201659000,0.0006020469596628537
1630201689000,0.0
1630201719000,0.0006013229104028864
1630201749000,0.0
1630201779000,0.0
1630201809000,0.0
1630201839000,0.0
1630201869000,0.0006053268765133173
1630201899000,0.0
1630201929000,0.0
1630201959000,0.0
1630201989000,0.0
1630202019000,0.0
1630202049000,0.0
1630202079000,0.0006006006006006006
1630202109000,0.0
1630202139000,0.0
1630202169000,0.0006146281499692684
1630202199000,0.0
1630202229000,0.0012062726176115801
1630202259000,0.0006049606775559589
1630202289000,0.0
1630202319000,0.0
1630202349000,0.0005966587112171838
1630202379000,0.0006112469437652813
1630202409000,0.0
1630202439000,0.0
1630202469000,0.0005991611743559018
1630202499000,0.0005998800239952009
1630202529000,0.0006002400960384152
1630202559000,0.0
1630202589000,0.0006049606775559589
1630202619000,0.0
1630202649000,0.0
1630202679000,0.0006097560975609756
1630202709000,0.0
1630202739000,0.0
1630202769000,0.0
1630202799000,0.0
1630202829000,0.0
1630202859000,0.0
1630202889000,0.0
1630202919000,0.0
1630202949000,0.0005955926146515784
1630202979000,0.0
1630203009000,0.0
1630203039000,0.0
1630203069000,0.0005984440454817473
1630203099000,0.0
1630203129000,0.0006127450980392157
1630203159000,0.0
1630203189000,0.0
1630203219000,0.0
1630203249000,0.0
1630203279000,0.0006002400960384152
1630203309000,0.0
1630203339000,0.0
1630203369000,0.0
1630203399000,0.0
1630203429000,0.0006060606060606062
1630203459000,0.0006086427267194157
1630203489000,0.0005973715651135006
1630203519000,0.0
1630203549000,0.0006067961165048543
1630203579000,0.0
1630203609000,0.0
1630203639000,0.0006002400960384152
1630203669000,0.0006060606060606062
1630203699000,0.0
1630203729000,0.0
1630203759000,0.0006134969325153375
1630203789000,0.0
1630203819000,0.0006038647342995169
1630203849000,0.0
1630203879000,0.0
1630203909000,0.0
1630203939000,0.0006097560975609756
1630203969000,0.0006082725060827251
1630203999000,0.0
1630204029000,0.0006108735491753207
1630204059000,0.0
1630204089000,0.0
1630204119000,0.0006131207847946045
1630204149000,0.0
1630204179000,0.0
1630204209000,0.0
1630204239000,0.0006097560975609756
1630204269000,0.0006060606060606062
1630204299000,0.0
1630204329000,0.0
1630204359000,0.0
1630204389000,0.0
1630204419000,0.0006082725060827251
1630204449000,0.0005980861244019139
1630204479000,0.0
1630204509000,0.0
1630204539000,0.0
1630204569000,0.0
1630204599000,0.0
1630204629000,0.0
1630204659000,0.0
1630204689000,0.0
1630204719000,0.0
1630204749000,0.0006211180124223603
1630204779000,0.0006024096385542169
1630204809000,0.0
1630204839000,0.0006123698714023269
1630204869000,0.0
1630204899000,0.0005941770647653001
1630204929000,0.0
1630204959000,0.001218026796589525
1630204989000,0.0
1630205019000,0.0
1630205049000,0.0
1630205079000,0.0
1630205109000,0.0
1630205139000,0.0
1630205169000,0.0
1630205199000,0.0005941770647653001
1630205229000,0.0
1630205259000,0.0006079027355623102
1630205289000,0.0
1630205319000,0.0
1630205349000,0.0
1630205379000,0.0
1630205409000,0.0
1630205439000,0.0006082725060827251
1630205469000,0.0006009615384615385
1630205499000,0.0
1630205529000,0.0006199628022318662
1630205559000,0.0006053268765133173
1630205589000,0.0006131207847946045
1630205619000,0.0
1630205649000,0.0
1630205679000,0.0
1630205709000,0.0
1630205739000,0.0006016847172081829
1630205769000,0.0
1630205799000,0.0
1630205829000,0.0
1630205859000,0.0
1630205889000,0.0
1630205919000,0.0006075334143377885
1630205949000,0.0005977286312014345
1630205979000,0.0
1630206009000,0.0
1630206039000,0.0
1630206069000,0.0
1630206099000,0.0
1630206129000,0.0
1630206159000,0.0006203473945409428
1630206189000,0.0
1630206219000,0.0006024096385542169
1630206249000,0.0006002400960384152
1630206279000,0.0
1630206309000,0.0006153846153846153
1630206339000,0.0
1630206369000,0.0
1630206399000,0.0006060606060606062
1630206429000,0.0
1630206459000,0.0005896226415094339
1630206489000,0.0006035003017501509
1630206519000,0.0005945303210463732
1630206549000,0.0
1630206579000,0.0
1630206609000,0.0006086427267194157
1630206639000,0.0
1630206669000,0.0005988023952095807
1630206699000,0.0
1630206729000,0.0
1630206759000,0.0006042296072507553
1630206789000,0.0
1630206819000,0.0
1630206849000,0.0
1630206879000,0.0005977286312014345
1630206909000,0.0
1630206939000,0.0
1630206969000,0.0006027727546714887
1630206999000,0.0
1630207029000,0.0
1630207059000,0.0
1630207089000,0.0005973715651135006
1630207119000,0.0006071645415907711
1630207149000,0.0
1630207179000,0.0011750881316098707
1630207209000,0.0
1630207239000,0.0
1630207269000,0.0
1630207299000,0.0
1630207329000,0.0
1630207359000,0.0
1630207389000,0.0
1630207419000,0.0
1630207449000,0.0
1630207479000,0.0006002400960384152
1630207509000,0.0
1630207539000,0.0
1630207569000,0.0
1630207599000,0.0
1630207629000,0.0
1630207659000,0.0006027727546714887
1630207689000,0.0005938242280285036
1630207719000,0.0012062726176115801
1630207749000,0.0
1630207779000,0.0006071645415907711
1630207809000,0.0
1630207839000,0.0012106537530266347
1630207869000,0.0006045949214026603
1630207899000,0.0005878894767783657
1630207929000,0.0
1630207959000,0.0
1630207989000,0.0006123698714023269
1630208019000,0.0006056935190793457
1630208049000,0.0
1630208079000,0.0
1630208109000,0.0
1630208139000,0.0
1630208169000,0.0
1630208199000,0.0
1630208229000,0.0
1630208259000,0.0
1630208289000,0.0
1630208319000,0.0006013229104028864
1630208349000,0.0006119951040391675
1630208379000,0.0
1630208409000,0.0
1630208439000,0.0
1630208469000,0.0
1630208499000,0.0006097560975609756
1630208529000,0.0005955926146515784
1630208559000,0.0
1630208589000,0.0
1630208619000,0.0006184291898577612
1630208649000,0.0
1630208679000,0.0
1630208709000,0.0006024096385542169
1630208739000,0.0005980861244019139
1630208769000,0.0
1630208799000,0.0
1630208829000,0.0006064281382656155
1630208859000,0.0
1630208889000,0.0012247397428046538
1630208919000,0.0
1630208949000,0.0
1630208979000,0.0
1630209009000,0.0006024096385542169
1630209039000,0.0
1630209069000,0.0
1630209099000,0.0
1630209129000,0.0
1630209159000,0.0
1630209189000,0.0
1630209219000,0.0
1630209249000,0.0
1630209279000,0.0005952380952380952
1630209309000,0.0
1630209339000,0.0
1630209369000,0.0006053268765133173
1630209399000,0.0005903187721369539
1630209429000,0.0
1630209459000,0.0
1630209489000,0.0
1630209519000,0.0
1630209549000,0.0
1630209579000,0.0006038647342995169
1630209609000,0.0
1630209639000,0.0
1630209669000,0.0
1630209699000,0.0
1630209729000,0.0
1630209759000,0.0
1630209789000,0.0
1630209819000,0.0006082725060827251
1630209849000,0.0006134969325153375
1630209879000,0.0
1630209909000,0.0
1630209939000,0.0
1630209969000,0.0006082725060827251
1630209999000,0.0006045949214026603
1630210029000,0.0
1630210059000,0.0006060606060606062
1630210089000,0.0
1630210119000,0.0
1630210149000,0.0006153846153846153
1630210179000,0.0005910165484633571
1630210209000,0.0006038647342995169
1630210239000,0.0
1630210269000,0.0006119951040391675
1630210299000,0.0
1630210329000,0.0006138735420503376
1630210359000,0.0
1630210389000,0.0006075334143377885
1630210419000,0.0
1630210449000,0.0006127450980392157
1630210479000,0.0
1630210509000,0.0
1630210539000,0.0
1630210569000,0.0
1630210599000,0.0
1630210629000,0.0
1630210659000,0.0
1630210689000,0.0
1630210719000,0.0
1630210749000,0.0
1630210779000,0.0
1630210809000,0.0
1630210839000,0.0
1630210869000,0.0
1630210899000,0.0006093845216331506
1630210929000,0.0006127450980392157
1630210959000,0.0006180469715698393
1630210989000,0.0
1630211019000,0.0
1630211049000,0.0
1630211079000,0.0006053268765133173
1630211109000,0.0
1630211139000,0.000588235294117647
1630211169000,0.0
1630211199000,0.0
1630211229000,0.0
1630211259000,0.0
1630211289000,0.0
1630211319000,0.0
1630211349000,0.0006013229104028864
1630211379000,0.0006086427267194157
1630211409000,0.0006020469596628537
1630211439000,0.0
1630211469000,0.0
1630211499000,0.0005995203836930455
1630211529000,0.0006009615384615385
1630211559000,0.0
1630211589000,0.0
1630211619000,0.0
1630211649000,0.0
1630211679000,0.0
1630211709000,0.0005927682276229994
1630211739000,0.0012254901960784314
1630211769000,0.0006042296072507553
1630211799000,0.0012113870381586915
1630211829000,0.0006134969325153375
1630211859000,0.0
1630211889000,0.0006020469596628537
1630211919000,0.0006127450980392157
1630211949000,0.0006064281382656155
1630211979000,0.0005906674542232723
1630212009000,0.0006009615384615385
1630212039000,0.0
1630212069000,0.0005977286312014345
1630212099000,0.0
1630212129000,0.0
1630212159000,0.0
1630212189000,0.0
1630212219000,0.0006131207847946045
1630212249000,0.0006184291898577612
1630212279000,0.0
1630212309000,0.0
1630212339000,0.0
1630212369000,0.0005931198102016608
1630212399000,0.0
1630212429000,0.0005977286312014345
1630212459000,0.001195457262402869
1630212489000,0.0
1630212519000,0.0011926058437686346
1630212549000,0.0
1630212579000,0.0005948839976204639
1630212609000,0.0
1630212639000,0.0
1630212669000,0.0006002400960384152
1630212699000,0.0
1630212729000,0.0
1630212759000,0.0005889281507656067
1630212789000,0.0
1630212819000,0.0
1630212849000,0.0
1630212879000,0.0
1630212909000,0.0006142506142506142
1630212939000,0.0006119951040391675
1630212969000,0.0006006006006006006
1630212999000,0.0
1630213029000,0.0
1630213059000,0.0
1630213089000,0.0
1630213119000,0.0
1630213149000,0.0
1630213179000,0.0
1630213209000,0.0
1630213239000,0.0005998800239952009
1630213269000,0.0006067961165048543
1630213299000,0.0
1630213329000,0.0
1630213359000,0.0006188118811881187
1630213389000,0.0
1630213419000,0.0
1630213449000,0.001218026796589525
1630213479000,0.0012187690432663009
1630213509000,0.0
1630213539000,0.0
1630213569000,0.0
1630213599000,0.0006157635467980296
1630213629000,0.0
1630213659000,0.0006060606060606062
1630213689000,0.0005980861244019139
1630213719000,0.0
1630213749000,0.0
1630213779000,0.0
1630213809000,0.0
1630213839000,0.0
1630213869000,0.0
1630213899000,0.0006108735491753207
1630213929000,0.0006056935190793457
1630213959000,0.0
1630213989000,0.0
1630214019000,0.0006024096385542169
1630214049000,0.0
1630214079000,0.0006064281382656155
1630214109000,0.0006071645415907711
1630214139000,0.0
1630214169000,0.0005991611743559018
1630214199000,0.0
1630214229000,0.0
1630214259000,0.0
1630214289000,0.0
1630214319000,0.0005948839976204639
1630214349000,0.0
1630214379000,0.0
1630214409000,0.0006116207951070336
1630214439000,0.0
1630214469000,0.0
1630214499000,0.0
1630214529000,0.0
1630214559000,0.0005966587112171838
1630214589000,0.0
1630214619000,0.0
1630214649000,0.0
1630214679000,0.0006172839506172839
1630214709000,0.0006027727546714887
1630214739000,0.0
1630214769000,0.0
1630214799000,0.0
1630214829000,0.0
1630214859000,0.0
1630214889000,0.0
1630214919000,0.0006119951040391675
1630214949000,0.0
1630214979000,0.0005899705014749262
1630215009000,0.0005952380952380952
1630215039000,0.0
1630215069000,0.0005995203836930455
1630215099000,0.0
1630215129000,0.0012202562538133007
1630215159000,0.0006031363088057902
1630215189000,0.0011883541295306002
1630215219000,0.0
1630215249000,0.0
1630215279000,0.0
1630215309000,0.0
1630215339000,0.0
1630215369000,0.0006082725060827251
1630215399000,0.0
1630215429000,0.0
1630215459000,0.0
1630215489000,0.0
1630215519000,0.0006042296072507553
1630215549000,0.0
1630215579000,0.0
1630215609000,0.0
1630215639000,0.0
1630215669000,0.0
1630215699000,0.0
1630215729000,0.0006146281499692684
1630215759000,0.0
1630215789000,0.0
1630215819000,0.0
1630215849000,0.0
1630215879000,0.0
1630215909000,0.0
1630215939000,0.0005938242280285036
1630215969000,0.0
1630215999000,0.0011897679952409279
1630216029000,0.0
1630216059000,0.0
1630216089000,0.0
1630216119000,0.0
1630216149000,0.0006101281269066504
1630216179000,0.0
1630216209000,0.0006053268765133173
1630216239000,0.0
1630216269000,0.0
1630216299000,0.0
1630216329000,0.0
1630216359000,0.0
1630216389000,0.0
1630216419000,0.0
1630216449000,0.0
1630216479000,0.0
1630216509000,0.0
1630216539000,0.0
1630216569000,0.0
1630216599000,0.0
1630216629000,0.0
1630216659000,0.0
1630216689000,0.0006093845216331506
1630216719000,0.0005875440658049354
1630216749000,0.0
1630216779000,0.0
1630216809000,0.0
1630216839000,0.0
1630216869000,0.0
1630216899000,0.0
1630216929000,0.0006195786864931846
1630216959000,0.0012224938875305626
1630216989000,0.0
1630217019000,0.0006027727546714887
1630217049000,0.0
1630217079000,0.0
1630217109000,0.0
1630217139000,0.0005991611743559018
1630217169000,0.0
1630217199000,0.0006031363088057902
1630217229000,0.0
1630217259000,0.0
1630217289000,0.0005941770647653001
1630217319000,0.0006024096385542169
1630217349000,0.0
1630217379000,0.0012376237623762374
1630217409000,0.0
1630217439000,0.0006195786864931846
1630217469000,0.0
1630217499000,0.0006009615384615385
1630217529000,0.0
1630217559000,0.0
1630217589000,0.0006112469437652813
1630217619000,0.0006042296072507553
1630217649000,0.0
1630217679000,0.0006016847172081829
1630217709000,0.0
1630217739000,0.0
1630217769000,0.0
1630217799000,0.0006169031462060457
1630217829000,0.0
1630217859000,0.0
1630217889000,0.0
1630217919000,0.0
1630217949000,0.0
1630217979000,0.0
1630218009000,0.0006090133982947625
1630218039000,0.0
1630218069000,0.0
1630218099000,0.0006049606775559589
1630218129000,0.001201923076923077
1630218159000,0.0006108735491753207
1630218189000,0.0
1630218219000,0.0006108735491753207
1630218249000,0.0
1630218279000,0.0
1630218309000,0.0
1630218339000,0.0
1630218369000,0.0
1630218399000,0.0
1630218429000,0.0006049606775559589
1630218459000,0.0006146281499692684
1630218489000,0.0
1630218519000,0.0006123698714023269
1630218549000,0.0
1630218579000,0.0006024096385542169
1630218609000,0.0
1630218639000,0.0
1630218669000,0.0
1630218699000,0.0
1630218729000,0.0
1630218759000,0.0
1630218789000,0.0006112469437652813
1630218819000,0.0
1630218849000,0.0005980861244019139
1630218879000,0.0
1630218909000,0.0006119951040391675
1630218939000,0.0006009615384615385
1630218969000,0.0
1630218999000,0.0
1630219029000,0.0006056935190793457
1630219059000,0.0006045949214026603
1630219089000,0.0
1630219119000,0.0
1630219149000,0.0
1630219179000,0.0
1630219209000,0.0
1630219239000,0.0005955926146515784
1630219269000,0.0
1630219299000,0.0
1630219329000,0.0
1630219359000,0.0005952380952380952
1630219389000,0.0
1630219419000,0.0
1630219449000,0.0
1630219479000,0.0006086427267194157
1630219509000,0.0
1630219539000,0.0
1630219569000,0.0006169031462060457
1630219599000,0.0006086427267194157
1630219629000,0.0
1630219659000,0.0
1630219689000,0.0
1630219719000,0.0
1630219749000,0.0
1630219779000,0.0005938242280285036
1630219809000,0.0
1630219839000,0.0
1630219869000,0.0012012012012012011
1630219899000,0.0006090133982947625
1630219929000,0.0
1630219959000,0.0006116207951070336
1630219989000,0.0
1630220019000,0.0
1630220049000,0.0006064281382656155
1630220079000,0.0005970149253731342
1630220109000,0.0
1630220139000,0.0
1630220169000,0.0
1630220199000,0.0
1630220229000,0.0005920663114268798
1630220259000,0.0011976047904191614
1630220289000,0.0006071645415907711
1630220319000,0.0
1630220349000,0.0006045949214026603
1630220379000,0.0
1630220409000,0.0
1630220439000,0.0006146281499692684
1630220469000,0.0
1630220499000,0.0
1630220529000,0.0
1630220559000,0.0
1630220589000,0.0
1630220619000,0.0
1630220649000,0.0
1630220679000,0.0
1630220709000,0.0
1630220739000,0.0005970149253731342
1630220769000,0.0006056935190793457
1630220799000,0.0
1630220829000,0.0
1630220859000,0.0
1630220889000,0.0006086427267194157
1630220919000,0.0006042296072507553
1630220949000,0.0
1630220979000,0.0006146281499692684
1630221009000,0.0
1630221039000,0.0
1630221069000,0.0
1630221099000,0.0
1630221129000,0.0
1630221159000,0.0006172839506172839
1630221189000,0.0
1630221219000,0.0
1630221249000,0.0
1630221279000,0.0
1630221309000,0.0005991611743559018
1630221339000,0.0006191950464396285
1630221369000,0.0
1630221399000,0.0
1630221429000,0.0006116207951070336
1630221459000,0.0
1630221489000,0.0
1630221519000,0.0011834319526627221
1630221549000,0.0
1630221579000,0.0
1630221609000,0.0
1630221639000,0.0006086427267194157
1630221669000,0.0
1630221699000,0.0
1630221729000,0.0
1630221759000,0.0
1630221789000,0.0
1630221819000,0.0
1630221849000,0.0
1630221879000,0.0006165228113440197
1630221909000,0.0006035003017501509
1630221939000,0.0005991611743559018
1630221969000,0.0
1630221999000,0.0
1630222029000,0.0006097560975609756
1630222059000,0.0
1630222089000,0.0
1630222119000,0.0
1630222149000,0.0
1630222179000,0.0005973715651135006
1630222209000,0.0
1630222239000,0.0
1630222269000,0.0
1630222299000,0.0
1630222329000,0.0
1630222359000,0.0
1630222389000,0.0005910165484633571
1630222419000,0.0
1630222449000,0.0
1630222479000,0.0
1630222509000,0.0
1630222539000,0.0
1630222569000,0.0
1630222599000,0.0
1630222629000,0.0
1630222659000,0.0
1630222689000,0.0
1630222719000,0.0
1630222749000,0.0
1630222779000,0.0
1630222809000,0.0
1630222839000,0.0
1630222869000,0.0005906674542232723
1630222899000,0.0
1630222929000,0.0
1630222959000,0.0
1630222989000,0.0
1630223019000,0.0012091898428053206
1630223049000,0.0
1630223079000,0.001223990208078335
1630223109000,0.0
1630223139000,0.0
1630223169000,0.0
1630223199000,0.0006002400960384152
1630223229000,0.0
1630223259000,0.0011918951132300355
1630223289000,0.0
1630223319000,0.0
1630223349000,0.0
1630223379000,0.0
1630223409000,0.0
1630223439000,0.0
1630223469000,0.0006016847172081829
1630223499000,0.0
1630223529000,0.0
1630223559000,0.0006138735420503376
1630223589000,0.0
1630223619000,0.0
1630223649000,0.0006157635467980296
1630223679000,0.0
1630223709000,0.0
1630223739000,0.0
1630223769000,0.0
1630223799000,0.0
1630223829000,0.0006127450980392157
1630223859000,0.0
1630223889000,0.0
1630223919000,0.0012077294685990338
1630223949000,0.0
1630223979000,0.0006045949214026603
1630224009000,0.0
1630224039000,0.0
1630224069000,0.0
1630224099000,0.0
1630224129000,0.0
1630224159000,0.0
1630224189000,0.0
1630224219000,0.0
1630224249000,0.0
1630224279000,0.0006131207847946045
1630224309000,0.0006123698714023269
1630224339000,0.0
1630224369000,0.0006075334143377885
1630224399000,0.0
1630224429000,0.0
1630224459000,0.0
1630224489000,0.0
1630224519000,0.0
1630224549000,0.0
1630224579000,0.0
1630224609000,0.0006112469437652813
1630224639000,0.0006049606775559589
1630224669000,0.0
1630224699000,0.0
1630224729000,0.0005952380952380952
1630224759000,0.0006049606775559589
1630224789000,0.0006105006105006105
1630224819000,0.0005991611743559018
1630224849000,0.0
1630224879000,0.0
1630224909000,0.0
1630224939000,0.0
1630224969000,0.0
1630224999000,0.0
1630225029000,0.0
1630225059000,0.0012106537530266347
1630225089000,0.0
1630225119000,0.0006131207847946045
1630225149000,0.0006035003017501509
1630225179000,0.0
1630225209000,0.0005938242280285036
1630225239000,0.0
1630225269000,0.0
1630225299000,0.0
1630225329000,0.0006127450980392157
1630225359000,0.0
1630225389000,0.0
1630225419000,0.0006035003017501509
1630225449000,0.0
1630225479000,0.0
1630225509000,0.0
1630225539000,0.0
1630225569000,0.0
1630225599000,0.0
1630225629000,0.0
1630225659000,0.0
1630225689000,0.0
1630225719000,0.0
1630225749000,0.0006131207847946045
1630225779000,0.0005913660555884093
1630225809000,0.0006172839506172839
1630225839000,0.0
1630225869000,0.0005977286312014345
1630225899000,0.0
1630225929000,0.0
1630225959000,0.0
1630225989000,0.0006060606060606062
1630226019000,0.0006035003017501509
1630226049000,0.0
1630226079000,0.0
1630226109000,0.0
1630226139000,0.0
1630226169000,0.0012247397428046538
1630226199000,0.0
1630226229000,0.0
1630226259000,0.0
1630226289000,0.0
1630226319000,0.0
1630226349000,0.0005885815185403178
1630226379000,0.0
1630226409000,0.0
1630226439000,0.0006131207847946045
1630226469000,0.0006119951040391675
1630226499000,0.0
1630226529000,0.0005959475566150177
1630226559000,0.0
1630226589000,0.0
1630226619000,0.0
1630226649000,0.0006020469596628537
1630226679000,0.0011976047904191614
1630226709000,0.0
1630226739000,0.0
1630226769000,0.0
1630226799000,0.0005830903790087462
1630226829000,0.0
1630226859000,0.0
1630226889000,0.0
1630226919000,0.0
1630226949000,0.0
1630226979000,0.0006013229104028864
1630227009000,0.0005910165484633571
1630227039000,0.0
1630227069000,0.0006165228113440197
1630227099000,0.0011695906432748536
1630227129000,0.0
1630227159000,0.0006042296072507553
1630227189000,0.0
1630227219000,0.0
1630227249000,0.0
1630227279000,0.0
1630227309000,0.0005991611743559018
1630227339000,0.0
1630227369000,0.0
1630227399000,0.0
1630227429000,0.0
1630227459000,0.0
1630227489000,0.0
1630227519000,0.0
1630227549000,0.0
1630227579000,0.0
1630227609000,0.0
1630227639000,0.0006116207951070336
1630227669000,0.0006127450980392157
1630227699000,0.0006097560975609756
1630227729000,0.0006067961165048543
1630227759000,0.0006038647342995169
1630227789000,0.0
1630227819000,0.0
1630227849000,0.0
1630227879000,0.0005927682276229994
1630227909000,0.0
1630227939000,0.0
1630227969000,0.0006071645415907711
1630227999000,0.0006108735491753207
1630228029000,0.0
1630228059000,0.0
1630228089000,0.0
1630228119000,0.0
1630228149000,0.0011940298507462687
1630228179000,0.0
1630228209000,0.0
1630228239000,0.0
1630228269000,0.0
1630228299000,0.0
1630228329000,0.0
1630228359000,0.0005892751915144372
1630228389000,0.0
1630228419000,0.0
1630228449000,0.0012315270935960591
1630228479000,0.0006134969325153375
1630228509000,0.0
1630228539000,0.0
1630228569000,0.0
1630228599000,0.0
1630228629000,0.0
1630228659000,0.0
1630228689000,0.0
1630228719000,0.0
1630228749000,0.0
1630228779000,0.0
1630228809000,0.0
1630228839000,0.0
1630228869000,0.0
1630228899000,0.0
1630228929000,0.0
1630228959000,0.0
1630228989000,0.0
1630229019000,0.0
1630229049000,0.0
1630229079000,0.0
1630229109000,0.001212856276531231
1630229139000,0.0
1630229169000,0.0006056935190793457
1630229199000,0.0
1630229229000,0.0
1630229259000,0.0006006006006006006
1630229289000,0.0006013229104028864
1630229319000,0.0006150061500615006
1630229349000,0.0006071645415907711
1630229379000,0.0
1630229409000,0.0
1630229439000,0.0
1630229469000,0.0006049606775559589
1630229499000,0.0006067961165048543
1630229529000,0.0
1630229559000,0.0
1630229589000,0.0006108735491753207
1630229619000,0.0006157635467980296
1630229649000,0.0
1630229679000,0.0
1630229709000,0.0
1630229739000,0.0006108735491753207
1630229769000,0.0006150061500615006
1630229799000,0.0
1630229829000,0.0
1630229859000,0.0
1630229889000,0.0006016847172081829
1630229919000,0.0
1630229949000,0.0
1630229979000,0.0
1630230009000,0.0
1630230039000,0.0005899705014749262
1630230069000,0.0
1630230099000,0.0005988023952095807
1630230129000,0.0006150061500615006
1630230159000,0.0
1630230189000,0.0006049606775559589
1630230219000,0.0
1630230249000,0.0006150061500615006
1630230279000,0.0005995203836930455
1630230309000,0.0
1630230339000,0.0
1630230369000,0.0
1630230399000,0.0
1630230429000,0.0006071645415907711
1630230459000,0.0005998800239952009
1630230489000,0.0
1630230519000,0.0
1630230549000,0.0
1630230579000,0.0006123698714023269
1630230609000,0.0
1630230639000,0.0
1630230669000,0.0
1630230699000,0.0006153846153846153
1630230729000,0.0
1630230759000,0.0
1630230789000,0.0
1630230819000,0.0
1630230849000,0.0
1630230879000,0.0006119951040391675
1630230909000,0.0
1630230939000,0.0
1630230969000,0.0006119951040391675
1630230999000,0.0006038647342995169
1630231029000,0.0006002400960384152
1630231059000,0.0
1630231089000,0.0006079027355623102
1630231119000,0.0
1630231149000,0.0
1630231179000,0.0
1630231209000,0.0
1630231239000,0.0
1630231269000,0.0
1630231299000,0.0
1630231329000,0.0
1630231359000,0.0
1630231389000,0.0
1630231419000,0.0
1630231449000,0.0
1630231479000,0.0
1630231509000,0.0005977286312014345
1630231539000,0.0
1630231569000,0.0
1630231599000,0.0
1630231629000,0.0
1630231659000,0.0
1630231689000,0.0005973715651135006
1630231719000,0.0
1630231749000,0.0
1630231779000,0.0
1630231809000,0.0
1630231839000,0.0006086427267194157
1630231869000,0.0006191950464396285
1630231899000,0.0
1630231929000,0.0
1630231959000,0.0
1630231989000,0.0
1630232019000,0.0
1630232049000,0.0
1630232079000,0.0
1630232109000,0.0005973715651135006
1630232139000,0.0
1630232169000,0.0
1630232199000,0.0005995203836930455
1630232229000,0.0
1630232259000,0.0
1630232289000,0.0
1630232319000,0.0006042296072507553
1630232349000,0.0
1630232379000,0.0006146281499692684
1630232409000,0.0
1630232439000,0.0
1630232469000,0.0005896226415094339
1630232499000,0.0006150061500615006
1630232529000,0.0
1630232559000,0.0
1630232589000,0.0
1630232619000,0.0006035003017501509
1630232649000,0.0
1630232679000,0.0005941770647653001
1630232709000,0.0
1630232739000,0.0
1630232769000,0.0
1630232799000,0.0
1630232829000,0.0006053268765133173
1630232859000,0.0
1630232889000,0.0
1630232919000,0.0006053268765133173
1630232949000,0.0
1630232979000,0.0006002400960384152
1630233009000,0.0
1630233039000,0.0
1630233069000,0.0006105006105006105
1630233099000,0.0006006006006006006
1630233129000,0.0
1630233159000,0.0
1630233189000,0.0
1630233219000,0.0
1630233249000,0.0
1630233279000,0.0006116207951070336
1630233309000,0.0006108735491753207
1630233339000,0.0
1630233369000,0.0
1630233399000,0.0005980861244019139
1630233429000,0.0
1630233459000,0.0
1630233489000,0.0006067961165048543
1630233519000,0.0
1630233549000,0.0006172839506172839
1630233579000,0.0
1630233609000,0.0006042296072507553
1630233639000,0.0
1630233669000,0.0005938242280285036
1630233699000,0.0
1630233729000,0.0006027727546714887
1630233759000,0.0
1630233789000,0.0
1630233819000,0.0
1630233849000,0.0006056935190793457
1630233879000,0.0
1630233909000,0.0
1630233939000,0.0006079027355623102
1630233969000,0.0006079027355623102
1630233999000,0.0
1630234029000,0.0006112469437652813
1630234059000,0.0
1630234089000,0.0
1630234119000,0.0
1630234149000,0.0006024096385542169
1630234179000,0.0
1630234209000,0.0
1630234239000,0.0
1630234269000,0.0005970149253731342
1630234299000,0.0
1630234329000,0.0
1630234359000,0.0
1630234389000,0.0
1630234419000,0.0
1630234449000,0.0
1630234479000,0.0
1630234509000,0.0
1630234539000,0.0006042296072507553
1630234569000,0.0006211180124223603
1630234599000,0.0
1630234629000,0.0006131207847946045
1630234659000,0.0006157635467980296
1630234689000,0.0005924170616113746
1630234719000,0.0006127450980392157
1630234749000,0.0
1630234779000,0.0
1630234809000,0.0
1630234839000,0.0005998800239952009
1630234869000,0.0
1630234899000,0.0
1630234929000,0.0006009615384615385
1630234959000,0.0
1630234989000,0.0006045949214026603
1630235019000,0.0
1630235049000,0.0006157635467980296
1630235079000,0.0
1630235109000,0.0006116207951070336
1630235139000,0.0
1630235169000,0.0
1630235199000,0.0
1630235229000,0.0
1630235259000,0.0006105006105006105
1630235289000,0.0
1630235319000,0.0
1630235349000,0.0
1630235379000,0.0
1630235409000,0.0
1630235439000,0.0
1630235469000,0.0
1630235499000,0.0
1630235529000,0.0
1630235559000,0.0
1630235589000,0.0
1630235619000,0.0
1630235649000,0.0011723329425556855
1630235679000,0.0
1630235709000,0.0
1630235739000,0.0
1630235769000,0.0
1630235799000,0.0
1630235829000,0.0
1630235859000,0.0
1630235889000,0.0
1630235919000,0.0
1630235949000,0.0
1630235979000,0.0005977286312014345
1630236009000,0.0
1630236039000,0.0
1630236069000,0.0
1630236099000,0.0
1630236129000,0.0
1630236159000,0.0006064281382656155
1630236189000,0.0006006006006006006
1630236219000,0.0
1630236249000,0.0
1630236279000,0.0
1630236309000,0.0
1630236339000,0.0
1630236369000,0.0006013229104028864
1630236399000,0.0
1630236429000,0.0
1630236459000,0.0
1630236489000,0.0005952380952380952
1630236519000,0.0
1630236549000,0.0
1630236579000,0.0005934718100890207
1630236609000,0.0
1630236639000,0.0005871990604815032
1630236669000,0.0006165228113440197
1630236699000,0.0
1630236729000,0.0
1630236759000,0.0006031363088057902
1630236789000,0.0
1630236819000,0.0
1630236849000,0.0006161429451632778
1630236879000,0.0
1630236909000,0.0
1630236939000,0.0
1630236969000,0.0
1630236999000,0.0
1630237029000,0.0
1630237059000,0.0
1630237089000,0.0
1630237119000,0.0
1630237149000,0.0
1630237179000,0.0
1630237209000,0.0
1630237239000,0.0
1630237269000,0.0
1630237299000,0.0
1630237329000,0.0
1630237359000,0.0
1630237389000,0.0
1630237419000,0.0
1630237449000,0.0
1630237479000,0.0
1630237509000,0.0
1630237539000,0.0006013229104028864
1630237569000,0.0006045949214026603
1630237599000,0.001199040767386091
1630237629000,0.0
1630237659000,0.0
1630237689000,0.0006027727546714887
1630237719000,0.0
1630237749000,0.0
1630237779000,0.0
1630237809000,0.0
1630237839000,0.0006013229104028864
1630237869000,0.0006184291898577612
1630237899000,0.0
1630237929000,0.0006097560975609756
1630237959000,0.0006105006105006105
1630237989000,0.0006127450980392157
1630238019000,0.0
1630238049000,0.0006064281382656155
1630238079000,0.0006002400960384152
1630238109000,0.0
1630238139000,0.0
1630238169000,0.0006053268765133173
1630238199000,0.0
1630238229000,0.0006165228113440197
1630238259000,0.001215066828675577
1630238289000,0.0
1630238319000,0.0005948839976204639
1630238349000,0.0
1630238379000,0.0006169031462060457
1630238409000,0.0006218905472636817
1630238439000,0.0
1630238469000,0.0
1630238499000,0.0
1630238529000,0.0
1630238559000,0.0005903187721369539
1630238589000,0.0
1630238619000,0.0005941770647653001
1630238649000,0.0
1630238679000,0.000588235294117647
1630238709000,0.0
1630238739000,0.0
1630238769000,0.0006090133982947625
1630238799000,0.0006075334143377885
1630238829000,0.0006027727546714887
1630238859000,0.0
1630238889000,0.0
1630238919000,0.0
1630238949000,0.0
1630238979000,0.0
1630239009000,0.0
1630239039000,0.0
1630239069000,0.0006049606775559589
1630239099000,0.0
1630239129000,0.0
1630239159000,0.0
1630239189000,0.0
1630239219000,0.0
1630239249000,0.0
1630239279000,0.0005924170616113746
1630239309000,0.0
1630239339000,0.0
1630239369000,0.0
1630239399000,0.0
1630239429000,0.0
1630239459000,0.0
1630239489000,0.0
1630239519000,0.0
1630239549000,0.0
1630239579000,0.0
1630239609000,0.0
1630239639000,0.0
1630239669000,0.0006020469596628537
1630239699000,0.0
1630239729000,0.0006075334143377885
1630239759000,0.0
1630239789000,0.0
1630239819000,0.0005931198102016608
1630239849000,0.0012004801920768304
1630239879000,0.0
1630239909000,0.0
1630239939000,0.0
1630239969000,0.0
1630239999000,0.0006123698714023269
1630240029000,0.0
1630240059000,0.0
1630240089000,0.0
1630240119000,0.0
1630240149000,0.0
1630240179000,0.0
1630240209000,0.0006180469715698393
1630240239000,0.0
1630240269000,0.0
1630240299000,0.0
1630240329000,0.0
1630240359000,0.0
1630240389000,0.0006165228113440197
1630240419000,0.0
1630240449000,0.0006112469437652813
1630240479000,0.0
1630240509000,0.0006035003017501509
1630240539000,0.0
1630240569000,0.0
1630240599000,0.0
1630240629000,0.0005952380952380952
1630240659000,0.0
1630240689000,0.0006053268765133173
1630240719000,0.0
1630240749000,0.0
1630240779000,0.0
1630240809000,0.0
1630240839000,0.0
1630240869000,0.0011918951132300355
1630240899000,0.0
1630240929000,0.0
1630240959000,0.0006108735491753207
1630240989000,0.0
1630241019000,0.0
1630241049000,0.0
1630241079000,0.0
1630241109000,0.0
1630241139000,0.0006180469715698393
1630241169000,0.0
1630241199000,0.0
1630241229000,0.0
1630241259000,0.0
1630241289000,0.0
1630241319000,0.0
1630241349000,0.0006165228113440197
1630241379000,0.0006002400960384152
1630241409000,0.0
1630241439000,0.0
1630241469000,0.0
1630241499000,0.0
1630241529000,0.0
1630241559000,0.0005910165484633571
1630241589000,0.0
1630241619000,0.0005984440454817473
1630241649000,0.0
1630241679000,0.0
1630241709000,0.0
1630241739000,0.0006101281269066504
1630241769000,0.0005938242280285036
1630241799000,0.0
1630241829000,0.0005920663114268798
1630241859000,0.0
1630241889000,0.0
1630241919000,0.0005945303210463732
1630241949000,0.0
1630241979000,0.0
1630242009000,0.0
1630242039000,0.0
1630242069000,0.0
1630242099000,0.0
1630242129000,0.0
1630242159000,0.0006027727546714887
1630242189000,0.0006071645415907711
1630242219000,0.0
1630242249000,0.0006105006105006105
1630242279000,0.0
1630242309000,0.0
1630242339000,0.0
1630242369000,0.0
1630242399000,0.0005927682276229994
1630242429000,0.0006060606060606062
1630242459000,0.0
1630242489000,0.0006035003017501509
1630242519000,0.0006053268765133173
1630242549000,0.0
1630242579000,0.0
1630242609000,0.0
1630242639000,0.0
1630242669000,0.0005970149253731342
1630242699000,0.0006075334143377885
1630242729000,0.0006119951040391675
1630242759000,0.0
1630242789000,0.0011750881316098707
1630242819000,0.0
1630242849000,0.0005955926146515784
1630242879000,0.0006093845216331506
1630242909000,0.0
1630242939000,0.0005952380952380952
1630242969000,0.0
1630242999000,0.0
1630243029000,0.0
1630243059000,0.0
1630243089000,0.0
1630243119000,0.0006146281499692684
1630243149000,0.0005910165484633571
1630243179000,0.0
1630243209000,0.0
1630243239000,0.0
1630243269000,0.0
1630243299000,0.0
1630243329000,0.0
1630243359000,0.0005995203836930455
1630243389000,0.0006101281269066504
1630243419000,0.0
1630243449000,0.0006123698714023269
1630243479000,0.0
1630243509000,0.0
1630243539000,0.0
1630243569000,0.0
1630243599000,0.0
1630243629000,0.0006161429451632778
1630243659000,0.0006071645415907711
1630243689000,0.0005998800239952009
1630243719000,0.0
1630243749000,0.0
1630243779000,0.0006157635467980296
1630243809000,0.0
1630243839000,0.0
1630243869000,0.0
1630243899000,0.0
1630243929000,0.0
1630243959000,0.0006035003017501509
1630243989000,0.0
1630244019000,0.0
1630244049000,0.0006075334143377885
1630244079000,0.0006071645415907711
1630244109000,0.0006127450980392157
1630244139000,0.0006056935190793457
1630244169000,0.0006002400960384152
1630244199000,0.0
1630244229000,0.0006020469596628537
1630244259000,0.0
1630244289000,0.0006176652254478072
1630244319000,0.0
1630244349000,0.0006064281382656155
1630244379000,0.0006053268765133173
1630244409000,0.0
1630244439000,0.0006082725060827251
1630244469000,0.0
1630244499000,0.0
1630244529000,0.0
1630244559000,0.0
1630244589000,0.0
1630244619000,0.0
1630244649000,0.0
1630244679000,0.0
1630244709000,0.0
1630244739000,0.0
1630244769000,0.0
1630244799000,0.0
1630244829000,0.0006071645415907711
1630244859000,0.0
1630244889000,0.0005920663114268798
1630244919000,0.0006038647342995169
1630244949000,0.0
1630244979000,0.0
1630245009000,0.0
1630245039000,0.0
1630245069000,0.0006184291898577612
1630245099000,0.001221001221001221
1630245129000,0.0005991611743559018
1630245159000,0.0
1630245189000,0.0
1630245219000,0.0
1630245249000,0.0
1630245279000,0.0
1630245309000,0.0
1630245339000,0.0006013229104028864
1630245369000,0.0005920663114268798
1630245399000,0.0
1630245429000,0.0006042296072507553
1630245459000,0.0005984440454817473
1630245489000,0.0006067961165048543
1630245519000,0.0006006006006006006
1630245549000,0.0
1630245579000,0.0
1630245609000,0.0
1630245639000,0.0
1630245669000,0.0
1630245699000,0.0
1630245729000,0.0
1630245759000,0.0006045949214026603
1630245789000,0.0006024096385542169
1630245819000,0.0
1630245849000,0.0005913660555884093
1630245879000,0.0005977286312014345
1630245909000,0.0
1630245939000,0.0006161429451632778
1630245969000,0.0
1630245999000,0.0
1630246029000,0.0006075334143377885
1630246059000,0.0
1630246089000,0.0
1630246119000,0.0
1630246149000,0.0006172839506172839
1630246179000,0.0
1630246209000,0.0006006006006006006
1630246239000,0.0
1630246269000,0.0
1630246299000,0.0006123698714023269
1630246329000,0.0006090133982947625
1630246359000,0.0006024096385542169
1630246389000,0.0
1630246419000,0.0
1630246449000,0.0
1630246479000,0.0
1630246509000,0.0
1630246539000,0.0
1630246569000,0.0006056935190793457
1630246599000,0.0006101281269066504
1630246629000,0.0
1630246659000,0.0
1630246689000,0.0
1630246719000,0.0
1630246749000,0.0006075334143377885
1630246779000,0.0006153846153846153
1630246809000,0.0005941770647653001
1630246839000,0.0
1630246869000,0.0
1630246899000,0.0005991611743559018
1630246929000,0.0
1630246959000,0.0006134969325153375
1630246989000,0.0
1630247019000,0.0006024096385542169
1630247049000,0.0
1630247079000,0.0006082725060827251
1630247109000,0.0
1630247139000,0.0
1630247169000,0.0006020469596628537
1630247199000,0.0
1630247229000,0.0
1630247259000,0.0006112469437652813
1630247289000,0.0
1630247319000,0.0
1630247349000,0.0006153846153846153
1630247379000,0.0
1630247409000,0.0006138735420503376
1630247439000,0.0
1630247469000,0.0
1630247499000,0.0006056935190793457
1630247529000,0.0006045949214026603
1630247559000,0.001212121212121212
1630247589000,0.0
1630247619000,0.0006031363088057902
1630247649000,0.0006053268765133173
1630247679000,0.0006035003017501509
1630247709000,0.0
1630247739000,0.0006067961165048543
1630247769000,0.0
1630247799000,0.0006086427267194157
1630247829000,0.0006031363088057902
1630247859000,0.0
1630247889000,0.0
1630247919000,0.0005910165484633571
1630247949000,0.0
1630247979000,0.0
1630248009000,0.0006086427267194157
1630248039000,0.0
1630248069000,0.0
1630248099000,0.0
1630248129000,0.0
1630248159000,0.0005991611743559018
1630248189000,0.0005841121495327102
1630248219000,0.0
1630248249000,0.0
1630248279000,0.0
1630248309000,0.0
1630248339000,0.0
1630248369000,0.0005973715651135006
1630248399000,0.0
1630248429000,0.0006093845216331506
1630248459000,0.0005966587112171838
1630248489000,0.0006161429451632778
1630248519000,0.0
1630248549000,0.0
1630248579000,0.0012077294685990338
1630248609000,0.0
1630248639000,0.0
1630248669000,0.0
1630248699000,0.0
1630248729000,0.0
1630248759000,0.0
1630248789000,0.0012468827930174565
1630248819000,0.0
1630248849000,0.0
1630248879000,0.0
1630248909000,0.0
1630248939000,0.0005899705014749262
1630248969000,0.0006127450980392157
1630248999000,0.0006090133982947625
1630249029000,0.0
1630249059000,0.0
1630249089000,0.0
1630249119000,0.0
1630249149000,0.0
1630249179000,0.0006172839506172839
1630249209000,0.0
1630249239000,0.0
1630249269000,0.0
1630249299000,0.0
1630249329000,0.0
1630249359000,0.0005938242280285036
1630249389000,0.0
1630249419000,0.0
1630249449000,0.0006056935190793457
1630249479000,0.0
1630249509000,0.0
1630249539000,0.0
1630249569000,0.0006097560975609756
1630249599000,0.0005991611743559018
1630249629000,0.0
1630249659000,0.0
1630249689000,0.0006097560975609756
1630249719000,0.0
1630249749000,0.0
1630249779000,0.0
1630249809000,0.0
1630249839000,0.0
1630249869000,0.0
1630249899000,0.0006119951040391675
1630249929000,0.0006009615384615385
1630249959000,0.0006116207951070336
1630249989000,0.0006086427267194157
1630250019000,0.0
1630250049000,0.0
1630250079000,0.0
1630250109000,0.0
1630250139000,0.0006169031462060457
1630250169000,0.0
1630250199000,0.0
1630250229000,0.0
1630250259000,0.0006134969325153375
1630250289000,0.0
1630250319000,0.0
1630250349000,0.0
1630250379000,0.0
1630250409000,0.0
1630250439000,0.0006013229104028864
1630250469000,0.0005970149253731342
1630250499000,0.0
1630250529000,0.0006075334143377885
1630250559000,0.0005995203836930455
1630250589000,0.0
1630250619000,0.0
1630250649000,0.0
1630250679000,0.001203369434416366
1630250709000,0.0
1630250739000,0.0
1630250769000,0.0
1630250799000,0.0
1630250829000,0.0
1630250859000,0.0
1630250889000,0.0006150061500615006
1630250919000,0.0
1630250949000,0.0
1630250979000,0.0006150061500615006
1630251009000,0.0
1630251039000,0.0
1630251069000,0.0006165228113440197
1630251099000,0.0
1630251129000,0.0006157635467980296
1630251159000,0.0005966587112171838
1630251189000,0.0006056935190793457
1630251219000,0.0006101281269066504
1630251249000,0.0
1630251279000,0.0
1630251309000,0.0
1630251339000,0.0006056935190793457
1630251369000,0.0
1630251399000,0.0
1630251429000,0.0
1630251459000,0.0
1630251489000,0.0012315270935960591
1630251519000,0.0
1630251549000,0.0
1630251579000,0.0006056935190793457
1630251609000,0.0005938242280285036
1630251639000,0.0
1630251669000,0.0
1630251699000,0.0006082725060827251
1630251729000,0.0005948839976204639
1630251759000,0.0
1630251789000,0.0006138735420503376
1630251819000,0.0
1630251849000,0.0006071645415907711
1630251879000,0.0
1630251909000,0.0005998800239952009
1630251939000,0.0005995203836930455
1630251969000,0.0
1630251999000,0.0
1630252029000,0.0
1630252059000,0.0
1630252089000,0.0
1630252119000,0.0
1630252149000,0.0006101281269066504
1630252179000,0.0006108735491753207
1630252209000,0.0
1630252239000,0.0
1630252269000,0.0
1630252299000,0.0
1630252329000,0.0
1630252359000,0.0005931198102016608
1630252389000,0.0
1630252419000,0.0
1630252449000,0.0
1630252479000,0.0
1630252509000,0.0006172839506172839
1630252539000,0.0006142506142506142
1630252569000,0.0
1630252599000,0.0
1630252629000,0.0006038647342995169
1630252659000,0.0
1630252689000,0.0
1630252719000,0.0
1630252749000,0.0
1630252779000,0.0
1630252809000,0.0
1630252839000,0.0
1630252869000,0.0006042296072507553
1630252899000,0.0
1630252929000,0.0
1630252959000,0.0006045949214026603
1630252989000,0.0
1630253019000,0.0
1630253049000,0.0006045949214026603
1630253079000,0.0006142506142506142
1630253109000,0.0006064281382656155
1630253139000,0.0
1630253169000,0.0006009615384615385
1630253199000,0.0
1630253229000,0.0006071645415907711
1630253259000,0.0006101281269066504
1630253289000,0.0
1630253319000,0.0006009615384615385
1630253349000,0.0006024096385542169
1630253379000,0.0
1630253409000,0.0006079027355623102
1630253439000,0.0
1630253469000,0.0006101281269066504
1630253499000,0.0006071645415907711
1630253529000,0.0
1630253559000,0.0
1630253589000,0.0
1630253619000,0.0
1630253649000,0.0
1630253679000,0.0005998800239952009
1630253709000,0.0
1630253739000,0.0
1630253769000,0.0
1630253799000,0.0006009615384615385
1630253829000,0.0
1630253859000,0.0005955926146515784
1630253889000,0.001218026796589525
1630253919000,0.0005955926146515784
1630253949000,0.0
1630253979000,0.0
1630254009000,0.0006146281499692684
1630254039000,0.0
1630254069000,0.0006108735491753207
1630254099000,0.0006031363088057902
1630254129000,0.0006116207951070336
1630254159000,0.0
1630254189000,0.0006053268765133173
1630254219000,0.0
1630254249000,0.0
1630254279000,0.0006191950464396285
1630254309000,0.0
1630254339000,0.0
1630254369000,0.0006086427267194157
1630254399000,0.0
1630254429000,0.0
1630254459000,0.0
1630254489000,0.0
1630254519000,0.0
1630254549000,0.0
1630254579000,0.0005906674542232723
1630254609000,0.0
1630254639000,0.0006150061500615006
1630254669000,0.0
1630254699000,0.0
1630254729000,0.0
1630254759000,0.0
1630254789000,0.0
1630254819000,0.0
1630254849000,0.0006153846153846153
1630254879000,0.0
1630254909000,0.0
1630254939000,0.0
1630254969000,0.0
1630254999000,0.0
1630255029000,0.0
1630255059000,0.0
1630255089000,0.0
1630255119000,0.0
1630255149000,0.0005973715651135006
1630255179000,0.0
1630255209000,0.0
1630255239000,0.0006082725060827251
1630255269000,0.0
1630255299000,0.0
1630255329000,0.0006142506142506142
1630255359000,0.0006056935190793457
1630255389000,0.0005988023952095807
1630255419000,0.0
1630255449000,0.0006195786864931846
1630255479000,0.0
1630255509000,0.0
1630255539000,0.0
1630255569000,0.0
1630255599000,0.0
1630255629000,0.0
1630255659000,0.0
1630255689000,0.0
1630255719000,0.0
1630255749000,0.0
1630255779000,0.0005910165484633571
1630255809000,0.0006079027355623102
1630255839000,0.0006049606775559589
1630255869000,0.0
1630255899000,0.0
1630255929000,0.0
1630255959000,0.0006053268765133173
1630255989000,0.0
1630256019000,0.0
1630256049000,0.0
1630256079000,0.0005931198102016608
1630256109000,0.0
1630256139000,0.0
1630256169000,0.0
1630256199000,0.0
1630256229000,0.0006165228113440197
1630256259000,0.0
1630256289000,0.0005931198102016608
1630256319000,0.0
1630256349000,0.0005970149253731342
1630256379000,0.0
1630256409000,0.0
1630256439000,0.0006060606060606062
1630256469000,0.0
1630256499000,0.0
1630256529000,0.0
1630256559000,0.0005948839976204639
1630256589000,0.0006002400960384152
1630256619000,0.0
1630256649000,0.0
1630256679000,0.0
1630256709000,0.0
1630256739000,0.0006045949214026603
1630256769000,0.0
1630256799000,0.0
1630256829000,0.0
1630256859000,0.0
1630256889000,0.0
1630256919000,0.0
1630256949000,0.0006079027355623102
1630256979000,0.0
1630257009000,0.0006027727546714887
1630257039000,0.0
1630257069000,0.0006009615384615385
1630257099000,0.0
1630257129000,0.0006165228113440197
1630257159000,0.0
1630257189000,0.0
1630257219000,0.0
1630257249000,0.0012224938875305626
1630257279000,0.0
1630257309000,0.0006031363088057902
1630257339000,0.0
1630257369000,0.0
1630257399000,0.0
1630257429000,0.0
1630257459000,0.0
1630257489000,0.0
1630257519000,0.0
1630257549000,0.0
1630257579000,0.0
1630257609000,0.0
1630257639000,0.0006031363088057902
1630257669000,0.0
1630257699000,0.0
1630257729000,0.0
1630257759000,0.0006053268765133173
1630257789000,0.0
1630257819000,0.0006031363088057902
1630257849000,0.0006138735420503376
1630257879000,0.0
1630257909000,0.0
1630257939000,0.0006060606060606062
1630257969000,0.0
1630257999000,0.0
1630258029000,0.0
1630258059000,0.0
1630258089000,0.0005988023952095807
1630258119000,0.0
1630258149000,0.0
1630258179000,0.0
1630258209000,0.0011813349084465446
1630258239000,0.0
1630258269000,0.0
1630258299000,0.0
1630258329000,0.0012172854534388314
1630258359000,0.0005959475566150177
1630258389000,0.0006020469596628537
1630258419000,0.0005931198102016608
1630258449000,0.0
1630258479000,0.0005889281507656067
1630258509000,0.0005920663114268798
1630258539000,0.0006016847172081829
1630258569000,0.0005959475566150177
1630258599000,0.0005980861244019139
1630258629000,0.0
1630258659000,0.0
1630258689000,0.0
1630258719000,0.0006150061500615006
1630258749000,0.0005977286312014345
1630258779000,0.0006086427267194157
1630258809000,0.0
1630258839000,0.0006049606775559589
1630258869000,0.0
1630258899000,0.0
1630258929000,0.0
1630258959000,0.0
1630258989000,0.0005973715651135006
1630259019000,0.0
1630259049000,0.0
1630259079000,0.0
1630259109000,0.0
1630259139000,0.0
1630259169000,0.0006097560975609756
1630259199000,0.0
1630259229000,0.0006071645415907711
1630259259000,0.0
1630259289000,0.0006049606775559589
1630259319000,0.0006016847172081829
1630259349000,0.0006127450980392157
1630259379000,0.0
1630259409000,0.0
1630259439000,0.0
1630259469000,0.0006027727546714887
1630259499000,0.0
1630259529000,0.0
1630259559000,0.0006045949214026603
1630259589000,0.0005991611743559018
1630259619000,0.0006038647342995169
1630259649000,0.0
1630259679000,0.0
1630259709000,0.0006131207847946045
1630259739000,0.0
1630259769000,0.0
1630259799000,0.0005830903790087462
1630259829000,0.0006064281382656155
1630259859000,0.0
1630259889000,0.0
1630259919000,0.0006067961165048543
1630259949000,0.0006112469437652813
1630259979000,0.0006116207951070336
1630260009000,0.0
1630260039000,0.0
1630260069000,0.0006180469715698393
1630260099000,0.0
1630260129000,0.0
1630260159000,0.0
1630260189000,0.0006161429451632778
1630260219000,0.0006064281382656155
1630260249000,0.0
1630260279000,0.0
1630260309000,0.0
1630260339000,0.0
1630260369000,0.0
1630260399000,0.0
1630260429000,0.0
1630260459000,0.0
1630260489000,0.0
1630260519000,0.0
1630260549000,0.0005998800239952009
1630260579000,0.0
1630260609000,0.0012338062924120911
1630260639000,0.0
1630260669000,0.0005995203836930455
1630260699000,0.0
1630260729000,0.0005995203836930455
1630260759000,0.0
1630260789000,0.0
1630260819000,0.0006131207847946045
1630260849000,0.0006093845216331506
1630260879000,0.0
1630260909000,0.0006006006006006006
1630260939000,0.0
1630260969000,0.0
1630260999000,0.0
1630261029000,0.0
1630261059000,0.0
1630261089000,0.0
1630261119000,0.0
1630261149000,0.0
1630261179000,0.0
1630261209000,0.0
1630261239000,0.0
1630261269000,0.0006123698714023269
1630261299000,0.0
1630261329000,0.0
1630261359000,0.0
1630261389000,0.0006045949214026603
1630261419000,0.0
1630261449000,0.0
1630261479000,0.0
1630261509000,0.0
1630261539000,0.0006161429451632778
1630261569000,0.0
1630261599000,0.0006013229104028864
1630261629000,0.0
1630261659000,0.0
1630261689000,0.0
1630261719000,0.0
1630261749000,0.0006067961165048543
1630261779000,0.0
1630261809000,0.0
1630261839000,0.0005977286312014345
1630261869000,0.0
1630261899000,0.0
1630261929000,0.0
1630261959000,0.0
1630261989000,0.0
1630262019000,0.0
1630262049000,0.0
1630262079000,0.0
1630262109000,0.0006013229104028864
1630262139000,0.0006097560975609756
1630262169000,0.0
1630262199000,0.0
1630262229000,0.0
1630262259000,0.0
1630262289000,0.0005948839976204639
1630262319000,0.0006199628022318662
1630262349000,0.0
1630262379000,0.0006082725060827251
1630262409000,0.0
1630262439000,0.0006105006105006105
1630262469000,0.0
1630262499000,0.0006131207847946045
1630262529000,0.0
1630262559000,0.0
1630262589000,0.0006123698714023269
1630262619000,0.0006075334143377885
1630262649000,0.0
1630262679000,0.0006006006006006006
1630262709000,0.0006123698714023269
1630262739000,0.0
1630262769000,0.0
1630262799000,0.0
1630262829000,0.0
1630262859000,0.0
1630262889000,0.0
1630262919000,0.0006142506142506142
1630262949000,0.0005988023952095807
1630262979000,0.0
1630263009000,0.0
1630263039000,0.0
1630263069000,0.0
1630263099000,0.0
1630263129000,0.0006146281499692684
1630263159000,0.0006053268765133173
1630263189000,0.0
1630263219000,0.0006035003017501509
1630263249000,0.0
1630263279000,0.0
1630263309000,0.0006082725060827251
1630263339000,0.0006101281269066504
1630263369000,0.0
1630263399000,0.0
1630263429000,0.0
1630263459000,0.0
1630263489000,0.0012217470983506415
1630263519000,0.0
1630263549000,0.0
1630263579000,0.0
1630263609000,0.0
1630263639000,0.0
1630263669000,0.0006053268765133173
1630263699000,0.0005991611743559018
1630263729000,0.0
1630263759000,0.0
1630263789000,0.0
1630263819000,0.0
1630263849000,0.0
1630263879000,0.0
1630263909000,0.0005984440454817473
1630263939000,0.0006079027355623102
1630263969000,0.0005963029218843173
1630263999000,0.0
1630264029000,0.0
1630264059000,0.0006119951040391675
1630264089000,0.0
1630264119000,0.0
1630264149000,0.0006188118811881187
1630264179000,0.0
1630264209000,0.0
1630264239000,0.0
1630264269000,0.0005998800239952009
1630264299000,0.0005973715651135006
1630264329000,0.0018072289156626509
1630264359000,0.0006038647342995169
1630264389000,0.0
1630264419000,0.0005977286312014345
1630264449000,0.0
1630264479000,0.0006153846153846153
1630264509000,0.0
1630264539000,0.0006082725060827251
1630264569000,0.0
1630264599000,0.0006191950464396285
1630264629000,0.0
1630264659000,0.0
1630264689000,0.0
1630264719000,0.0
1630264749000,0.0
1630264779000,0.0006060606060606062
1630264809000,0.0
1630264839000,0.0
1630264869000,0.0006082725060827251
1630264899000,0.0
1630264929000,0.0
1630264959000,0.0006134969325153375
1630264989000,0.0
1630265019000,0.0006053268765133173
1630265049000,0.0
1630265079000,0.0
1630265109000,0.0
1630265139000,0.0006105006105006105
1630265169000,0.0006188118811881187
1630265199000,0.0
1630265229000,0.0005973715651135006
1630265259000,0.0
1630265289000,0.0
1630265319000,0.0
1630265349000,0.0
1630265379000,0.0
1630265409000,0.0
1630265439000,0.0006067961165048543
1630265469000,0.0
1630265499000,0.0
1630265529000,0.0
1630265559000,0.0005963029218843173
1630265589000,0.0
1630265619000,0.0
1630265649000,0.0
1630265679000,0.0
1630265709000,0.0
1630265739000,0.0006211180124223603
1630265769000,0.0
1630265799000,0.0
1630265829000,0.0
1630265859000,0.0
1630265889000,0.0
1630265919000,0.0006002400960384152
1630265949000,0.0005920663114268798
1630265979000,0.0006075334143377885
1630266009000,0.0
1630266039000,0.0
1630266069000,0.0006009615384615385
1630266099000,0.0
1630266129000,0.0006042296072507553
1630266159000,0.0
1630266189000,0.0006097560975609756
1630266219000,0.0
1630266249000,0.0
1630266279000,0.0005910165484633571
1630266309000,0.0
1630266339000,0.0005482456140350877
1630266369000,0.0
1630266399000,0.0006134969325153375
1630266429000,0.0
1630266459000,0.0
1630266489000,0.0
1630266519000,0.0
1630266549000,0.0
1630266579000,0.0005899705014749262
1630266609000,0.0
1630266639000,0.0
1630266669000,0.0
1630266699000,0.0
1630266729000,0.0006119951040391675
1630266759000,0.0
1630266789000,0.0
1630266819000,0.0
1630266849000,0.0
1630266879000,0.0
1630266909000,0.0
1630266939000,0.0
1630266969000,0.0006079027355623102
1630266999000,0.0
1630267029000,0.0
1630267059000,0.0006153846153846153
1630267089000,0.0
1630267119000,0.0
1630267149000,0.0
1630267179000,0.0
1630267209000,0.0005998800239952009
1630267239000,0.0005988023952095807
1630267269000,0.0
1630267299000,0.0
1630267329000,0.0
1630267359000,0.0
1630267389000,0.0
1630267419000,0.0
1630267449000,0.0005963029218843173
1630267479000,0.0
1630267509000,0.0
1630267539000,0.0006006006006006006
1630267569000,0.0
1630267599000,0.0
1630267629000,0.0
1630267659000,0.0
1630267689000,0.0
1630267719000,0.0
1630267749000,0.0
1630267779000,0.0005966587112171838
1630267809000,0.0006082725060827251
1630267839000,0.0
1630267869000,0.0
1630267899000,0.0
1630267929000,0.0
1630267959000,0.0
1630267989000,0.0005917159763313611
1630268019000,0.0005910165484633571
1630268049000,0.0006075334143377885
1630268079000,0.0
1630268109000,0.0
1630268139000,0.0005899705014749262
1630268169000,0.0
1630268199000,0.0
1630268229000,0.0
1630268259000,0.0
1630268289000,0.0005924170616113746
1630268319000,0.0
1630268349000,0.0
1630268379000,0.0005959475566150177
1630268409000,0.0
1630268439000,0.0
1630268469000,0.0
1630268499000,0.0
1630268529000,0.0
1630268559000,0.0006035003017501509
1630268589000,0.0
1630268619000,0.0
1630268649000,0.0
1630268679000,0.0
1630268709000,0.0
1630268739000,0.0
1630268769000,0.0
1630268799000,0.0
1630268829000,0.0
1630268859000,0.0006038647342995169
1630268889000,0.0
1630268919000,0.0006082725060827251
1630268949000,0.0
1630268979000,0.0
1630269009000,0.0005995203836930455
1630269039000,0.0
1630269069000,0.0005941770647653001
1630269099000,0.0005820721769499418
1630269129000,0.0
1630269159000,0.0006153846153846153
1630269189000,0.0006101281269066504
1630269219000,0.0
1630269249000,0.0
1630269279000,0.0
1630269309000,0.0
1630269339000,0.0005827505827505828
1630269369000,0.0
1630269399000,0.0
1630269429000,0.0
1630269459000,0.0
1630269489000,0.0
1630269519000,0.0
1630269549000,0.0
1630269579000,0.0006184291898577612
1630269609000,0.0
1630269639000,0.0
1630269669000,0.0005988023952095807
1630269699000,0.0005941770647653001
1630269729000,0.0006101281269066504
1630269759000,0.0006053268765133173
1630269789000,0.0
1630269819000,0.0
1630269849000,0.0
1630269879000,0.0
1630269909000,0.0
1630269939000,0.0
1630269969000,0.0006035003017501509
1630269999000,0.0
1630270029000,0.0
1630270059000,0.0
1630270089000,0.0
1630270119000,0.0
1630270149000,0.0005820721769499418
1630270179000,0.0006127450980392157
1630270209000,0.0006056935190793457
1630270239000,0.0
1630270269000,0.0
1630270299000,0.0
1630270329000,0.0
1630270359000,0.0006150061500615006
1630270389000,0.0
1630270419000,0.0005963029218843173
1630270449000,0.0
1630270479000,0.0006045949214026603
1630270509000,0.0
1630270539000,0.0005963029218843173
1630270569000,0.0
1630270599000,0.0005948839976204639
1630270629000,0.0
1630270659000,0.0
1630270689000,0.0
1630270719000,0.0
1630270749000,0.0006064281382656155
1630270779000,0.0
1630270809000,0.0005963029218843173
1630270839000,0.0
1630270869000,0.0
1630270899000,0.0006006006006006006
1630270929000,0.0
1630270959000,0.0
1630270989000,0.00121580547112462
1630271019000,0.0005995203836930455
1630271049000,0.0
1630271079000,0.0006101281269066504
1630271109000,0.0
1630271139000,0.0
1630271169000,0.0005910165484633571
1630271199000,0.0
1630271229000,0.0
1630271259000,0.0006161429451632778
1630271289000,0.0
1630271319000,0.0
1630271349000,0.0
1630271379000,0.0
1630271409000,0.0
1630271439000,0.0
1630271469000,0.0
1630271499000,0.0
1630271529000,0.0
1630271559000,0.0
1630271589000,0.0
1630271619000,0.0
1630271649000,0.0006042296072507553
1630271679000,0.0
1630271709000,0.0
1630271739000,0.0
1630271769000,0.0
1630271799000,0.0
1630271829000,0.0006116207951070336
1630271859000,0.0006064281382656155
1630271889000,0.0
1630271919000,0.0
1630271949000,0.0
1630271979000,0.0
1630272009000,0.0006131207847946045
1630272039000,0.0006108735491753207
1630272069000,0.0006064281382656155
1630272099000,0.0
1630272129000,0.0006134969325153375
1630272159000,0.0
1630272189000,0.0
1630272219000,0.0
1630272249000,0.0006053268765133173
1630272279000,0.0006086427267194157
1630272309000,0.0
1630272339000,0.0
1630272369000,0.0
1630272399000,0.0
1630272429000,0.0
1630272459000,0.0
1630272489000,0.0
1630272519000,0.0
1630272549000,0.0
1630272579000,0.0
1630272609000,0.0
1630272639000,0.0
1630272669000,0.0006053268765133173
1630272699000,0.0006138735420503376
1630272729000,0.0
1630272759000,0.0005984440454817473
1630272789000,0.0006086427267194157
1630272819000,0.0006038647342995169
1630272849000,0.0
1630272879000,0.0
1630272909000,0.0
1630272939000,0.0
1630272969000,0.0
1630272999000,0.0
1630273029000,0.0
1630273059000,0.0
1630273089000,0.0
1630273119000,0.0
1630273149000,0.0
1630273179000,0.0006056935190793457
1630273209000,0.0
1630273239000,0.0
1630273269000,0.0
1630273299000,0.0
1630273329000,0.0
1630273359000,0.0005980861244019139
1630273389000,0.0
1630273419000,0.0
1630273449000,0.0
1630273479000,0.0
1630273509000,0.0
1630273539000,0.0
1630273569000,0.0006146281499692684
1630273599000,0.0
1630273629000,0.0
1630273659000,0.0005995203836930455
1630273689000,0.0
1630273719000,0.0
1630273749000,0.0
1630273779000,0.0005977286312014345
1630273809000,0.0
1630273839000,0.0
1630273869000,0.0006169031462060457
1630273899000,0.0
1630273929000,0.0
1630273959000,0.0
1630273989000,0.0
1630274019000,0.0
1630274049000,0.0006093845216331506
1630274079000,0.0
1630274109000,0.0
1630274139000,0.0006035003017501509
1630274169000,0.0
1630274199000,0.0006049606775559589
1630274229000,0.0
1630274259000,0.0
1630274289000,0.0
1630274319000,0.0
1630274349000,0.0006016847172081829
1630274379000,0.0005977286312014345
1630274409000,0.0006053268765133173
1630274439000,0.0005980861244019139
1630274469000,0.0
1630274499000,0.0
1630274529000,0.0
1630274559000,0.0006027727546714887
1630274589000,0.0006038647342995169
1630274619000,0.0
1630274649000,0.0
1630274679000,0.0006116207951070336
1630274709000,0.0
1630274739000,0.0
1630274769000,0.0
1630274799000,0.0
1630274829000,0.0
1630274859000,0.0
1630274889000,0.0
1630274919000,0.0006086427267194157
1630274949000,0.0
1630274979000,0.0
1630275009000,0.0
1630275039000,0.0
1630275069000,0.0
1630275099000,0.0006020469596628537
1630275129000,0.0
1630275159000,0.0
1630275189000,0.0005970149253731342
1630275219000,0.0
1630275249000,0.0005963029218843173
1630275279000,0.0
1630275309000,0.0005871990604815032
1630275339000,0.0
1630275369000,0.0
1630275399000,0.0
1630275429000,0.0006184291898577612
1630275459000,0.0
1630275489000,0.0
1630275519000,0.0
1630275549000,0.0
1630275579000,0.0
1630275609000,0.0
1630275639000,0.0006157635467980296
1630275669000,0.0005984440454817473
1630275699000,0.0
1630275729000,0.0006031363088057902
1630275759000,0.0
1630275789000,0.0006086427267194157
1630275819000,0.0
1630275849000,0.0005984440454817473
1630275879000,0.0
1630275909000,0.0
1630275939000,0.0006067961165048543
1630275969000,0.0006112469437652813
1630275999000,0.0005977286312014345
1630276029000,0.0
1630276059000,0.0
1630276089000,0.0005955926146515784
1630276119000,0.0
1630276149000,0.0
1630276179000,0.0
1630276209000,0.0006031363088057902
1630276239000,0.0006013229104028864
1630276269000,0.0
1630276299000,0.0012091898428053206
1630276329000,0.0
1630276359000,0.0006038647342995169
1630276389000,0.0
1630276419000,0.0
1630276449000,0.0006049606775559589
1630276479000,0.0
1630276509000,0.0006067961165048543
1630276539000,0.0006075334143377885
1630276569000,0.0006112469437652813
1630276599000,0.0
1630276629000,0.0
1630276659000,0.0
1630276689000,0.0
1630276719000,0.0
1630276749000,0.0
1630276779000,0.0
1630276809000,0.0
1630276839000,0.0
1630276869000,0.0
1630276899000,0.0
1630276929000,0.0
1630276959000,0.0
1630276989000,0.0006134969325153375
1630277019000,0.0
1630277049000,0.0006006006006006006
1630277079000,0.0006009615384615385
1630277109000,0.0
1630277139000,0.0005927682276229994
1630277169000,0.0
1630277199000,0.0
1630277229000,0.0006191950464396285
1630277259000,0.0006112469437652813
1630277289000,0.0
1630277319000,0.0
1630277349000,0.0006020469596628537
1630277379000,0.0
1630277409000,0.0
1630277439000,0.0
1630277469000,0.0
1630277499000,0.0
1630277529000,0.0
1630277559000,0.0006035003017501509
1630277589000,0.0006169031462060457
1630277619000,0.0006027727546714887
1630277649000,0.0
1630277679000,0.0
1630277709000,0.0
1630277739000,0.0
1630277769000,0.0
1630277799000,0.0
1630277829000,0.0
1630277859000,0.0011933174224343676
1630277889000,0.0005973715651135006
1630277919000,0.0
1630277949000,0.0
1630277979000,0.0
1630278009000,0.0
1630278039000,0.0
1630278069000,0.0006024096385542169
1630278099000,0.0
1630278129000,0.0
1630278159000,0.0
1630278189000,0.000588235294117647
1630278219000,0.0
1630278249000,0.0005998800239952009
1630278279000,0.0006024096385542169
1630278309000,0.0
1630278339000,0.0
1630278369000,0.0
1630278399000,0.0
1630278429000,0.0006119951040391675
1630278459000,0.0
1630278489000,0.0
1630278519000,0.0006082725060827251
1630278549000,0.0012099213551119178
1630278579000,0.0
1630278609000,0.0
1630278639000,0.0006067961165048543
1630278669000,0.0012195121951219512
1630278699000,0.0
1630278729000,0.0006176652254478072
1630278759000,0.0
1630278789000,0.0
1630278819000,0.0
1630278849000,0.0
1630278879000,0.0
1630278909000,0.0
1630278939000,0.0006060606060606062
1630278969000,0.0
1630278999000,0.0
1630279029000,0.0006038647342995169
1630279059000,0.0
1630279089000,0.0
1630279119000,0.0
1630279149000,0.0006042296072507553
1630279179000,0.0
1630279209000,0.0
1630279239000,0.0
1630279269000,0.0006142506142506142
1630279299000,0.0
1630279329000,0.0006082725060827251
1630279359000,0.0
1630279389000,0.0
1630279419000,0.0
1630279449000,0.0
1630279479000,0.0
1630279509000,0.0
1630279539000,0.0
1630279569000,0.0
1630279599000,0.0006086427267194157
1630279629000,0.0006016847172081829
1630279659000,0.0
1630279689000,0.0006045949214026603
1630279719000,0.0
1630279749000,0.0
1630279779000,0.0
1630279809000,0.0
1630279839000,0.0
1630279869000,0.0
1630279899000,0.0
1630279929000,0.0005858230814294082
1630279959000,0.0006049606775559589
1630279989000,0.0
1630280019000,0.0006101281269066504
1630280049000,0.0
1630280079000,0.0
1630280109000,0.0005917159763313611
1630280139000,0.0
1630280169000,0.0
1630280199000,0.0
1630280229000,0.0
1630280259000,0.0
1630280289000,0.0
1630280319000,0.0
1630280349000,0.0
1630280379000,0.0
1630280409000,0.0
1630280439000,0.0
1630280469000,0.0
1630280499000,0.0
1630280529000,0.0012172854534388314
1630280559000,0.0
1630280589000,0.0
1630280619000,0.0
1630280649000,0.0006138735420503376
1630280679000,0.0
1630280709000,0.0
1630280739000,0.0
1630280769000,0.0006112469437652813
1630280799000,0.0005998800239952009
1630280829000,0.0
1630280859000,0.0006056935190793457
1630280889000,0.0
1630280919000,0.0
1630280949000,0.0006112469437652813
1630280979000,0.0
1630281009000,0.0006176652254478072
1630281039000,0.0006035003017501509
1630281069000,0.0
1630281099000,0.0006075334143377885
1630281129000,0.0005924170616113746
1630281159000,0.0
1630281189000,0.0
1630281219000,0.0006105006105006105
1630281249000,0.0
1630281279000,0.0005984440454817473
1630281309000,0.0006042296072507553
1630281339000,0.0
1630281369000,0.0
1630281399000,0.0
1630281429000,0.0
1630281459000,0.0
1630281489000,0.0
1630281519000,0.0005955926146515784
1630281549000,0.0
1630281579000,0.0006090133982947625
1630281609000,0.0
1630281639000,0.0
1630281669000,0.0
1630281699000,0.0
1630281729000,0.0
1630281759000,0.0
1630281789000,0.0006119951040391675
1630281819000,0.0
1630281849000,0.0006101281269066504
1630281879000,0.0
1630281909000,0.0
1630281939000,0.0
1630281969000,0.0
1630281999000,0.0
1630282029000,0.0
1630282059000,0.0
1630282089000,0.0
1630282119000,0.0
1630282149000,0.0006146281499692684
1630282179000,0.0006134969325153375
1630282209000,0.0
1630282239000,0.0
1630282269000,0.0
1630282299000,0.0
1630282329000,0.0
1630282359000,0.0
1630282389000,0.0
1630282419000,0.0
1630282449000,0.0
1630282479000,0.0006093845216331506
1630282509000,0.0006053268765133173
1630282539000,0.0006157635467980296
1630282569000,0.0
1630282599000,0.0005988023952095807
1630282629000,0.0006105006105006105
1630282659000,0.0
1630282689000,0.0
1630282719000,0.0
1630282749000,0.0
1630282779000,0.0
1630282809000,0.0006082725060827251
1630282839000,0.0
1630282869000,0.0006150061500615006
1630282899000,0.0
1630282929000,0.0
1630282959000,0.0
1630282989000,0.0006020469596628537
1630283019000,0.0
1630283049000,0.0
1630283079000,0.0
1630283109000,0.0006090133982947625
1630283139000,0.0
1630283169000,0.0
1630283199000,0.0
1630283229000,0.0
1630283259000,0.0
1630283289000,0.0006053268765133173
1630283319000,0.0
1630283349000,0.0006116207951070336
1630283379000,0.0
1630283409000,0.0
1630283439000,0.0
1630283469000,0.0
1630283499000,0.0
1630283529000,0.0
1630283559000,0.0
1630283589000,0.0
1630283619000,0.0005963029218843173
1630283649000,0.0
1630283679000,0.0
1630283709000,0.0
1630283739000,0.0
1630283769000,0.0
1630283799000,0.0
1630283829000,0.0006016847172081829
1630283859000,0.0
1630283889000,0.0
1630283919000,0.0
1630283949000,0.0006056935190793457
1630283979000,0.0
1630284009000,0.0
1630284039000,0.0
1630284069000,0.0
1630284099000,0.0
1630284129000,0.0006067961165048543
1630284159000,0.0006049606775559589
1630284189000,0.0
1630284219000,0.0006053268765133173
1630284249000,0.0
1630284279000,0.0
1630284309000,0.0
1630284339000,0.0006020469596628537
1630284369000,0.0006071645415907711
1630284399000,0.0006157635467980296
1630284429000,0.0
1630284459000,0.0
1630284489000,0.0006123698714023269
1630284519000,0.0
1630284549000,0.0
1630284579000,0.0
1630284609000,0.0
1630284639000,0.0006027727546714887
1630284669000,0.0
1630284699000,0.0005988023952095807
1630284729000,0.0006150061500615006
1630284759000,0.0
1630284789000,0.0
1630284819000,0.0006024096385542169
1630284849000,0.0006071645415907711
1630284879000,0.0005977286312014345
1630284909000,0.0
1630284939000,0.0
1630284969000,0.0
1630284999000,0.0005934718100890207
1630285029000,0.0
1630285059000,0.0006056935190793457
1630285089000,0.0
1630285119000,0.0
1630285149000,0.0
1630285179000,0.0
1630285209000,0.0
1630285239000,0.0
1630285269000,0.0
1630285299000,0.0006016847172081829
1630285329000,0.0005973715651135006
1630285359000,0.0
1630285389000,0.0006006006006006006
1630285419000,0.0
1630285449000,0.0006053268765133173
1630285479000,0.0
1630285509000,0.0006153846153846153
1630285539000,0.0006086427267194157
1630285569000,0.0
1630285599000,0.0
1630285629000,0.0006027727546714887
1630285659000,0.0006150061500615006
1630285689000,0.0
1630285719000,0.0
1630285749000,0.0
1630285779000,0.0
1630285809000,0.0
1630285839000,0.0
1630285869000,0.0006093845216331506
1630285899000,0.0
1630285929000,0.0
1630285959000,0.0
1630285989000,0.0006119951040391675
1630286019000,0.0
1630286049000,0.0006101281269066504
1630286079000,0.0
1630286109000,0.0006123698714023269
1630286139000,0.0
1630286169000,0.0
1630286199000,0.0
1630286229000,0.0
1630286259000,0.0006112469437652813
1630286289000,0.0
1630286319000,0.0006138735420503376
1630286349000,0.0
1630286379000,0.0
1630286409000,0.0
1630286439000,0.0006079027355623102
1630286469000,0.0005970149253731342
1630286499000,0.0
1630286529000,0.0006123698714023269
1630286559000,0.000585480093676815
1630286589000,0.0006038647342995169
1630286619000,0.0
1630286649000,0.0
1630286679000,0.0
1630286709000,0.0
1630286739000,0.0
1630286769000,0.0
1630286799000,0.0
1630286829000,0.0
1630286859000,0.0
1630286889000,0.0
1630286919000,0.0
1630286949000,0.0
1630286979000,0.0006038647342995169
1630287009000,0.0005988023952095807
1630287039000,0.0
1630287069000,0.0
1630287099000,0.0005945303210463732
1630287129000,0.0
1630287159000,0.0
1630287189000,0.0
1630287219000,0.0
1630287249000,0.0
1630287279000,0.0
1630287309000,0.0
1630287339000,0.0
1630287369000,0.0
1630287399000,0.0006105006105006105
1630287429000,0.0006086427267194157
1630287459000,0.0
1630287489000,0.0
1630287519000,0.0
1630287549000,0.0
1630287579000,0.0
1630287609000,0.0
1630287639000,0.0
1630287669000,0.0
1630287699000,0.0006134969325153375
1630287729000,0.0006056935190793457
1630287759000,0.0
1630287789000,0.0
1630287819000,0.0
1630287849000,0.0
1630287879000,0.0006006006006006006
1630287909000,0.0
1630287939000,0.0006093845216331506
1630287969000,0.0
1630287999000,0.0006038647342995169
1630288029000,0.0
1630288059000,0.0
1630288089000,0.0
1630288119000,0.0006150061500615006
1630288149000,0.0
1630288179000,0.0
1630288209000,0.0012091898428053206
1630288239000,0.0005988023952095807
1630288269000,0.0
1630288299000,0.0
1630288329000,0.0
1630288359000,0.0
1630288389000,0.0
1630288419000,0.0
1630288449000,0.0012195121951219512
1630288479000,0.0
1630288509000,0.0006060606060606062
1630288539000,0.0
1630288569000,0.0
1630288599000,0.0
1630288629000,0.0
1630288659000,0.0005988023952095807
1630288689000,0.0
1630288719000,0.0006060606060606062
1630288749000,0.0
1630288779000,0.0006079027355623102
1630288809000,0.0
1630288839000,0.0
1630288869000,0.0
1630288899000,0.0005998800239952009
1630288929000,0.0
1630288959000,0.0
1630288989000,0.0
1630289019000,0.0006020469596628537
1630289049000,0.0
1630289079000,0.0006153846153846153
1630289109000,0.0
1630289139000,0.0
1630289169000,0.0
1630289199000,0.0
1630289229000,0.0
1630289259000,0.0
1630289289000,0.0006105006105006105
1630289319000,0.0
1630289349000,0.0005945303210463732
1630289379000,0.0
1630289409000,0.0
1630289439000,0.0006038647342995169
1630289469000,0.0
1630289499000,0.0
1630289529000,0.0006191950464396285
1630290879000,0.0
1630290909000,0.0006180469715698393
1630290939000,0.000585480093676815
1630290969000,0.0
1630290999000,0.0
1630291029000,0.0
1630291059000,0.0012062726176115801
1630291089000,0.0005998800239952009
1630291119000,0.0
1630291149000,0.0
1630291179000,0.0
1630291209000,0.0
1630291239000,0.0005924170616113746
1630291269000,0.0
1630291299000,0.0006119951040391675
1630291329000,0.0
1630291359000,0.0006101281269066504
1630291389000,0.0
1630291419000,0.0
1630291449000,0.0005984440454817473
1630291479000,0.0005973715651135006
1630291509000,0.0006101281269066504
1630291539000,0.0
1630291569000,0.0
1630291599000,0.0006024096385542169
1630291629000,0.0
1630291659000,0.0006013229104028864
1630291689000,0.0
1630291719000,0.0
1630291749000,0.0
1630291779000,0.0006105006105006105
1630291809000,0.0006027727546714887
1630291839000,0.0006097560975609756
1630291869000,0.0
1630291899000,0.0
1630291929000,0.0006108735491753207
1630291959000,0.0005913660555884093
1630291989000,0.0
1630292019000,0.0
1630292049000,0.0006056935190793457
1630292079000,0.0
1630292109000,0.0
1630292139000,0.0
1630292169000,0.0005963029218843173
1630292199000,0.0005973715651135006
1630292229000,0.0
1630292259000,0.0
1630292289000,0.0
1630292319000,0.0
1630292349000,0.0006138735420503376
1630292379000,0.0
1630292409000,0.0005977286312014345
1630292439000,0.0
1630292469000,0.0
1630292499000,0.0
1630292529000,0.0
1630292559000,0.0
1630292589000,0.0005988023952095807
1630292619000,0.0
1630292649000,0.0
1630292679000,0.0
1630292709000,0.0
1630292739000,0.0005889281507656067
1630292769000,0.0
1630292799000,0.0006134969325153375
1630292829000,0.0
1630292859000,0.0006090133982947625
1630292889000,0.0
1630292919000,0.0
1630292949000,0.0
1630292979000,0.0
1630293009000,0.0
1630293039000,0.0
1630293069000,0.0
1630293099000,0.0
1630293129000,0.0006075334143377885
1630293159000,0.0
1630293189000,0.0
1630293219000,0.0
1630293249000,0.0
1630293279000,0.0
1630293309000,0.0006146281499692684
1630293339000,0.0005977286312014345
1630293369000,0.0006131207847946045
1630293399000,0.0
1630293429000,0.0
1630293459000,0.0
1630293489000,0.0
1630293519000,0.0
1630293549000,0.0
1630293579000,0.0
1630293609000,0.0
1630293639000,0.0
1630293669000,0.0
1630293699000,0.0
1630293729000,0.0
1630293759000,0.0006097560975609756
1630293789000,0.0006090133982947625
1630293819000,0.0
1630293849000,0.0
1630293879000,0.0006157635467980296
1630293909000,0.0
1630293939000,0.0
1630293969000,0.0
1630293999000,0.0005913660555884093
1630294029000,0.0
1630294059000,0.0006056935190793457
1630294089000,0.0006142506142506142
1630294119000,0.0
1630294149000,0.0
1630294179000,0.0
1630294209000,0.0
1630294239000,0.0
1630294269000,0.0
1630294299000,0.0006134969325153375
1630294329000,0.0
1630294359000,0.0005931198102016608
1630294389000,0.0
1630294419000,0.0006176652254478072
1630294449000,0.0
1630294479000,0.0
1630294509000,0.0006215040397762585
1630294539000,0.0
1630294569000,0.0
1630294599000,0.0
1630294629000,0.0
1630294659000,0.0006138735420503376
1630294689000,0.0
1630294719000,0.0
1630294749000,0.0
1630294779000,0.0006086427267194157
1630294809000,0.0
1630294839000,0.0
1630294869000,0.0
1630294899000,0.0
1630294929000,0.0
1630294959000,0.0005868544600938967
1630294989000,0.0
1630295019000,0.0
1630295049000,0.0006013229104028864
1630295079000,0.0006020469596628537
1630295109000,0.0
1630295139000,0.0006090133982947625
1630295169000,0.0
1630295199000,0.0
1630295229000,0.0
1630295259000,0.0
1630295289000,0.0
1630295319000,0.0006006006006006006
1630295349000,0.0
1630295379000,0.0005834305717619603
1630295409000,0.0
1630295439000,0.0
1630295469000,0.0
1630295499000,0.0
1630295529000,0.0006038647342995169
1630295559000,0.0
1630295589000,0.001215066828675577
1630295619000,0.0005984440454817473
1630295649000,0.0
1630295679000,0.0006138735420503376
1630295709000,0.0
1630295739000,0.0
1630295769000,0.0
1630295799000,0.0
1630295829000,0.0
1630295859000,0.0006203473945409428
1630295889000,0.0
1630295919000,0.0
1630295949000,0.0
1630295979000,0.0006119951040391675
1630296009000,0.0
1630296039000,0.0
1630296069000,0.0006097560975609756
1630296099000,0.0006123698714023269
1630296129000,0.0
1630296159000,0.0
1630296189000,0.0
1630296219000,0.0
1630296249000,0.0
1630296279000,0.0
1630296309000,0.0
1630296339000,0.0
1630296369000,0.0
1630296399000,0.0
1630296429000,0.0006053268765133173
1630296459000,0.0
1630296489000,0.0
1630296519000,0.0
1630296549000,0.0
1630296579000,0.0
1630296609000,0.0
1630296639000,0.0
1630296669000,0.0
1630296699000,0.0
1630296729000,0.0
1630296759000,0.0006042296072507553
1630296789000,0.0
1630296819000,0.0
1630296849000,0.0
1630296879000,0.0
1630296909000,0.0
1630296939000,0.0006031363088057902
1630296969000,0.0005963029218843173
1630296999000,0.0006101281269066504
1630297029000,0.0005998800239952009
1630297059000,0.0
1630297089000,0.0006075334143377885
1630297119000,0.0
1630297149000,0.0
1630297179000,0.0
1630297209000,0.0
1630297239000,0.0006146281499692684
1630297269000,0.0
1630297299000,0.0
1630297329000,0.0
1630297359000,0.0
1630297389000,0.0
1630297419000,0.0005910165484633571
1630297449000,0.0
1630297479000,0.0
1630297509000,0.0
1630297539000,0.0
1630297569000,0.0
1630297599000,0.0012135922330097086
1630297629000,0.0
1630297659000,0.0
1630297689000,0.0
1630297719000,0.0
1630297749000,0.0
1630297779000,0.0
1630297809000,0.0
1630297839000,0.0
1630297869000,0.0006053268765133173
1630297899000,0.0
1630297929000,0.0
1630297959000,0.0
1630297989000,0.0
1630298019000,0.0
1630298049000,0.0
1630298079000,0.0
1630298109000,0.0006056935190793457
1630298139000,0.0005970149253731342
1630298169000,0.0
1630298199000,0.0006024096385542169
1630298229000,0.0
1630298259000,0.0
1630298289000,0.0
1630298319000,0.0005892751915144372
1630298349000,0.0006101281269066504
1630298379000,0.0
1630298409000,0.0
1630298439000,0.0
1630298469000,0.0006006006006006006
1630298499000,0.0006101281269066504
1630298529000,0.0006064281382656155
1630298559000,0.0006165228113440197
1630298589000,0.0
1630298619000,0.0
1630298649000,0.0
1630298679000,0.0006082725060827251
1630298709000,0.0
1630298739000,0.0
1630298769000,0.0
1630298799000,0.0
1630298829000,0.0
1630298859000,0.0005803830528148577
1630298889000,0.0
1630298919000,0.0
1630298949000,0.0
1630298979000,0.0005927682276229994
1630299009000,0.0
1630299039000,0.0
1630299069000,0.0006146281499692684
1630299099000,0.0
1630299129000,0.0
1630299159000,0.0
1630299189000,0.0
1630299219000,0.0006146281499692684
1630299249000,0.0
1630299279000,0.0006006006006006006
1630299309000,0.0
1630299339000,0.0
1630299369000,0.0
1630299399000,0.0006016847172081829
1630299429000,0.0
1630299459000,0.0
1630299489000,0.0005980861244019139
1630299519000,0.0
1630299549000,0.0
1630299579000,0.0006071645415907711
1630299609000,0.0
1630299639000,0.0006060606060606062
1630299669000,0.0012143290831815425
1630299699000,0.0
1630299729000,0.0006075334143377885
1630299759000,0.0005938242280285036
1630299789000,0.0
1630299819000,0.0006056935190793457
1630299849000,0.0006172839506172839
1630299879000,0.0
1630299909000,0.0006031363088057902
1630299939000,0.0011983223487118035
1630299969000,0.0
1630299999000,0.0
1630300029000,0.0006006006006006006
1630300059000,0.0006079027355623102
1630300089000,0.0
1630300119000,0.0
1630300149000,0.0
1630300179000,0.0
1630300209000,0.0
1630300239000,0.0006031363088057902
1630300269000,0.0006045949214026603
1630300299000,0.0
1630300329000,0.0
1630300359000,0.0
1630300389000,0.0
1630300419000,0.0006176652254478072
1630300449000,0.0006049606775559589
1630300479000,0.0
1630300509000,0.0
1630300539000,0.0
1630300569000,0.0
1630300599000,0.0
1630300629000,0.0006079027355623102
1630300659000,0.0006134969325153375
1630300689000,0.0
1630300719000,0.0006097560975609756
1630300749000,0.0006123698714023269
1630300779000,0.0006053268765133173
1630300809000,0.0006020469596628537
1630300839000,0.0005941770647653001
1630300869000,0.0006056935190793457
1630300899000,0.0
1630300929000,0.0
1630300959000,0.0
1630300989000,0.0005927682276229994
1630301019000,0.0006071645415907711
1630301049000,0.0
1630301079000,0.0
1630301109000,0.0
1630301139000,0.0
1630301169000,0.0
1630301199000,0.0
1630301229000,0.0
1630301259000,0.0006161429451632778
1630301289000,0.0006131207847946045
1630301319000,0.0005959475566150177
1630301349000,0.0
1630301379000,0.0006082725060827251
1630301409000,0.0
1630301439000,0.0006056935190793457
1630301469000,0.0
1630301499000,0.0
1630301529000,0.0
1630301559000,0.0
1630301589000,0.0006020469596628537
1630301619000,0.0
1630301649000,0.0006123698714023269
1630301679000,0.0012040939193257074
1630301709000,0.0
1630301739000,0.0
1630301769000,0.0006138735420503376
1630301799000,0.0006123698714023269
1630301829000,0.0
1630301859000,0.0
1630301889000,0.0006150061500615006
1630301919000,0.0
1630301949000,0.0
1630301979000,0.0
1630302009000,0.0006191950464396285
1630302039000,0.0
1630302069000,0.0
1630302099000,0.0
1630302129000,0.0
1630302159000,0.0
1630302189000,0.0
1630302219000,0.0
1630302249000,0.0
1630302279000,0.0
1630302309000,0.0
1630302339000,0.0006165228113440197
1630302369000,0.0
1630302399000,0.0
1630302429000,0.0
1630302459000,0.0006071645415907711
1630302489000,0.0
1630302519000,0.0
1630302549000,0.0005885815185403178
1630302579000,0.0
1630302609000,0.0005988023952095807
1630302639000,0.0006108735491753207
1630302669000,0.0
1630302699000,0.0
1630302729000,0.0
1630302759000,0.0006075334143377885
1630302789000,0.0
1630302819000,0.0
1630302849000,0.0
1630302879000,0.0
1630302909000,0.0
1630302939000,0.0006116207951070336
1630302969000,0.0006112469437652813
1630302999000,0.0
1630303029000,0.0
1630303059000,0.0
1630303089000,0.0
1630303119000,0.0006150061500615006
1630303149000,0.0
1630303179000,0.0
1630303209000,0.0
1630303239000,0.0
1630303269000,0.0
1630303299000,0.0
1630303329000,0.0
1630303359000,0.0
1630303389000,0.0
1630303419000,0.0
1630303449000,0.0
1630303479000,0.0
1630303509000,0.0006116207951070336
1630303539000,0.0
1630303569000,0.0
1630303599000,0.0
1630303629000,0.0
1630303659000,0.0
1630303689000,0.0
1630303719000,0.0
1630303749000,0.0
1630303779000,0.0006067961165048543
1630303809000,0.0
1630303839000,0.0
1630303869000,0.0
1630303899000,0.0
1630303929000,0.0
1630303959000,0.0
1630303989000,0.0
1630304019000,0.0006142506142506142
1630304049000,0.0005991611743559018
1630304079000,0.0006020469596628537
1630304109000,0.0
1630304139000,0.001226241569589209
1630304169000,0.0
1630304199000,0.0006105006105006105
1630304229000,0.0
1630304259000,0.0
1630304289000,0.0
1630304319000,0.0
1630304349000,0.0
1630304379000,0.0
1630304409000,0.0
1630304439000,0.0
1630304469000,0.0
1630304499000,0.0
1630304529000,0.0
1630304559000,0.0006157635467980296
1630304589000,0.0005977286312014345
1630304619000,0.0
1630304649000,0.0005991611743559018
1630304679000,0.0005966587112171838
1630304709000,0.0
1630304739000,0.0006172839506172839
1630304769000,0.0006009615384615385
1630304799000,0.0
1630304829000,0.0
1630304859000,0.0
1630304889000,0.0
1630304919000,0.0
1630304949000,0.0
1630304979000,0.0
1630305009000,0.0
1630305039000,0.0
1630305069000,0.0
1630305099000,0.0
1630305129000,0.0
1630305159000,0.0
1630305189000,0.0006049606775559589
1630305219000,0.0006020469596628537
1630305249000,0.0
1630305279000,0.0
1630305309000,0.0006123698714023269
1630305339000,0.0
1630305369000,0.0
1630305399000,0.0
1630305429000,0.0
1630305459000,0.0005927682276229994
1630305489000,0.0
1630305519000,0.0
1630305549000,0.0005934718100890207
1630305579000,0.0006009615384615385
1630305609000,0.0
1630305639000,0.0006013229104028864
1630305669000,0.0
1630305699000,0.0
1630305729000,0.0
1630305759000,0.0
1630305789000,0.0
1630305819000,0.0
1630305849000,0.0
1630305879000,0.0
1630305909000,0.0
1630305939000,0.0
1630305969000,0.0005931198102016608
1630305999000,0.0
1630306029000,0.0006127450980392157
1630306059000,0.0
1630306089000,0.0
1630306119000,0.0
1630306149000,0.0
1630306179000,0.0
1630306209000,0.0
1630306239000,0.0
1630306269000,0.0
1630306299000,0.0005952380952380952
1630306329000,0.0
1630306359000,0.0
1630306389000,0.0
1630306419000,0.0006067961165048543
1630306449000,0.0006169031462060457
1630306479000,0.0
1630306509000,0.0
1630306539000,0.0
1630306569000,0.0
1630306599000,0.0
1630306629000,0.0
1630306659000,0.0
1630306689000,0.0005977286312014345
1630306719000,0.0
1630306749000,0.0
1630306779000,0.0006153846153846153
1630306809000,0.0
1630306839000,0.0
1630306869000,0.0
1630306899000,0.0
1630306929000,0.0
1630306959000,0.0
1630306989000,0.0
1630307019000,0.0011827321111768185
1630307049000,0.0
1630307079000,0.0
1630307109000,0.0006042296072507553
1630307139000,0.0006079027355623102
1630307169000,0.0005934718100890207
1630307199000,0.0
1630307229000,0.0006180469715698393
1630307259000,0.0
1630307289000,0.0006123698714023269
1630307319000,0.0
1630307349000,0.0
1630307379000,0.0
1630307409000,0.0
1630307439000,0.0006157635467980296
1630307469000,0.0
1630307499000,0.0
1630307529000,0.0006006006006006006
1630307559000,0.0
1630307589000,0.0
1630307619000,0.0005998800239952009
1630307649000,0.0
1630307679000,0.0
1630307709000,0.0006090133982947625
1630307739000,0.0
1630307769000,0.0
1630307799000,0.0
1630307829000,0.0
1630307859000,0.0
1630307889000,0.0
1630307919000,0.0
1630307949000,0.0
1630307979000,0.0
1630308009000,0.0
1630308039000,0.0
1630308069000,0.0
1630308099000,0.0
1630308129000,0.0
1630308159000,0.0
1630308189000,0.001201923076923077
1630308219000,0.0
1630308249000,0.0006079027355623102
1630308279000,0.0
1630308309000,0.0006112469437652813
1630308339000,0.0005963029218843173
1630308369000,0.0
1630308399000,0.0006101281269066504
1630308429000,0.0
1630308459000,0.0
1630308489000,0.0006027727546714887
1630308519000,0.0005924170616113746
1630308549000,0.0
1630308579000,0.0006024096385542169
1630308609000,0.0
1630308639000,0.0
1630308669000,0.0006006006006006006
1630308699000,0.0
1630308729000,0.0
1630308759000,0.0
1630308789000,0.0006067961165048543
1630308819000,0.0
1630308849000,0.0
1630308879000,0.0
1630308909000,0.0005984440454817473
1630308939000,0.0
1630308969000,0.0006049606775559589
1630308999000,0.0005984440454817473
1630309029000,0.0
1630309059000,0.0005963029218843173
1630309089000,0.0
1630309119000,0.0
1630309149000,0.0
1630309179000,0.0
1630309209000,0.0
1630309239000,0.0
1630309269000,0.0
1630309299000,0.0006082725060827251
1630309329000,0.0
1630309359000,0.0005988023952095807
1630309389000,0.0
1630309419000,0.0
1630309449000,0.0
1630309479000,0.0005998800239952009
1630309509000,0.0
1630309539000,0.0006031363088057902
1630309569000,0.0
1630309599000,0.0
1630309629000,0.0
1630309659000,0.0
1630309689000,0.0
1630309719000,0.0
1630309749000,0.0
1630309779000,0.0
1630309809000,0.0
1630309839000,0.0
1630309869000,0.001226241569589209
1630309899000,0.0
1630309929000,0.0
1630309959000,0.0
1630309989000,0.0
1630310019000,0.0
1630310049000,0.0
1630310079000,0.0
1630310109000,0.0
1630310139000,0.0
1630310169000,0.0
1630310199000,0.0
1630310229000,0.0
1630310259000,0.0
1630310289000,0.0006134969325153375
1630310319000,0.0
1630310349000,0.0
1630310379000,0.0
1630310409000,0.0
1630310439000,0.0
1630310469000,0.0
1630310499000,0.0006082725060827251
1630310529000,0.0006131207847946045
1630310559000,0.0
1630310589000,0.0
1630310619000,0.0
1630310649000,0.0
1630310679000,0.0
1630310709000,0.0006108735491753207
1630310739000,0.0
1630310769000,0.0
1630310799000,0.0006075334143377885
1630310829000,0.0
1630310859000,0.0006101281269066504
1630310889000,0.0006180469715698393
1630310919000,0.0006112469437652813
1630310949000,0.0
1630310979000,0.0
1630311009000,0.0
1630311039000,0.0
1630311069000,0.0
1630311099000,0.0
1630311129000,0.0
1630311159000,0.0005955926146515784
1630311189000,0.0
1630311219000,0.0
1630311249000,0.0
1630311279000,0.0
1630311309000,0.0
1630311339000,0.0
1630311369000,0.0
1630311399000,0.0
1630311429000,0.0
1630311459000,0.0
1630311489000,0.0
1630311519000,0.0
1630311549000,0.0
1630311579000,0.0006127450980392157
1630311609000,0.0
1630311639000,0.0
1630311669000,0.0
1630311699000,0.0005984440454817473
1630311729000,0.0
1630311759000,0.0
1630311789000,0.0
1630311819000,0.0
1630311849000,0.0
1630311879000,0.0006086427267194157
1630311909000,0.0
1630311939000,0.0005963029218843173
1630311969000,0.0005973715651135006
1630311999000,0.0
1630312029000,0.0
1630312059000,0.0
1630312089000,0.0
1630312119000,0.0006086427267194157
1630312149000,0.0005970149253731342
1630312179000,0.0
1630312209000,0.0005945303210463732
1630312239000,0.0
1630312269000,0.0
1630312299000,0.0
1630312329000,0.0
1630312359000,0.0
1630312389000,0.0
1630312419000,0.0
1630312449000,0.0006024096385542169
1630312479000,0.0
1630312509000,0.0
1630312539000,0.0006108735491753207
1630312569000,0.0
1630312599000,0.0
1630312629000,0.0
1630312659000,0.0
1630312689000,0.0
1630312719000,0.0
1630312749000,0.0006006006006006006
1630312779000,0.0006079027355623102
1630312809000,0.0
1630312839000,0.0
1630312869000,0.0006090133982947625
1630312899000,0.0005988023952095807
1630312929000,0.0
1630312959000,0.0
1630312989000,0.0
1630313019000,0.0
1630313049000,0.0
1630313079000,0.0005910165484633571
1630313109000,0.0
1630313139000,0.0
1630313169000,0.0005959475566150177
1630313199000,0.0
1630313229000,0.0
1630313259000,0.0
1630313289000,0.0006038647342995169
1630313319000,0.0
1630313349000,0.0006006006006006006
1630313379000,0.0
1630313409000,0.0
1630313439000,0.0
1630313469000,0.0
1630313499000,0.0
1630313529000,0.0
1630313559000,0.0006064281382656155
1630313589000,0.0
1630313619000,0.0
1630313649000,0.0
1630313679000,0.0
1630313709000,0.0
1630313739000,0.0
1630313769000,0.0
1630313799000,0.0
1630313829000,0.0
1630313859000,0.0
1630313889000,0.0005871990604815032
1630313919000,0.0006097560975609756
1630313949000,0.0
1630313979000,0.0
1630314009000,0.0012048192771084338
1630314039000,0.0
1630314069000,0.0
1630314099000,0.0
1630314129000,0.0
1630314159000,0.0
1630314189000,0.0
1630314219000,0.0
1630314249000,0.0
1630314279000,0.0
1630314309000,0.0
1630314339000,0.0
1630314369000,0.0
1630314399000,0.0
1630314429000,0.0
1630314459000,0.0
1630314489000,0.0
1630314519000,0.0
1630314549000,0.0
1630314579000,0.0005903187721369539
1630314609000,0.0
1630314639000,0.0006038647342995169
1630314669000,0.0
1630314699000,0.0
1630314729000,0.0
1630314759000,0.0
1630314789000,0.0
1630314819000,0.0
1630314849000,0.0006075334143377885
1630314879000,0.0
1630314909000,0.0
1630314939000,0.0
1630314969000,0.0
1630314999000,0.0
1630315029000,0.0
1630315059000,0.0006027727546714887
1630315089000,0.0006108735491753207
1630315119000,0.0006086427267194157
1630315149000,0.0
1630315179000,0.0
1630315209000,0.0
1630315239000,0.0012106537530266347
1630315269000,0.0
1630315299000,0.0
1630315329000,0.0006161429451632778
1630315359000,0.0
1630315389000,0.0
1630315419000,0.0
1630315449000,0.0006097560975609756
1630315479000,0.0
1630315509000,0.0
1630315539000,0.0006086427267194157
1630315569000,0.0
1630315599000,0.0006105006105006105
1630315629000,0.0
1630315659000,0.0
1630315689000,0.0012106537530266347
1630315719000,0.0
1630315749000,0.0005952380952380952
1630315779000,0.0006105006105006105
1630315809000,0.0
1630315839000,0.0006176652254478072
1630315869000,0.0
1630315899000,0.0
1630315929000,0.0
1630315959000,0.0006013229104028864
1630315989000,0.0006006006006006006
1630316019000,0.0
1630316049000,0.0
1630316079000,0.0006006006006006006
1630316109000,0.0
1630316139000,0.0
1630316169000,0.0006108735491753207
1630316199000,0.0
1630316229000,0.0006105006105006105
1630316259000,0.0
1630316289000,0.0006134969325153375
1630316319000,0.0
1630316349000,0.0
1630316379000,0.0006191950464396285
1630316409000,0.0006127450980392157
1630316439000,0.0
1630316469000,0.0
1630316499000,0.0
1630316529000,0.0
1630316559000,0.0
1630316589000,0.0005988023952095807
1630316619000,0.0
1630316649000,0.0
1630316679000,0.0
1630316709000,0.0
1630316739000,0.0
1630316769000,0.0
1630316799000,0.0
1630316829000,0.0006123698714023269
1630316859000,0.0
1630316889000,0.0
1630316919000,0.0
1630316949000,0.0006056935190793457
1630316979000,0.0
1630317009000,0.0005995203836930455
1630317039000,0.0
1630317069000,0.0
1630317099000,0.0
1630317129000,0.0
1630317159000,0.0
1630317189000,0.0006142506142506142
1630317219000,0.0
1630317249000,0.0
1630317279000,0.0
1630317309000,0.0
1630317339000,0.0
1630317369000,0.0
1630317399000,0.0006150061500615006
1630317429000,0.0
1630317459000,0.0
1630317489000,0.0
1630317519000,0.0006105006105006105
1630317549000,0.0
1630317579000,0.0
1630317609000,0.0006116207951070336
1630317639000,0.0006027727546714887
1630317669000,0.0
1630317699000,0.0
1630317729000,0.0006064281382656155
1630317759000,0.0
1630317789000,0.0
1630317819000,0.0
1630317849000,0.0
1630317879000,0.0006013229104028864
1630317909000,0.0005991611743559018
1630317939000,0.0
1630317969000,0.0
1630317999000,0.0
1630318029000,0.0005973715651135006
1630318059000,0.0
1630318089000,0.0
1630318119000,0.0005988023952095807
1630318149000,0.0
1630318179000,0.0
1630318209000,0.0
1630318239000,0.0
1630318269000,0.0
1630318299000,0.0006112469437652813
1630318329000,0.0
1630318359000,0.0006042296072507553
1630318389000,0.0006016847172081829
1630318419000,0.0
1630318449000,0.0
1630318479000,0.0006009615384615385
1630318509000,0.0
1630318539000,0.0
1630318569000,0.0
1630318599000,0.0
1630318629000,0.0006134969325153375
1630318659000,0.0006075334143377885
1630318689000,0.0
1630318719000,0.0
1630318749000,0.0
1630318779000,0.0
1630318809000,0.0
1630318839000,0.0005970149253731342
1630318869000,0.0
1630318899000,0.0006086427267194157
1630318929000,0.0
1630318959000,0.0005952380952380952
1630318989000,0.0006067961165048543
1630319019000,0.0
1630319049000,0.0005988023952095807
1630319079000,0.0
1630319109000,0.0
1630319139000,0.0
1630319169000,0.0006013229104028864
1630319199000,0.0
1630319229000,0.0006165228113440197
1630319259000,0.0
1630319289000,0.0
1630319319000,0.0
1630319349000,0.0
1630319379000,0.0
1630319409000,0.0
1630319439000,0.0006009615384615385
1630319469000,0.0
1630319499000,0.0005931198102016608
1630319529000,0.0
1630319559000,0.0006035003017501509
1630319589000,0.0
1630319619000,0.0
1630319649000,0.0
1630319679000,0.0005927682276229994
1630319709000,0.0
1630319739000,0.0006093845216331506
1630319769000,0.0006157635467980296
1630319799000,0.0
1630319829000,0.0
1630319859000,0.0
1630319889000,0.0005970149253731342
1630319919000,0.0
1630319949000,0.0005977286312014345
1630319979000,0.0
1630320009000,0.0
1630320039000,0.0
1630320069000,0.0006016847172081829
1630320099000,0.0
1630320129000,0.0
1630320159000,0.0006013229104028864
1630320189000,0.0
1630320219000,0.0
1630320249000,0.0
1630320279000,0.0006101281269066504
1630320309000,0.0006079027355623102
1630320339000,0.0
1630320369000,0.0
1630320399000,0.0
1630320429000,0.0006031363088057902
1630320459000,0.0
1630320489000,0.0
1630320519000,0.0
1630320549000,0.0
1630320579000,0.0006035003017501509
1630320609000,0.0
1630320639000,0.0
1630320669000,0.0
1630320699000,0.0
1630320729000,0.0
1630320759000,0.0005998800239952009
1630320789000,0.0
1630320819000,0.0006153846153846153
1630320849000,0.0006161429451632778
1630320879000,0.0
1630320909000,0.0
1630320939000,0.0
1630320969000,0.0
1630320999000,0.0
1630321029000,0.0
1630321059000,0.0
1630321089000,0.0
1630321119000,0.0
1630321149000,0.0006009615384615385
1630321179000,0.0
1630321209000,0.0
1630321239000,0.0
1630321269000,0.0
1630321299000,0.0006031363088057902
1630321329000,0.0
1630321359000,0.0
1630321389000,0.0005931198102016608
1630321419000,0.0006150061500615006
1630321449000,0.0
1630321479000,0.0005927682276229994
1630321509000,0.0
1630321539000,0.0
1630321569000,0.0006153846153846153
1630321599000,0.0
1630321629000,0.0
1630321659000,0.0005903187721369539
1630321689000,0.0
1630321719000,0.0
1630321749000,0.000588235294117647
1630321779000,0.0
1630321809000,0.0
1630321839000,0.0005970149253731342
1630321869000,0.0006253908692933082
1630321899000,0.0
1630321929000,0.0
1630321959000,0.0
1630321989000,0.0
1630322019000,0.0
1630322049000,0.0006123698714023269
1630322079000,0.0
1630322109000,0.0
1630322139000,0.0005998800239952009
1630322169000,0.0
1630322199000,0.0
1630322229000,0.0
1630322259000,0.0
1630322289000,0.0
1630322319000,0.0
1630322349000,0.0
1630322379000,0.0
1630322409000,0.0
1630322439000,0.0
1630322469000,0.0
1630322499000,0.0
1630322529000,0.0005892751915144372
1630322559000,0.0
1630322589000,0.0
1630322619000,0.0
1630322649000,0.0006042296072507553
1630322679000,0.0005963029218843173
1630322709000,0.0006123698714023269
1630322739000,0.0
1630322769000,0.0006009615384615385
1630322799000,0.0006184291898577612
1630322829000,0.0
1630322859000,0.0
1630322889000,0.0006009615384615385
1630322919000,0.0
1630322949000,0.0
1630322979000,0.0
1630323009000,0.0
1630323039000,0.0006093845216331506
1630323069000,0.0
1630323099000,0.0006038647342995169
1630323129000,0.0
1630323159000,0.0
1630323189000,0.0
1630323219000,0.0
1630323249000,0.0006138735420503376
1630323279000,0.0
1630323309000,0.0005938242280285036
1630323339000,0.0
1630323369000,0.0005952380952380952
1630323399000,0.0
1630323429000,0.0006131207847946045
1630323459000,0.0
1630323489000,0.0
1630323519000,0.0
1630323549000,0.0
1630323579000,0.0
1630323609000,0.0
1630323639000,0.0
1630323669000,0.0
1630323699000,0.0
1630323729000,0.0
1630323759000,0.0
1630323789000,0.0
1630323819000,0.0012345679012345679
1630323849000,0.0
1630323879000,0.0
1630323909000,0.0
1630323939000,0.0
1630323969000,0.0
1630323999000,0.0
1630324029000,0.0006016847172081829
1630324059000,0.0006082725060827251
1630324089000,0.0
1630324119000,0.0
1630324149000,0.0005980861244019139
1630324179000,0.0
1630324209000,0.0
1630324239000,0.0
1630324269000,0.0006024096385542169
1630324299000,0.0006053268765133173
1630324329000,0.0005995203836930455
1630324359000,0.0
1630324389000,0.0
1630324419000,0.0
1630324449000,0.0
1630324479000,0.0
1630324509000,0.0
1630324539000,0.0
1630324569000,0.0
1630324599000,0.0
1630324629000,0.0005980861244019139
1630324659000,0.0006006006006006006
1630324689000,0.0
1630324719000,0.0006127450980392157
1630324749000,0.0005980861244019139
1630324779000,0.0006045949214026603
1630324809000,0.0005931198102016608
1630324839000,0.0
1630324869000,0.0006067961165048543
1630324899000,0.0005952380952380952
1630324929000,0.0
1630324959000,0.0
1630324989000,0.0
1630325019000,0.0
1630325049000,0.0
1630325079000,0.0
1630325109000,0.0
1630325139000,0.0
1630325169000,0.0
1630325199000,0.0006038647342995169
1630325229000,0.0
1630325259000,0.0006142506142506142
1630325289000,0.0
1630325319000,0.0
1630325349000,0.0
1630325379000,0.0
1630325409000,0.0006108735491753207
1630325439000,0.0
1630325469000,0.0
1630325499000,0.0005991611743559018
1630325529000,0.0
1630325559000,0.0
1630325589000,0.0
1630325619000,0.0
1630325649000,0.0006134969325153375
1630325679000,0.0
1630325709000,0.0
1630325739000,0.0
1630325769000,0.0
1630325799000,0.0
1630325829000,0.0
1630325859000,0.0
1630325889000,0.0
1630325919000,0.0
1630325949000,0.0
1630325979000,0.0
1630326009000,0.0006134969325153375
1630326039000,0.0
1630326069000,0.0006146281499692684
1630326099000,0.0006207324643078832
1630326129000,0.0
1630326159000,0.0006042296072507553
1630326189000,0.0006101281269066504
1630326219000,0.0
1630326249000,0.0
1630326279000,0.0006031363088057902
1630326309000,0.0
1630326339000,0.0
1630326369000,0.0
1630326399000,0.0
1630326429000,0.0
1630326459000,0.0006002400960384152
1630326489000,0.0005952380952380952
1630326519000,0.0006112469437652813
1630326549000,0.0006146281499692684
1630326579000,0.0
1630326609000,0.0
1630326639000,0.0
1630326669000,0.0
1630326699000,0.0005941770647653001
1630326729000,0.0
1630326759000,0.0005913660555884093
1630326789000,0.0005955926146515784
1630326819000,0.0
1630326849000,0.0
1630326879000,0.0006071645415907711
1630326909000,0.0
1630326939000,0.0
1630326969000,0.0
1630326999000,0.0
1630327029000,0.0
1630327059000,0.0
1630327089000,0.0
1630327119000,0.0006031363088057902
1630327149000,0.0
1630327179000,0.0006184291898577612
1630327209000,0.0
1630327239000,0.0006127450980392157
1630327269000,0.0
1630327299000,0.0
1630327329000,0.0006230529595015578
1630327359000,0.0
1630327389000,0.0
1630327419000,0.0006123698714023269
1630327449000,0.0
1630327479000,0.0
1630327509000,0.0006108735491753207
1630327539000,0.0006086427267194157
1630327569000,0.0
1630327599000,0.0
1630327629000,0.0005991611743559018
1630327659000,0.0
1630327689000,0.0006064281382656155
1630327719000,0.0
1630327749000,0.0006006006006006006
1630327779000,0.0005889281507656067
1630327809000,0.0
1630327839000,0.0006013229104028864
1630327869000,0.0006006006006006006
1630327899000,0.0006161429451632778
1630327929000,0.0
1630327959000,0.0
1630327989000,0.0
1630328019000,0.0
1630328049000,0.0
1630328079000,0.0
1630328109000,0.0
1630328139000,0.0
1630328169000,0.0
1630328199000,0.0
1630328229000,0.0
1630328259000,0.0
1630328289000,0.0
1630328319000,0.0
1630328349000,0.0006060606060606062
1630328379000,0.0
1630328409000,0.0
1630328439000,0.0
1630328469000,0.0
1630328499000,0.0
1630328529000,0.0006097560975609756
1630328559000,0.0006134969325153375
1630328589000,0.0
1630328619000,0.0
1630328649000,0.0006131207847946045
1630328679000,0.0
1630328709000,0.0
1630328739000,0.0
1630328769000,0.0006211180124223603
1630328799000,0.0
1630328829000,0.0006157635467980296
1630328859000,0.0
1630328889000,0.0006093845216331506
1630328919000,0.0
1630328949000,0.0006016847172081829
1630328979000,0.0006116207951070336
1630329009000,0.0006067961165048543
1630329039000,0.0
1630329069000,0.0
1630329099000,0.0
1630329129000,0.0
1630329159000,0.0006053268765133173
1630329189000,0.0
1630329219000,0.0
1630329249000,0.0006013229104028864
1630329279000,0.0
1630329309000,0.0006131207847946045
1630329339000,0.0
1630329369000,0.0005913660555884093
1630329399000,0.0
1630329429000,0.0
1630329459000,0.0
1630329489000,0.0
1630329519000,0.0
1630329549000,0.0
1630329579000,0.0
1630329609000,0.0
1630329639000,0.0
1630329669000,0.0
1630329699000,0.0
1630329729000,0.0006075334143377885
1630329759000,0.0
1630329789000,0.0
1630329819000,0.0
1630329849000,0.0006112469437652813
1630329879000,0.0
1630329909000,0.0
1630329939000,0.0
1630329969000,0.0
1630329999000,0.0006165228113440197
1630330029000,0.0
1630330059000,0.0
1630330089000,0.0006172839506172839
1630330119000,0.0
1630330149000,0.0
1630330179000,0.0011947431302270011
1630330209000,0.0006086427267194157
1630330239000,0.0005991611743559018
1630330269000,0.0
1630330299000,0.0
1630330329000,0.0006064281382656155
1630330359000,0.0
1630330389000,0.0
1630330419000,0.0
1630330449000,0.0006009615384615385
1630330479000,0.0
1630330509000,0.0
1630330539000,0.0
1630330569000,0.0
1630330599000,0.0006112469437652813
1630330629000,0.0006027727546714887
1630330659000,0.0
1630330689000,0.0
1630330719000,0.0
1630330749000,0.0
1630330779000,0.0
1630330809000,0.0006067961165048543
1630330839000,0.0
1630330869000,0.0
1630330899000,0.0
1630330929000,0.0
1630330959000,0.0
1630330989000,0.0006176652254478072
1630331019000,0.0006006006006006006
1630331049000,0.0005889281507656067
1630331079000,0.0
1630331109000,0.0
1630331139000,0.0
1630331169000,0.0005924170616113746
1630331199000,0.0006009615384615385
1630331229000,0.0
1630331259000,0.0006153846153846153
1630331289000,0.0
1630331319000,0.0
1630331349000,0.0
1630331379000,0.0
1630331409000,0.0005896226415094339
1630331439000,0.0
1630331469000,0.0
1630331499000,0.0
1630331529000,0.0
1630331559000,0.0
1630331589000,0.0
1630331619000,0.0
1630331649000,0.0
1630331679000,0.0
1630331709000,0.0006009615384615385
1630331739000,0.0
1630331769000,0.0006218905472636817
1630331799000,0.0011855364552459987
1630331829000,0.0
1630331859000,0.0
1630331889000,0.0
1630331919000,0.0
1630331949000,0.0
1630331979000,0.0006180469715698393
1630332009000,0.0006027727546714887
1630332039000,0.0
1630332069000,0.0
1630332099000,0.0
1630332129000,0.0
1630332159000,0.0006042296072507553
1630332189000,0.0
1630332219000,0.0
1630332249000,0.0
1630332279000,0.0006064281382656155
1630332309000,0.0006169031462060457
1630332339000,0.0
1630332369000,0.0006020469596628537
1630332399000,0.0
1630332429000,0.0006086427267194157
1630332459000,0.0
1630332489000,0.0
1630332519000,0.0
1630332549000,0.0006060606060606062
1630332579000,0.0
1630332609000,0.0
1630332639000,0.0
1630332669000,0.0
1630332699000,0.0006013229104028864
1630332729000,0.0
1630332759000,0.0
1630332789000,0.0
1630332819000,0.0006064281382656155
1630332849000,0.0
1630332879000,0.0
1630332909000,0.0
1630332939000,0.0
1630332969000,0.0
1630332999000,0.0
1630333029000,0.0
1630333059000,0.0006009615384615385
1630333089000,0.0005991611743559018
1630333119000,0.0
1630333149000,0.0
1630333179000,0.0
1630333209000,0.0
1630333239000,0.0
1630333269000,0.0
1630333299000,0.0
1630333329000,0.0
1630333359000,0.0
1630333389000,0.0
1630333419000,0.0
1630333449000,0.0
1630333479000,0.0006097560975609756
1630333509000,0.0
1630333539000,0.0006031363088057902
1630333569000,0.0
1630333599000,0.0005980861244019139
1630333629000,0.0
1630333659000,0.0005892751915144372
1630333689000,0.0
1630333719000,0.0005945303210463732
1630333749000,0.0
1630333779000,0.0
1630333809000,0.0012391573729863693
1630333839000,0.0
1630333869000,0.0006169031462060457
1630333899000,0.0006016847172081829
1630333929000,0.0
1630333959000,0.0
1630333989000,0.0
1630334019000,0.0
1630334049000,0.0
1630334079000,0.0005917159763313611
1630334109000,0.0006142506142506142
1630334139000,0.0
1630334169000,0.0006086427267194157
1630334199000,0.0
1630334229000,0.0
1630334259000,0.0
1630334289000,0.0
1630334319000,0.0
1630334349000,0.0
1630334379000,0.0
1630334409000,0.0
1630334439000,0.0005924170616113746
1630334469000,0.0
1630334499000,0.0
1630334529000,0.0
1630334559000,0.0006020469596628537
1630334589000,0.0
1630334619000,0.0006090133982947625
1630334649000,0.0
1630334679000,0.0
1630334709000,0.0006082725060827251
1630334739000,0.0
1630334769000,0.0
1630334799000,0.0
1630334829000,0.0
1630334859000,0.0
1630334889000,0.0
1630334919000,0.0006035003017501509
1630334949000,0.0
1630334979000,0.0
1630335009000,0.0
1630335039000,0.0
1630335069000,0.0
1630335099000,0.0006119951040391675
1630335129000,0.0
1630335159000,0.0
1630335189000,0.0
1630335219000,0.0
1630335249000,0.0006211180124223603
1630335279000,0.0
1630335309000,0.0
1630335339000,0.0
1630335369000,0.0005970149253731342
1630335399000,0.0
1630335429000,0.0
1630335459000,0.0
1630335489000,0.0
1630335519000,0.0
1630335549000,0.0
1630335579000,0.0005875440658049354
1630335609000,0.0006082725060827251
1630335639000,0.0
1630335669000,0.0
1630335699000,0.0
1630335729000,0.0006157635467980296
1630335759000,0.0
1630335789000,0.0
1630335819000,0.0006150061500615006
1630335849000,0.0
1630335879000,0.0
1630335909000,0.0
1630335939000,0.0006009615384615385
1630335969000,0.0
1630335999000,0.0006086427267194157
1630336029000,0.0005977286312014345
1630336059000,0.0
1630336089000,0.0
1630336119000,0.0
1630336149000,0.0006097560975609756
1630336179000,0.0
1630336209000,0.0
1630336239000,0.0005899705014749262
1630336269000,0.0006086427267194157
1630336299000,0.0
1630336329000,0.0
1630336359000,0.0
1630336389000,0.0
1630336419000,0.0006038647342995169
1630336449000,0.0006049606775559589
1630336479000,0.0
1630336509000,0.0
1630336539000,0.0
1630336569000,0.0
1630336599000,0.0
1630336629000,0.0
1630336659000,0.0
1630336689000,0.0
1630336719000,0.0
1630336749000,0.0
1630336779000,0.0
1630336809000,0.0006013229104028864
1630336839000,0.0005970149253731342
1630336869000,0.0
1630336899000,0.0005970149253731342
1630336929000,0.0
1630336959000,0.000588235294117647
1630336989000,0.0006097560975609756
1630337019000,0.0
1630337049000,0.0
1630337079000,0.0
1630337109000,0.0
1630337139000,0.0
1630337169000,0.0
1630337199000,0.0006207324643078832
1630337229000,0.0
1630337259000,0.0
1630337289000,0.0
1630337319000,0.0
1630337349000,0.0
1630337379000,0.0
1630337409000,0.0
1630337439000,0.0006079027355623102
1630337469000,0.0
1630337499000,0.0
1630337529000,0.0
1630337559000,0.0
1630337589000,0.0006031363088057902
1630337619000,0.0
1630337649000,0.0
1630337679000,0.0006097560975609756
1630337709000,0.0
1630337739000,0.0
1630337769000,0.0006180469715698393
1630337799000,0.0
1630337829000,0.0
1630337859000,0.0
1630337889000,0.0
1630337919000,0.0
1630337949000,0.0
1630337979000,0.0
1630338009000,0.0006053268765133173
1630338039000,0.0
1630338069000,0.0
1630338099000,0.0005952380952380952
1630338129000,0.0
1630338159000,0.0
1630338189000,0.0
1630338219000,0.0
1630338249000,0.0
1630338279000,0.0
1630338309000,0.0
1630338339000,0.0
1630338369000,0.0006013229104028864
1630338399000,0.0
1630338429000,0.0
1630338459000,0.0
1630338489000,0.0
1630338519000,0.0
1630338549000,0.0
1630338579000,0.0005934718100890207
1630338609000,0.0006119951040391675
1630338639000,0.0
1630338669000,0.0006053268765133173
1630338699000,0.0006086427267194157
1630338729000,0.0
1630338759000,0.0005980861244019139
1630338789000,0.0
1630338819000,0.0
1630338849000,0.0
1630338879000,0.0006035003017501509
1630338909000,0.0
1630338939000,0.001221001221001221
1630338969000,0.0
1630338999000,0.0
1630339029000,0.0
1630339059000,0.0
1630339089000,0.0006064281382656155
1630339119000,0.0005955926146515784
1630339149000,0.0
1630339179000,0.0
1630339209000,0.0
1630339239000,0.0
1630339269000,0.0
1630339299000,0.0
1630339329000,0.0
1630339359000,0.0
1630339389000,0.0006101281269066504
1630339419000,0.0
1630339449000,0.0
1630339479000,0.0
1630339509000,0.001201923076923077
1630339539000,0.0
1630339569000,0.0006116207951070336
1630339599000,0.0005995203836930455
1630339629000,0.0
1630339659000,0.0006105006105006105
1630339689000,0.0
1630339719000,0.0006042296072507553
1630339749000,0.0
1630339779000,0.0
1630339809000,0.0005998800239952009
1630339839000,0.0
1630339869000,0.0
1630339899000,0.0
1630339929000,0.0
1630339959000,0.0006090133982947625
1630339989000,0.0
1630340019000,0.0
1630340049000,0.0
1630340079000,0.0
1630340109000,0.0
1630340139000,0.0
1630340169000,0.0
1630340199000,0.0006035003017501509
1630340229000,0.0
1630340259000,0.0006009615384615385
1630340289000,0.0
1630340319000,0.0011841326228537595
1630340349000,0.0
1630340379000,0.0005861664712778429
1630340409000,0.0
1630340439000,0.0
1630340469000,0.0006090133982947625
1630340499000,0.0
1630340529000,0.0
1630340559000,0.0
1630340589000,0.0
1630340619000,0.0005977286312014345
1630340649000,0.0
1630340679000,0.0005931198102016608
1630340709000,0.0
1630340739000,0.0006064281382656155
1630340769000,0.0
1630340799000,0.0011968880909634947
1630340829000,0.0006097560975609756
1630340859000,0.0
1630340889000,0.0
1630340919000,0.0
1630340949000,0.0
1630340979000,0.0
1630341009000,0.0
1630341039000,0.0006031363088057902
1630341069000,0.0
1630341099000,0.0
1630341129000,0.0
1630341159000,0.0
1630341189000,0.0006002400960384152
1630341219000,0.0
1630341249000,0.0
1630341279000,0.0006123698714023269
1630341309000,0.0006038647342995169
1630341339000,0.0
1630341369000,0.0
1630341399000,0.0012070006035003018
1630341429000,0.0
1630341459000,0.0
1630341489000,0.0005995203836930455
1630341519000,0.0
1630341549000,0.0
1630341579000,0.0006045949214026603
1630341609000,0.0006056935190793457
1630341639000,0.0
1630341669000,0.0006060606060606062
1630341699000,0.0
1630341729000,0.0
1630341759000,0.0
1630341789000,0.0
1630341819000,0.0006045949214026603
1630341849000,0.0
1630341879000,0.0
1630341909000,0.0
1630341939000,0.0
1630341969000,0.0
1630341999000,0.0
1630342029000,0.0
1630342059000,0.0
1630342089000,0.0006172839506172839
1630342119000,0.0005963029218843173
1630342149000,0.0
1630342179000,0.0
1630342209000,0.0
1630342239000,0.0
1630342269000,0.0
1630342299000,0.0
1630342329000,0.0
1630342359000,0.0
1630342389000,0.0
1630342419000,0.0006064281382656155
1630342449000,0.0
1630342479000,0.0
1630342509000,0.0
1630342539000,0.0
1630342569000,0.0
1630342599000,0.0
1630342629000,0.0
1630342659000,0.0
1630342689000,0.0
1630342719000,0.0
1630342749000,0.0
1630342779000,0.0006090133982947625
1630342809000,0.0
1630342839000,0.0005938242280285036
1630342869000,0.0
1630342899000,0.0
1630342929000,0.0
1630342959000,0.0
1630342989000,0.0
1630343019000,0.0005963029218843173
1630343049000,0.0006097560975609756
1630343079000,0.0
1630343109000,0.0
1630343139000,0.0006142506142506142
1630343169000,0.0006082725060827251
1630343199000,0.0006020469596628537
1630343229000,0.0006097560975609756
1630343259000,0.0
1630343289000,0.0
1630343319000,0.0
1630343349000,0.0006082725060827251
1630343379000,0.0
1630343409000,0.0006049606775559589
1630343439000,0.0
1630343469000,0.0
1630343499000,0.0
1630343529000,0.0
1630343559000,0.0
1630343589000,0.0
1630343619000,0.0
1630343649000,0.0
1630343679000,0.0
1630343709000,0.0
1630343739000,0.0
1630343769000,0.0006038647342995169
1630343799000,0.0
1630343829000,0.0
1630343859000,0.0006075334143377885
1630343889000,0.0006191950464396285
1630343919000,0.0006020469596628537
1630343949000,0.0
1630343979000,0.0
1630344009000,0.0
1630344039000,0.0
1630344069000,0.0
1630344099000,0.0006035003017501509
1630344129000,0.0
1630344159000,0.0006108735491753207
1630344189000,0.0
1630344219000,0.0006071645415907711
1630344249000,0.0006105006105006105
1630344279000,0.0012254901960784314
1630344309000,0.0
1630344339000,0.0
1630344369000,0.0
1630344399000,0.0
1630344429000,0.0
1630344459000,0.0
1630344489000,0.0
1630344519000,0.0012143290831815425
1630344549000,0.0
1630344579000,0.0012217470983506415
1630344609000,0.0
1630344639000,0.0
1630344669000,0.0006150061500615006
1630344699000,0.0
1630344729000,0.0
1630344759000,0.0006042296072507553
1630344789000,0.0006119951040391675
1630344819000,0.0
1630344849000,0.0
1630344879000,0.0006146281499692684
1630344909000,0.0
1630344939000,0.0
1630344969000,0.0
1630344999000,0.0
1630345029000,0.0
1630345059000,0.0
1630345089000,0.0
1630345119000,0.0
1630345149000,0.0
1630345179000,0.0005945303210463732
1630345209000,0.0
1630345239000,0.0006157635467980296
1630345269000,0.0
1630345299000,0.0
1630345329000,0.0006013229104028864
1630345359000,0.0006172839506172839
1630345389000,0.0
1630345419000,0.0005813953488372093
1630345449000,0.0
1630345479000,0.0
1630345509000,0.0006071645415907711
1630345539000,0.0
1630345569000,0.0
1630345599000,0.0
1630345629000,0.0
1630345659000,0.0
1630345689000,0.0006009615384615385
1630345719000,0.0
1630345749000,0.0006056935190793457
1630345779000,0.0
1630345809000,0.0
1630345839000,0.0
1630345869000,0.0
1630345899000,0.0006075334143377885
1630345929000,0.0
1630345959000,0.0
1630345989000,0.0006086427267194157
1630346019000,0.0
1630346049000,0.0006172839506172839
1630346079000,0.0006064281382656155
1630346109000,0.0005924170616113746
1630346139000,0.0
1630346169000,0.0
1630346199000,0.0
1630346229000,0.0
1630346259000,0.0006006006006006006
1630346289000,0.0006093845216331506
1630346319000,0.0006042296072507553
1630346349000,0.0
1630346379000,0.0006006006006006006
1630346409000,0.0
1630346439000,0.0006108735491753207
1630346469000,0.0006169031462060457
1630346499000,0.0005963029218843173
1630346529000,0.0006119951040391675
1630346559000,0.0
1630346589000,0.0
1630346619000,0.0
1630346649000,0.0006002400960384152
1630346679000,0.0
1630346709000,0.0006138735420503376
1630346739000,0.0
1630346769000,0.0
1630346799000,0.0006053268765133173
1630346829000,0.0
1630346859000,0.0
1630346889000,0.0
1630346919000,0.0
1630346949000,0.0
1630346979000,0.0006082725060827251
1630347009000,0.0
1630347039000,0.0
1630347069000,0.0006191950464396285
1630347099000,0.0
1630347129000,0.0
1630347159000,0.0
1630347189000,0.0005938242280285036
1630347219000,0.0
1630347249000,0.0006086427267194157
1630347279000,0.0
1630347309000,0.001195457262402869
1630347339000,0.0
1630347369000,0.0
1630347399000,0.0
1630347429000,0.0
1630347459000,0.0
1630347489000,0.0
1630347519000,0.0
1630347549000,0.0
1630347579000,0.0
1630347609000,0.0
1630347639000,0.0005991611743559018
1630347669000,0.0
1630347699000,0.0
1630347729000,0.0
1630347759000,0.0
1630347789000,0.0
1630347819000,0.0
1630347849000,0.0006138735420503376
1630347879000,0.0
1630347909000,0.0006157635467980296
1630347939000,0.0005917159763313611
1630347969000,0.0
1630347999000,0.0
1630348029000,0.0
1630348059000,0.0
1630348089000,0.0006142506142506142
1630348119000,0.0
1630348149000,0.0
1630348179000,0.0
1630348209000,0.0006060606060606062
1630348239000,0.0006112469437652813
1630348269000,0.0
1630348299000,0.0
1630348329000,0.0005948839976204639
1630348359000,0.0
1630348389000,0.0006131207847946045
1630348419000,0.0
1630348449000,0.0006071645415907711
1630348479000,0.0006020469596628537
1630348509000,0.0
1630348539000,0.0005841121495327102
1630348569000,0.0
1630348599000,0.0
1630348629000,0.0
1630348659000,0.0005980861244019139
1630348689000,0.0
1630348719000,0.0
1630348749000,0.0
1630348779000,0.0005955926146515784
1630348809000,0.0006027727546714887
1630348839000,0.0012062726176115801
1630348869000,0.0
1630348899000,0.0006027727546714887
1630348929000,0.0
1630348959000,0.0
1630348989000,0.0006211180124223603
1630349019000,0.0006105006105006105
1630349049000,0.0
1630349079000,0.0
1630349109000,0.0
1630349139000,0.0006101281269066504
1630349169000,0.0
1630349199000,0.0
1630349229000,0.0
1630349259000,0.0
1630349289000,0.0
1630349319000,0.0
1630349349000,0.0
1630349379000,0.0
1630349409000,0.0
1630349439000,0.0
1630349469000,0.0
1630349499000,0.0006090133982947625
1630349529000,0.0006230529595015578
1630349559000,0.0006067961165048543
1630349589000,0.0
1630349619000,0.0
1630349649000,0.0
1630349679000,0.0005995203836930455
1630349709000,0.0005988023952095807
1630349739000,0.0
1630349769000,0.0
1630349799000,0.0006060606060606062
1630349829000,0.0
1630349859000,0.0006071645415907711
1630349889000,0.0
1630349919000,0.0
1630349949000,0.0
1630349979000,0.0
1630350009000,0.0
1630350039000,0.0
1630350069000,0.0
1630350099000,0.0
1630350129000,0.0006053268765133173
1630350159000,0.0
1630350189000,0.0
1630350219000,0.0
1630350249000,0.0
1630350279000,0.0005991611743559018
1630350309000,0.0
1630350339000,0.0006035003017501509
1630392159000,0.0
1630392189000,0.0
1630392219000,0.0
1630392249000,0.0
1630392279000,0.0006138735420503376
1630392309000,0.0
1630392339000,0.0
1630392369000,0.0
1630392399000,0.0
1630392429000,0.0
1630392459000,0.0
1630392489000,0.0006150061500615006
1630392519000,0.0
1630392549000,0.0
1630392579000,0.0
1630392609000,0.0
1630392639000,0.0006082725060827251
1630392669000,0.0
1630392699000,0.0006105006105006105
1630392729000,0.0012143290831815425
1630392759000,0.0
1630392789000,0.0
1630392819000,0.0
1630392849000,0.0
1630392879000,0.0005970149253731342
1630392909000,0.0
1630392939000,0.0006064281382656155
1630392969000,0.0
1630392999000,0.0
1630393029000,0.0
1630393059000,0.0
1630393089000,0.0
1630393119000,0.0
1630393149000,0.0
1630393179000,0.0005903187721369539
1630393209000,0.0
1630393239000,0.0
1630393269000,0.0
1630393299000,0.0
1630393329000,0.0005998800239952009
1630393359000,0.0006045949214026603
1630393389000,0.0
1630393419000,0.0
1630393449000,0.0
1630393479000,0.0
1630393509000,0.0005963029218843173
1630393539000,0.0
1630393569000,0.0
1630393599000,0.0
1630393629000,0.0
1630393659000,0.0
1630393689000,0.0
1630393719000,0.0005988023952095807
1630393749000,0.0005977286312014345
1630393779000,0.0006024096385542169
1630393809000,0.0005952380952380952
1630393839000,0.0006090133982947625
1630393869000,0.0
1630393899000,0.0
1630393929000,0.0
1630393959000,0.0
1630393989000,0.0
1630394019000,0.0006079027355623102
1630394049000,0.0
1630394079000,0.0
1630394109000,0.0
1630394139000,0.0
1630394169000,0.0
1630394199000,0.0
1630394229000,0.0
1630394259000,0.0
1630394289000,0.0006093845216331506
1630394319000,0.0
1630394349000,0.0
1630394379000,0.0
1630394409000,0.0
1630394439000,0.0
1630394469000,0.0
1630394499000,0.0006071645415907711
1630394529000,0.0
1630394559000,0.0005973715651135006
1630394589000,0.0
1630394619000,0.0005924170616113746
1630394649000,0.0
1630394679000,0.0
1630394709000,0.0
1630394739000,0.0
1630394769000,0.0
1630394799000,0.0
1630394829000,0.0
1630394859000,0.0005970149253731342
1630394889000,0.0006035003017501509
1630394919000,0.0
1630394949000,0.0
1630394979000,0.0
1630395009000,0.0
1630395039000,0.0
1630395069000,0.0
1630395099000,0.0
1630395129000,0.0
1630395159000,0.0
1630395189000,0.0
1630395219000,0.0
1630395249000,0.0
1630395279000,0.0005984440454817473
1630395309000,0.0
1630395339000,0.0
1630395369000,0.0006060606060606062
1630395399000,0.0006042296072507553
1630395429000,0.0006082725060827251
1630395459000,0.0006119951040391675
1630395489000,0.0
1630395519000,0.0
1630395549000,0.0
1630395579000,0.0
1630395609000,0.0
1630395639000,0.0
1630395669000,0.0
1630395699000,0.0
1630395729000,0.0
1630395759000,0.0006031363088057902
1630395789000,0.0
1630395819000,0.0
1630395849000,0.0
1630395879000,0.0
1630395909000,0.0
1630395939000,0.0
1630395969000,0.0006101281269066504
1630395999000,0.0
1630396029000,0.0
1630396059000,0.0006105006105006105
1630396089000,0.0006093845216331506
1630396119000,0.0
1630396149000,0.0
1630396179000,0.0
1630396209000,0.0
1630396239000,0.0005913660555884093
1630396269000,0.0006116207951070336
1630396299000,0.0
1630396329000,0.0006184291898577612
1630396359000,0.0006067961165048543
1630396389000,0.0
1630396419000,0.0
1630396449000,0.0
1630396479000,0.0005977286312014345
1630396509000,0.0006038647342995169
1630396539000,0.0006035003017501509
1630396569000,0.0
1630396599000,0.0
1630396629000,0.0006060606060606062
1630396659000,0.0
1630396689000,0.0005988023952095807
1630396719000,0.0
1630396749000,0.0
1630396779000,0.0
1630396809000,0.0
1630396839000,0.0006101281269066504
1630396869000,0.0006150061500615006
1630396899000,0.0006056935190793457
1630396929000,0.0
1630396959000,0.0
1630396989000,0.0
1630397019000,0.0
1630397049000,0.0
1630397079000,0.0
1630397109000,0.0
1630397139000,0.0
1630397169000,0.0006020469596628537
1630397199000,0.0
1630397229000,0.0
1630397259000,0.0
1630397289000,0.0006009615384615385
1630397319000,0.0
1630397349000,0.0
1630397379000,0.0006024096385542169
1630397409000,0.0
1630397439000,0.0
1630397469000,0.0005970149253731342
1630397499000,0.0
1630397529000,0.0
1630397559000,0.0006090133982947625
1630397589000,0.0
1630397619000,0.0005980861244019139
1630397649000,0.0006101281269066504
1630397679000,0.0
1630397709000,0.0
1630397739000,0.0
1630397769000,0.0
1630397799000,0.0
1630397829000,0.0
1630397859000,0.0
1630397889000,0.0
1630397919000,0.0
1630397949000,0.0
1630397979000,0.0
1630398009000,0.0006082725060827251
1630398039000,0.0
1630398069000,0.0
1630398099000,0.0006184291898577612
1630398129000,0.0
1630398159000,0.0
1630398189000,0.0
1630398219000,0.0
1630398249000,0.0005959475566150177
1630398279000,0.0
1630398309000,0.0005988023952095807
1630398339000,0.0
1630398369000,0.0
1630398399000,0.0
1630398429000,0.0
1630398459000,0.0006093845216331506
1630398489000,0.0
1630398519000,0.0
1630398549000,0.0
1630398579000,0.0
1630398609000,0.0
1630398639000,0.0
1630398669000,0.0
1630398699000,0.0
1630398729000,0.0
1630398759000,0.0
1630398789000,0.0
1630398819000,0.0006060606060606062
1630398849000,0.0
1630398879000,0.0006027727546714887
1630398909000,0.0
1630398939000,0.0
1630398969000,0.0
1630398999000,0.0
1630399029000,0.0
1630399059000,0.0006079027355623102
1630399089000,0.0
1630399119000,0.0
1630399149000,0.0
1630399179000,0.0006086427267194157
1630399209000,0.0
1630399239000,0.0
1630399269000,0.0006016847172081829
1630399299000,0.0006157635467980296
1630399329000,0.0
1630399359000,0.0
1630399389000,0.0
1630399419000,0.0
1630399449000,0.0
1630399479000,0.0
1630399509000,0.0006049606775559589
1630399539000,0.0
1630399569000,0.0
1630399599000,0.0
1630399629000,0.0005995203836930455
1630399659000,0.0
1630399689000,0.0
1630399719000,0.0
1630399749000,0.0
1630399779000,0.0
1630399809000,0.0005963029218843173
1630399839000,0.0
1630399869000,0.0
1630399899000,0.0005980861244019139
1630399929000,0.0
1630399959000,0.0
1630399989000,0.0
1630400019000,0.0005938242280285036
1630400049000,0.0
1630400079000,0.0
1630400109000,0.0
1630400139000,0.0
1630400169000,0.0
1630400199000,0.0
1630400229000,0.0006045949214026603
1630400259000,0.0
1630400289000,0.0
1630400319000,0.0
1630400349000,0.0006101281269066504
1630400379000,0.0
1630400409000,0.0005988023952095807
1630400439000,0.0
1630400469000,0.0
1630400499000,0.0
1630400529000,0.0
1630400559000,0.0
1630400589000,0.0
1630400619000,0.0
1630400649000,0.0
1630400679000,0.0
1630400709000,0.0
1630400739000,0.0
1630400769000,0.0
1630400799000,0.0
1630400829000,0.0
1630400859000,0.0
1630400889000,0.0
1630400919000,0.0
1630400949000,0.0
1630400979000,0.0
1630401009000,0.0
1630401039000,0.0
1630401069000,0.0
1630401099000,0.0
1630401129000,0.0
1630401159000,0.0
1630401189000,0.0006027727546714887
1630401219000,0.0
1630401249000,0.0005931198102016608
1630401279000,0.0
1630401309000,0.0
1630401339000,0.0
1630401369000,0.0005948839976204639
1630401399000,0.0
1630401429000,0.0
1630401459000,0.0
1630401489000,0.0
1630401519000,0.0
1630401549000,0.0
1630401579000,0.0005995203836930455
1630401609000,0.0
1630401639000,0.0
1630401669000,0.0
1630401699000,0.0
1630401729000,0.0006013229104028864
1630401759000,0.0006093845216331506
1630401789000,0.0
1630401819000,0.0005977286312014345
1630401849000,0.0
1630401879000,0.0
1630401909000,0.0005892751915144372
1630401939000,0.0006042296072507553
1630401969000,0.0005998800239952009
1630401999000,0.0
1630402029000,0.0006138735420503376
1630402059000,0.0
1630402089000,0.0006199628022318662
1630402119000,0.0
1630402149000,0.0006002400960384152
1630402179000,0.0
1630402209000,0.0006006006006006006
1630402239000,0.0
1630402269000,0.0
1630402299000,0.0
1630402329000,0.0
1630402359000,0.0
1630402389000,0.0006157635467980296
1630402419000,0.0006172839506172839
1630402449000,0.0
1630402479000,0.0006093845216331506
1630402509000,0.0
1630402539000,0.0
1630402569000,0.0
1630402599000,0.0006211180124223603
1630402629000,0.0
1630402659000,0.0005875440658049354
1630402689000,0.0006199628022318662
1630402719000,0.0
1630402749000,0.0
1630402779000,0.0006079027355623102
1630402809000,0.0
1630402839000,0.0006215040397762585
1630402869000,0.0
1630402899000,0.0
1630402929000,0.0
1630402959000,0.0006101281269066504
1630402989000,0.0
1630403019000,0.0
1630403049000,0.0
1630403079000,0.0
1630403109000,0.0006119951040391675
1630403139000,0.0006075334143377885
1630403169000,0.0
1630403199000,0.0
1630403229000,0.0
1630403259000,0.0
1630403289000,0.0
1630403319000,0.0
1630403349000,0.0
1630403379000,0.0
1630403409000,0.0
1630403439000,0.0006079027355623102
1630403469000,0.0
1630403499000,0.0
1630403529000,0.0
1630403559000,0.0
1630403589000,0.0
1630403619000,0.0
1630403649000,0.0
1630403679000,0.0
1630403709000,0.0
1630403739000,0.0006093845216331506
1630403769000,0.0
1630403799000,0.0006067961165048543
1630403829000,0.0
1630403859000,0.0
1630403889000,0.0
1630403919000,0.0
1630403949000,0.0
1630403979000,0.0
1630404009000,0.0
1630404039000,0.0
1630404069000,0.0
1630404099000,0.0006082725060827251
1630404129000,0.0
1630404159000,0.0
1630404189000,0.0
1630404219000,0.0
1630404249000,0.0
1630404279000,0.0
1630404309000,0.0006116207951070336
1630404339000,0.0
1630404369000,0.0
1630404399000,0.0
1630404429000,0.0006116207951070336
1630404459000,0.0
1630404489000,0.0
1630404519000,0.0
1630404549000,0.0
1630404579000,0.0006138735420503376
1630404609000,0.0
1630404639000,0.0
1630404669000,0.0005913660555884093
1630404699000,0.0005973715651135006
1630404729000,0.0
1630404759000,0.0
1630404789000,0.0
1630404819000,0.0
1630404849000,0.0005955926146515784
1630404879000,0.0
1630404909000,0.0006082725060827251
1630404939000,0.0
1630404969000,0.0
1630404999000,0.0
1630405029000,0.0005955926146515784
1630405059000,0.0
1630405089000,0.0006086427267194157
1630405119000,0.0
1630405149000,0.0
1630405179000,0.0
1630405209000,0.0006127450980392157
1630405239000,0.0
1630405269000,0.0
1630405299000,0.0
1630405329000,0.0006020469596628537
1630405359000,0.0006119951040391675
1630405389000,0.0
1630405419000,0.0
1630405449000,0.0
1630405479000,0.0
1630405509000,0.0
1630405539000,0.0005952380952380952
1630405569000,0.0
1630405599000,0.0005966587112171838
1630405629000,0.0
1630405659000,0.0
1630405689000,0.0006146281499692684
1630405719000,0.0
1630405749000,0.0006116207951070336
1630405779000,0.0
1630405809000,0.0
1630405839000,0.0
1630405869000,0.0006105006105006105
1630405899000,0.0
1630405929000,0.0006002400960384152
1630405959000,0.0
1630405989000,0.0
1630406019000,0.0005941770647653001
1630406049000,0.0
1630406079000,0.0
1630406109000,0.0
1630406139000,0.0
1630406169000,0.0
1630406199000,0.0
1630406229000,0.0
1630406259000,0.0006150061500615006
1630406289000,0.0
1630406319000,0.0005906674542232723
1630406349000,0.0
1630406379000,0.0012048192771084338
1630406409000,0.0006105006105006105
1630406439000,0.0
1630406469000,0.0005973715651135006
1630406499000,0.0
1630406529000,0.0
1630406559000,0.0006108735491753207
1630406589000,0.0
1630406619000,0.0006064281382656155
1630406649000,0.0
1630406679000,0.0
1630406709000,0.0
1630406739000,0.0
1630406769000,0.0005913660555884093
1630406799000,0.0005991611743559018
1630406829000,0.0
1630406859000,0.0
1630406889000,0.0
1630406919000,0.0006150061500615006
1630406949000,0.0006134969325153375
1630406979000,0.0
1630407009000,0.0
1630407039000,0.0
1630407069000,0.0
1630407099000,0.0006053268765133173
1630407129000,0.0
1630407159000,0.0
1630407189000,0.0005991611743559018
1630407219000,0.0
1630407249000,0.0
1630407279000,0.0
1630407309000,0.0
1630407339000,0.0
1630407369000,0.0
1630407399000,0.0
1630407429000,0.0
1630407459000,0.0
1630407489000,0.0
1630407519000,0.0
1630407549000,0.0006127450980392157
1630407579000,0.0
1630407609000,0.0
1630407639000,0.0
1630407669000,0.0006146281499692684
1630407699000,0.0005931198102016608
1630407729000,0.0
1630407759000,0.0
1630407789000,0.0
1630407819000,0.0
1630407849000,0.0
1630407879000,0.0
1630407909000,0.0
1630407939000,0.0
1630407969000,0.0006038647342995169
1630407999000,0.0
1630408029000,0.0
1630408059000,0.0006127450980392157
1630408089000,0.0
1630408119000,0.0006079027355623102
1630408149000,0.0
1630408179000,0.0
1630408209000,0.0006150061500615006
1630408239000,0.0
1630408269000,0.0005851375073142189
1630408299000,0.0
1630408329000,0.0
1630408359000,0.0006042296072507553
1630408389000,0.0
1630408419000,0.0006002400960384152
1630408449000,0.0
1630408479000,0.0
1630408509000,0.0012062726176115801
1630408539000,0.0
1630408569000,0.0
1630408599000,0.0
1630408629000,0.0006101281269066504
1630408659000,0.0006042296072507553
1630408689000,0.0006127450980392157
1630408719000,0.0006146281499692684
1630408749000,0.0006112469437652813
1630408779000,0.0
1630408809000,0.0
1630408839000,0.0
1630408869000,0.0
1630408899000,0.0
1630408929000,0.0
1630408959000,0.0006093845216331506
1630408989000,0.0
1630409019000,0.0
1630409049000,0.0006049606775559589
1630409079000,0.0005977286312014345
1630409109000,0.0
1630409139000,0.0
1630409169000,0.0
1630409199000,0.0005977286312014345
1630409229000,0.0
1630409259000,0.0
1630409289000,0.0
1630409319000,0.0
1630409349000,0.0
1630409379000,0.0
1630409409000,0.0
1630409439000,0.0011947431302270011
1630409469000,0.0
1630409499000,0.0006042296072507553
1630409529000,0.0006161429451632778
1630409559000,0.0
1630409589000,0.0
1630409619000,0.0
1630409649000,0.0
1630409679000,0.0
1630409709000,0.0
1630409739000,0.0006123698714023269
1630409769000,0.0006108735491753207
1630409799000,0.0
1630409829000,0.0
1630409859000,0.0
1630409889000,0.0
1630409919000,0.0
1630409949000,0.0005934718100890207
1630409979000,0.0
1630410009000,0.0
1630410039000,0.0
1630410069000,0.0
1630410099000,0.0
1630410129000,0.0
1630410159000,0.0
1630410189000,0.0
1630410219000,0.0
1630410249000,0.0006060606060606062
1630410279000,0.0
1630410309000,0.0
1630410339000,0.0
1630410369000,0.0
1630410399000,0.0
1630410429000,0.0
1630410459000,0.0
1630410489000,0.0
1630410519000,0.0
1630410549000,0.0
1630410579000,0.0
1630410609000,0.0
1630410639000,0.0
1630410669000,0.0005955926146515784
1630410699000,0.0
1630410729000,0.0
1630410759000,0.0
1630410789000,0.0
1630410819000,0.0006165228113440197
1630410849000,0.0
1630410879000,0.0
1630410909000,0.0
1630410939000,0.0
1630410969000,0.0
1630410999000,0.0012135922330097086
1630411029000,0.0
1630411059000,0.0
1630411089000,0.0
1630411119000,0.0
1630411149000,0.0
1630411179000,0.0006134969325153375
1630411209000,0.0
1630411239000,0.0
1630411269000,0.0
1630411299000,0.0
1630411329000,0.0
1630411359000,0.0
1630411389000,0.0
1630411419000,0.0
1630411449000,0.0
1630411479000,0.0005977286312014345
1630411509000,0.0
1630411539000,0.0006064281382656155
1630411569000,0.0006138735420503376
1630411599000,0.0
1630411629000,0.0
1630411659000,0.0
1630411689000,0.0
1630411719000,0.0
1630411749000,0.0
1630411779000,0.0
1630411809000,0.0
1630411839000,0.0005945303210463732
1630411869000,0.0005938242280285036
1630411899000,0.0006045949214026603
1630411929000,0.0
1630411959000,0.0006180469715698393
1630411989000,0.0006176652254478072
1630412019000,0.0006045949214026603
1630412049000,0.0
1630412079000,0.0
1630412109000,0.0
1630412139000,0.0
1630412169000,0.0006071645415907711
1630412199000,0.0
1630412229000,0.0
1630412259000,0.0
1630412289000,0.0
1630412319000,0.0
1630412349000,0.0006169031462060457
1630412379000,0.0
1630412409000,0.0
1630412439000,0.001195457262402869
1630412469000,0.0
1630412499000,0.0
1630412529000,0.0
1630412559000,0.0
1630412589000,0.0
1630412619000,0.0005977286312014345
1630412649000,0.0
1630412679000,0.0006067961165048543
1630412709000,0.0
1630412739000,0.0
1630412769000,0.0006123698714023269
1630412799000,0.0
1630412829000,0.0
1630412859000,0.0006031363088057902
1630412889000,0.0
1630412919000,0.0005984440454817473
1630412949000,0.0
1630412979000,0.0
1630413009000,0.0005988023952095807
1630413039000,0.0
1630413069000,0.0006097560975609756
1630413099000,0.0
1630413129000,0.0
1630413159000,0.0
1630413189000,0.0
1630413219000,0.0
1630413249000,0.0
1630413279000,0.0
1630413309000,0.0005906674542232723
1630413339000,0.0
1630413369000,0.0
1630413399000,0.0
1630413429000,0.0
1630413459000,0.0006049606775559589
1630413489000,0.0
1630413519000,0.0006146281499692684
1630413549000,0.0
1630413579000,0.0
1630413609000,0.0005988023952095807
1630413639000,0.0006067961165048543
1630413669000,0.0
1630413699000,0.0005973715651135006
1630413729000,0.0
1630413759000,0.0012353304508956149
1630413789000,0.0
1630413819000,0.0
1630413849000,0.0012187690432663009
1630413879000,0.0005885815185403178
1630413909000,0.0
1630413939000,0.0
1630413969000,0.0006153846153846153
1630413999000,0.0
1630414029000,0.0
1630414059000,0.0
1630414089000,0.0
1630414119000,0.0
1630414149000,0.0
1630414179000,0.0
1630414209000,0.0
1630414239000,0.0
1630414269000,0.0006153846153846153
1630414299000,0.0
1630414329000,0.0
1630414359000,0.0
1630414389000,0.0
1630414419000,0.0
1630414449000,0.0
1630414479000,0.0
1630414509000,0.0
1630414539000,0.0006161429451632778
1630414569000,0.0006086427267194157
1630414599000,0.0006016847172081829
1630414629000,0.0
1630414659000,0.0006075334143377885
1630414689000,0.0
1630414719000,0.0005871990604815032
1630414749000,0.0
1630414779000,0.0
1630414809000,0.0
1630414839000,0.0
1630414869000,0.0
1630414899000,0.0
1630414929000,0.0
1630414959000,0.0
1630414989000,0.0
1630415019000,0.0006049606775559589
1630415049000,0.0005899705014749262
1630415079000,0.0006016847172081829
1630415109000,0.0
1630415139000,0.0
1630415169000,0.0
1630415199000,0.0
1630415229000,0.0006097560975609756
1630415259000,0.0
1630415289000,0.0
1630415319000,0.0
1630415349000,0.0006064281382656155
1630415379000,0.0
1630415409000,0.0
1630415439000,0.0
1630415469000,0.0
1630415499000,0.0
1630415529000,0.0
1630415559000,0.0012106537530266347
1630415589000,0.0006090133982947625
1630415619000,0.0006169031462060457
1630415649000,0.0
1630415679000,0.0006002400960384152
1630415709000,0.0
1630415739000,0.0005980861244019139
1630415769000,0.0005991611743559018
1630415799000,0.0
1630415829000,0.0
1630415859000,0.0
1630415889000,0.0
1630415919000,0.0
1630415949000,0.0
1630415979000,0.0
1630416009000,0.0
1630416039000,0.0
1630416069000,0.0
1630416099000,0.0
1630416129000,0.0
1630416159000,0.0
1630416189000,0.0006097560975609756
1630416219000,0.0
1630416249000,0.0
1630416279000,0.0
1630416309000,0.0
1630416339000,0.0005998800239952009
1630416369000,0.0006119951040391675
1630416399000,0.0
1630416429000,0.0
1630416459000,0.0
1630416489000,0.0006064281382656155
1630416519000,0.0
1630416549000,0.0012106537530266347
1630416579000,0.0006013229104028864
1630416609000,0.0
1630416639000,0.0006127450980392157
1630416669000,0.0
1630416699000,0.0005934718100890207
1630416729000,0.0012012012012012011
1630416759000,0.0006020469596628537
1630416789000,0.0
1630416819000,0.0
1630416849000,0.0
1630416879000,0.0006176652254478072
1630416909000,0.0
1630416939000,0.0
1630416969000,0.0005955926146515784
1630416999000,0.0005955926146515784
1630417029000,0.0
1630417059000,0.0
1630417089000,0.0
1630417119000,0.0
1630417149000,0.001221001221001221
1630417179000,0.0
1630417209000,0.0
1630417239000,0.0
1630417269000,0.0
1630417299000,0.0
1630417329000,0.0006075334143377885
1630417359000,0.0005963029218843173
1630417389000,0.0
1630417419000,0.0
1630417449000,0.0005955926146515784
1630417479000,0.0
1630417509000,0.0006067961165048543
1630417539000,0.0
1630417569000,0.0
1630417599000,0.0005875440658049354
1630417629000,0.0
1630417659000,0.0
1630417689000,0.0
1630417719000,0.0
1630417749000,0.0
1630417779000,0.0
1630417809000,0.0006215040397762585
1630417839000,0.0006053268765133173
1630417869000,0.0
1630417899000,0.0
1630417929000,0.0
1630417959000,0.0005988023952095807
1630417989000,0.0
1630418019000,0.0
1630418049000,0.0005896226415094339
1630418079000,0.0
1630418109000,0.0
1630418139000,0.0
1630418169000,0.0
1630418199000,0.0
1630418229000,0.0
1630418259000,0.0006027727546714887
1630418289000,0.0
1630418319000,0.0005977286312014345
1630418349000,0.0005931198102016608
1630418379000,0.0
1630418409000,0.0
1630418439000,0.0
1630418469000,0.0
1630418499000,0.0
1630418529000,0.0
1630418559000,0.0006127450980392157
1630418589000,0.0006060606060606062
1630418619000,0.0
1630418649000,0.0012172854534388314
1630418679000,0.0
1630418709000,0.0
1630418739000,0.0
1630418769000,0.0
1630418799000,0.0006101281269066504
1630418829000,0.0
1630418859000,0.0006142506142506142
1630418889000,0.0
1630418919000,0.0005931198102016608
1630418949000,0.0
1630418979000,0.0
1630419009000,0.0
1630419039000,0.0006060606060606062
1630419069000,0.0006053268765133173
1630419099000,0.0
1630419129000,0.0
1630419159000,0.0005920663114268798
1630419189000,0.0
1630419219000,0.0
1630419249000,0.0006013229104028864
1630419279000,0.0006090133982947625
1630419309000,0.0
1630419339000,0.0
1630419369000,0.0
1630419399000,0.0
1630419429000,0.0
1630419459000,0.0
1630419489000,0.0
1630419519000,0.0
1630419549000,0.0006119951040391675
1630419579000,0.0
1630419609000,0.0
1630419639000,0.0
1630419669000,0.0006207324643078832
1630419699000,0.0
1630419729000,0.0006009615384615385
1630419759000,0.0
1630419789000,0.0
1630419819000,0.0
1630419849000,0.0
1630419879000,0.0
1630419909000,0.0
1630419939000,0.0
1630419969000,0.0006142506142506142
1630419999000,0.0
1630420029000,0.0
1630420059000,0.0
1630420089000,0.0006153846153846153
1630420119000,0.0
1630420149000,0.0006134969325153375
1630420179000,0.0005934718100890207
1630420209000,0.0006119951040391675
1630420239000,0.0006024096385542169
1630420269000,0.0
1630420299000,0.0006049606775559589
1630420329000,0.0
1630420359000,0.0
1630420389000,0.0005878894767783657
1630420419000,0.0
1630420449000,0.0
1630420479000,0.0
1630420509000,0.0
1630420539000,0.0
1630420569000,0.0
1630420599000,0.0006146281499692684
1630420629000,0.0
1630420659000,0.0
1630420689000,0.0006146281499692684
1630420719000,0.0
1630420749000,0.0
1630420779000,0.0
1630420809000,0.0006138735420503376
1630420839000,0.0
1630420869000,0.0
1630420899000,0.0
1630420929000,0.0006053268765133173
1630420959000,0.0
1630420989000,0.0005984440454817473
1630421019000,0.0
1630421049000,0.0
1630421079000,0.0
1630421109000,0.0006172839506172839
1630421139000,0.0
1630421169000,0.0
1630421199000,0.0
1630421229000,0.0
1630421259000,0.0
1630421289000,0.0006165228113440197
1630421319000,0.0006056935190793457
1630421349000,0.0005934718100890207
1630421379000,0.0006042296072507553
1630421409000,0.0
1630421439000,0.0006116207951070336
1630421469000,0.0
1630421499000,0.0006020469596628537
1630421529000,0.0006067961165048543
1630421559000,0.0
1630421589000,0.0
1630421619000,0.0006082725060827251
1630421649000,0.0
1630421679000,0.0
1630421709000,0.0
1630421739000,0.0
1630421769000,0.0005970149253731342
1630421799000,0.0012165450121654502
1630421829000,0.0
1630421859000,0.0
1630421889000,0.0
1630421919000,0.0005952380952380952
1630421949000,0.0
1630421979000,0.0006002400960384152
1630422009000,0.0
1630422039000,0.0
1630422069000,0.0006123698714023269
1630422099000,0.0
1630422129000,0.0
1630422159000,0.0
1630422189000,0.0006079027355623102
1630422219000,0.0012187690432663009
1630422249000,0.0
1630422279000,0.0005966587112171838
1630422309000,0.0
1630422339000,0.0
1630422369000,0.0
1630422399000,0.0
1630422429000,0.0005892751915144372
1630422459000,0.0006086427267194157
1630422489000,0.0
1630422519000,0.0
1630422549000,0.0
1630422579000,0.0
1630422609000,0.0006097560975609756
1630422639000,0.0006045949214026603
1630422669000,0.0
1630422699000,0.0
1630422729000,0.0006009615384615385
1630422759000,0.0
1630422789000,0.0
1630422819000,0.0
1630422849000,0.0006016847172081829
1630422879000,0.0
1630422909000,0.0
1630422939000,0.0
1630422969000,0.0006195786864931846
1630422999000,0.0
1630423029000,0.0
1630423059000,0.0
1630423089000,0.0006097560975609756
1630423119000,0.0
1630423149000,0.0006035003017501509
1630423179000,0.0
1630423209000,0.0
1630423239000,0.0
1630423269000,0.0006042296072507553
1630423299000,0.0
1630423329000,0.0
1630423359000,0.0006127450980392157
1630423389000,0.0006108735491753207
1630423419000,0.0
1630423449000,0.0
1630423479000,0.0
1630423509000,0.0006020469596628537
1630423539000,0.0006024096385542169
1630423569000,0.0
1630423599000,0.0
1630423629000,0.0
1630423659000,0.0
1630423689000,0.0
1630423719000,0.0
1630423749000,0.0
1630423779000,0.0006031363088057902
1630423809000,0.0006035003017501509
1630423839000,0.0
1630423869000,0.0005945303210463732
1630423899000,0.0
1630423929000,0.0
1630423959000,0.0
1630423989000,0.0
1630424019000,0.0
1630424049000,0.0006013229104028864
1630424079000,0.0
1630424109000,0.0
1630424139000,0.0
1630424169000,0.0
1630424199000,0.0
1630424229000,0.0
1630424259000,0.0006153846153846153
1630424289000,0.0
1630424319000,0.0006013229104028864
1630424349000,0.0
1630424379000,0.0
1630424409000,0.0
1630424439000,0.0006035003017501509
1630424469000,0.0006134969325153375
1630424499000,0.0
1630424529000,0.0
1630424559000,0.0006082725060827251
1630424589000,0.0005995203836930455
1630424619000,0.0
1630424649000,0.0
1630424679000,0.0
1630424709000,0.0
1630424739000,0.0
1630424769000,0.0
1630424799000,0.0
1630424829000,0.0006172839506172839
1630424859000,0.0006024096385542169
1630424889000,0.0
1630424919000,0.0005927682276229994
1630424949000,0.0
1630424979000,0.0012084592145015106
1630425009000,0.0
1630425039000,0.0005966587112171838
1630425069000,0.0
1630425099000,0.0
1630425129000,0.0
1630425159000,0.0
1630425189000,0.0006153846153846153
1630425219000,0.0
1630425249000,0.0006016847172081829
1630425279000,0.0
1630425309000,0.0006142506142506142
1630425339000,0.0
1630425369000,0.0006090133982947625
1630425399000,0.0006013229104028864
1630425429000,0.0
1630425459000,0.0
1630425489000,0.0
1630425519000,0.0
1630425549000,0.0
1630425579000,0.0006079027355623102
